0.1742,0.021195,0.021195,0.072198,0.1742,0.1742,0.1742,0.19971,0.1742,0.1232,0.1232,0.1487,0.1232,0.27621,0.25071,0.1232,0.19971,0.22521,0.32721,-0.28482,0.072198,0.0977,0.046696,0.27621,-0.080812,0.1742,0.37822,0.072198,0.0977,0.30171,0.25071,0.42922,0.22521,-0.15732,-0.28482,0.19971,0.1232,0.42922,0.19971,-0.029808,0.0977,-0.25932,-0.10631,0.25071,0.19971,0.50573,0.50573,0.37822,0.021195,-0.31033,0.1232,0.1742,0.55673,0.55673,-0.18282,-0.23382,-1.2029,2.5714,1.2453,-0.48884,0.70974,-0.94787,-1.9424,-1.6109,-0.05531,1.7808,1.3728,0.48022,1.3728,-0.48884,-0.25932,0.046696,-6.1757,5.6826,7.3912,-1.6619,-3.1665,-0.76936,-0.97337,-0.48884,0.91375,6.2691,0.1487,-5.8187,-3.9316,2.8264,7.6462,0.65874,-1.3304,-1.0244,-4.1356,0.99026,2.3673,-0.89686,1.5513,-0.99887,-1.6109,-0.92237,-0.05531,0.25071,1.3473,1.1178,1.9338,1.6278,4.892,0.1232,-3.0645,-3.447,-3.0135,0.27621,0.91375,-2.0699,3.3874,1.4238,0.73524,0.93925,-0.36133,-0.82036,-0.38683,0.22521,-0.05531,-0.33583,-0.38683,0.30171,0.65874,-0.20832,-0.71835,2.2398,2.1378,-0.23382,-1.0499,-0.23382,0.1742,0.22521,0.50573,-0.66735,-0.28482,-0.69285,-0.25932,0.25071,0.60773,0.68424,0.83725,0.50573,-0.10631,0.40372,-0.10631,-0.004307,0.48022,0.68424,-0.20832,-0.28482,-0.59084,-0.59084,-0.10631,0.68424,0.91375,1.8828,-0.080812,-0.48884,-0.46334,-0.38683,0.22521,-0.029808,0.30171,0.1232,0.35272,0.37822,-0.080812,0.32721,0.42922,-0.20832,-0.13181,0.1742,0.63323,0.53123,-0.004307,-0.38683,-0.080812,-0.15732,0.32721,0.22521,0.22521,0.40372,1.0413,0.45472,0.1487,-0.18282,0.1232,-0.53984,-2.0189,-0.79486,1.7808,2.9029,0.30171,-0.23382,-0.13181,0.40372,0.021195,-0.66735,-0.79486,-0.66735,0.35272,0.0977,0.25071,0.50573,0.63323,0.58223,0.22521,0.53123,0.42922,0.50573,-0.41233,-0.46334,0.021195,0.19971,-0.36133,0.046696,0.48022,0.42922,-0.029808,0.53123,0.78624,0.81175,-0.36133,-0.56534,-0.92237,1.1433,0.27621,-0.33583,0.1487,0.1232,0.83725,0.86275,0.32721,-0.48884,-0.53984,-0.080812,0.81175,0.27621,0.046696,0.32721,0.021195,0.40372,-0.13181,-0.25932,0.32721,0.37822,0.32721,0.021195,0.60773,-0.84586,-0.38683,0.021195,0.53123,0.50573,0.86275,-0.13181,-0.97337,-1.2539,1.9848,1.4493,0.60773,-0.61635,-0.38683,-0.92237,0.65874,-0.080812,0.1232,-0.20832,0.42922,0.072198,0.22521,0.22521,0.68424,0.48022,0.35272,0.40372,0.53123,-0.004307,-0.05531,-0.36133,-0.18282,0.53123,-0.28482,0.63323,0.48022,-0.33583,-0.20832,-0.43783,-0.10631,0.86275,1.5003,-0.92237,0.78624,0.1487,-0.99887,-0.38683,-0.53984,2.0613,0.96476,-0.64185,-0.18282,-0.004307,0.22521,-0.69285,-0.59084,0.60773,0.25071,-0.080812,-0.05531,0.53123,1.0923,0.93925,-0.029808,-0.13181,0.25071,-0.10631,0.046696,-0.13181,0.48022,0.27621,-0.18282,0.072198,-0.31033,-0.46334,-0.48884,-0.004307,0.1487,1.2453,0.99026,-0.029808,-0.20832,-0.23382,0.19971,0.68424,0.35272,-0.080812,0.37822,0.81175,-0.080812,-0.61635,-1.1264,0.48022,1.3473,-0.20832,0.40372,0.35272,-0.18282,1.1943,0.19971,-0.51434,-0.48884,0.45472,-0.080812,-0.71835,0.19971,0.22521,0.73524,0.42922,0.63323,-0.20832,-0.20832,0.30171,0.68424,-0.59084,0.53123,0.40372,0.25071,0.1232,-0.31033,0.58223,0.42922,-0.43783,-0.76936,-0.51434,-0.029808,0.65874,-0.28482,-0.080812,0.99026,1.4238,0.53123,-0.15732,-0.87136,0.42922,0.40372,-0.89686,-0.48884,0.53123,1.7553,0.37822,-0.53984,-0.53984,-0.05531,0.32721,0.1232,0.45472,0.32721,0.37822,-0.080812,-0.080812,0.30171,0.046696,-0.53984,1.0158,1.0158,0.25071,-0.38683,-0.05531,0.19971,-0.05531,-0.41233,-0.36133,-0.43783,0.99026,0.22521,1.0158,0.99026,-0.41233,-0.76936,-0.43783,0.22521,0.19971,0.37822,0.32721,0.22521,0.1742,0.37822,0.32721,0.40372,0.68424,-0.10631,-0.23382,0.42922,-0.10631,0.22521,-0.71835,0.27621,-0.20832,-0.31033,0.81175,1.1688,-0.28482,-0.43783,-0.28482,-0.23382,-0.080812,0.55673,0.63323,0.021195,0.81175,-0.15732,0.40372,0.42922,0.50573,0.99026,0.35272,0.021195,-1.2029,-0.53984,0.73524,0.072198,-0.05531,0.63323,0.1232,-0.64185,0.25071,0.1232,0.70974,-0.13181,-0.38683,0.45472,0.19971,0.73524,-0.004307,0.072198,-0.28482,-0.48884,0.60773,0.1487,0.53123,0.27621,0.86275,0.83725,0.45472,-0.25932,-1.0499,-1.0244,0.1232,0.68424,0.45472,0.40372,1.0413,-0.61635,0.40372,0.53123,0.1742,-0.53984,-0.18282,-0.43783,-0.46334,-0.36133,0.83725,1.1178,0.58223,0.30171,-0.05531,-0.28482,0.046696,0.19971,0.42922,0.55673,0.96476,-0.48884,0.27621,0.53123,-0.004307,-0.38683,-0.004307,-0.10631,-0.28482,0.0977,0.70974,0.60773,0.1487,0.22521,-0.28482,0.42922,0.1487,0.42922,0.65874,-0.080812,-0.79486,0.1487,0.0977,0.0977,-0.20832,0.1742,0.55673,0.53123,0.40372,0.42922,-0.05531,-0.31033,-0.05531,0.27621,0.22521,0.1232,0.83725,0.25071,-0.28482,0.78624,0.25071,-0.48884,-0.41233,-0.080812,-1.6619,2.5969,1.3983,0.072198,0.046696,-0.13181,-1.1009,-0.66735,-1.4324,0.37822,0.73524,0.50573,0.91375,1.6533,0.25071,-0.004307,-0.28482,-0.61635,0.046696,-0.13181,0.19971,0.19971,0.32721,0.27621,-0.080812,0.1487,0.76074,0.93925,1.0668,-0.36133,-0.74385,-0.64185,-0.25932,-0.28482,-0.25932,0.072198,1.0668,1.8318,-0.13181,-0.53984,-0.20832,0.1232,0.1487,0.1232,0.27621,-0.28482,0.0977,0.73524,0.48022,0.30171,0.0977,0.021195,-0.20832,0.1487,-0.15732,0.1487,0.53123,0.83725,0.32721,-0.18282,0.35272,0.53123,-0.43783,-0.76936,-0.004307,0.1232,0.046696,0.35272,-0.13181,0.32721,0.48022,1.1433,0.63323,-0.10631,-0.48884,-0.74385,-0.10631,0.86275,0.22521,0.78624,0.37822,-0.28482,-0.69285,-0.23382,-0.18282,-0.20832,-0.13181,0.91375,0.63323,0.58223,-0.31033,0.046696,0.072198,-0.79486,0.91375,0.93925,0.50573,-0.13181,0.32721,0.48022,0.1232,-0.46334,-1.5089,-0.48884,0.65874,0.072198,0.021195,0.58223,0.65874,0.1232,1.0413,1.1433,0.22521,-1.1264,-0.46334,0.45472,0.50573,0.37822,0.78624,0.70974,-0.15732,-0.79486,-0.94787,0.35272,0.046696,0.32721,0.63323,0.53123,-0.48884,0.60773,0.021195,-0.18282,0.30171,0.58223,0.1232,0.1487,0.37822,0.072198,-0.004307,-0.029808,0.22521,0.021195,-0.05531,-1.6874,1.0158,1.1943,0.81175,-0.080812,-0.38683,-0.53984,-0.46334,-0.10631,1.5258,1.2453,-0.080812,-0.36133,-0.25932,0.0977,0.1232,0.072198,0.1232,0.50573,1.0413,0.021195,-0.56534,-0.25932,-0.004307,0.30171,0.22521,0.25071,-0.28482,-0.080812,-0.10631,1.0158,0.35272,0.30171,0.19971,0.32721,-0.38683,-0.15732,0.19971,-0.46334,0.40372,0.1742,-0.28482,-0.28482,0.30171,0.81175,0.021195,0.1742,-0.080812,-0.080812,-0.05531,-0.18282,0.1742,-0.41233,0.93925,0.88825,-0.18282,0.1742,0.48022,-0.080812,0.021195,0.072198,0.30171,0.046696,0.021195,0.1232,-0.13181,-0.029808,-0.10631,0.32721,1.2963,0.60773,-0.31033,-0.92237,0.50573,0.48022,0.37822,0.48022,-0.28482,-0.64185,-0.36133,0.60773,0.19971,-0.36133,-0.004307,0.27621,0.40372,0.42922,0.53123,0.1232,0.37822,0.45472,0.73524,-0.20832,-0.48884,-0.41233,-0.23382,0.1487,0.70974,0.91375,0.70974,0.45472,-0.28482,-0.69285,-0.71835,-0.38683,0.73524,1.2453,0.63323,-0.33583,-0.46334,0.25071,0.22521,0.27621,0.27621,0.40372,0.53123,0.0977,-0.080812,0.32721,-0.36133,0.27621,0.53123,-0.61635,1.0668,0.53123,0.1232,-1.2029,0.1742,0.53123,-0.13181,0.046696,-0.10631,0.30171,0.70974,0.021195,-0.10631,-0.10631,-0.43783,0.53123,1.0158,0.50573,-0.46334,0.0977,0.0977,0.40372,0.35272,0.32721,-0.31033,-0.48884,-0.004307,0.42922,0.93925,-0.18282,0.021195,-0.13181,-1.2029,1.1688,1.9848,-0.18282,0.27621,0.19971,-0.25932,-0.31033,-0.66735,-1.2794,-0.28482,1.8318,0.65874,0.1742,0.30171,0.19971,0.40372,-0.18282,0.68424,0.60773,-1.5344,1.6788,1.2453,-0.89686,-0.51434,0.072198,-0.10631,0.021195,0.22521,-0.28482,-0.31033,-0.74385,-0.05531,0.65874,1.3218,-2.4015,4.6115,1.8573,0.046696,-0.51434,-0.46334,-0.46334,-0.23382,-0.31033,-1.0244,-0.41233,0.32721,0.60773,1.3473,1.2708,0.81175,-0.41233,-0.15732,-1.3304,-1.2284,0.072198,1.0158,0.65874,0.30171,0.19971,-0.05531,0.1232,0.0977,-0.38683,0.73524,-0.33583,1.0923,1.3473,0.58223,0.22521,0.021195,-0.71835,0.046696,-0.33583,-0.46334,0.0977,-0.029808,0.42922,0.48022,0.0977,-0.79486,-0.46334,0.88825,0.93925,0.27621,0.32721,0.50573,0.25071,0.45472,-0.56534,-0.28482,-0.15732,0.53123,-0.28482,2.2398,2.0358,-0.38683,-1.3304,-0.97337,-0.51434,0.76074,0.19971,-0.46334,0.22521,0.55673,0.83725,0.32721,0.1487,-0.080812,0.22521,0.65874,0.93925,0.046696,0.0977,-0.20832,-0.31033,-0.43783,0.1232,-0.080812,0.65874,-0.004307,-0.25932,-0.004307,0.63323,0.53123,0.55673,-0.25932,-0.36133,0.1742,0.35272,0.22521,0.68424,0.53123,-0.029808,0.046696,0.42922,0.046696,-0.18282,-0.13181,-0.38683,0.1232,-0.029808,1.1943,0.25071,0.0977,0.25071,0.1742,-0.25932,-0.25932,-0.004307,-0.10631,-0.31033,0.91375,0.45472,1.4748,0.55673,-0.23382,-0.59084,-0.59084,-0.56534,-0.080812,-0.029808,1.2453,0.0977,-0.84586,1.1688,1.2198,0.58223,0.70974,-0.28482,-0.79486,-0.74385,-0.25932,-0.15732,0.55673,0.27621,0.30171,0.65874,-0.20832,0.1232,0.42922,0.27621,0.1487,-0.10631,-0.46334,-0.13181,0.37822,0.99026,0.1487,0.072198,-0.20832,0.53123,1.2198,-0.029808,-0.080812,0.1232,-0.029808,0.19971,-0.31033,-0.31033,-0.94787,0.65874,-0.05531,1.7043,0.35272,-0.080812,-0.33583,0.40372,0.63323,-0.36133,-0.15732,0.1232,0.53123,0.27621,0.19971,-0.05531,-0.18282,-0.18282,0.1232,0.45472,0.22521,0.046696,-0.28482,0.86275,0.68424,0.30171,-0.66735,-0.15732,-0.28482,-0.33583,0.19971,0.37822,0.81175,-0.23382,-0.18282,-0.41233,0.86275,0.65874,0.32721,0.55673,0.25071,0.37822,-0.10631,-0.74385,-0.56534,0.021195,0.81175,0.68424,0.70974,-0.004307,-0.43783,-0.20832,0.37822,0.45472,-0.25932,-0.41233,-0.18282,0.25071,0.42922,0.40372,0.70974,0.91375,0.55673,-0.029808,-0.33583,-0.79486,0.48022,-0.92237,0.1232,0.78624,1.6533,0.73524,0.45472,-0.20832,-0.71835,-0.69285,-0.79486,-0.36133,0.48022,0.83725,-0.004307,0.70974,0.25071,0.96476,0.30171,-0.28482,0.55673,0.45472,-0.05531,-0.82036,-0.79486,-0.31033,0.1742,0.32721,0.48022,0.1232,0.83725,0.55673,0.60773,0.021195,0.32721,0.072198,0.0977,-0.41233,-0.36133,0.30171,0.42922,0.45472,0.22521,0.1232,-0.28482,-0.97337,0.25071,0.1742,0.48022,0.86275,0.86275,0.78624,0.021195,-0.36133,-0.87136,-0.84586,-0.10631,1.2963,-0.28482,-0.25932,-0.15732,1.0413,0.37822,1.0413,0.22521,-0.004307,0.40372,-0.15732,0.021195,0.27621,-0.20832,-0.33583,-0.25932,0.58223,0.53123,0.48022,0.27621,-0.64185,-0.87136,0.021195,0.55673,1.2198,0.73524,0.42922,-0.20832,-0.31033,-0.28482,-1.3814,1.4493,0.99026,-0.41233,-0.23382,0.0977,-0.41233,1.1688,1.1433,0.046696,-0.18282,-0.18282,-0.28482,0.40372,0.58223,-0.13181,-0.33583,-0.28482,0.37822,1.3473,-0.029808,-0.89686,-0.004307,0.78624,1.5513,0.32721,0.19971,0.021195,-0.48884,-0.69285,-0.38683,-0.23382,1.7298,1.1433,0.046696,-0.41233,-0.46334,-0.004307,0.1742,-0.004307,0.73524,1.2963,-0.46334,0.32721,-0.080812,0.0977,0.22521,0.0977,0.021195,-0.004307,0.25071,0.50573,0.40372,-0.31033,-0.69285,-0.76936,0.32721,0.25071,0.99026,1.1688,0.48022,-0.23382,-0.004307,0.27621,0.42922,-0.23382,0.37822,-0.69285,-1.6109,0.45472,1.5513,0.40372,-1.2794,0.63323,-0.41233,0.88825,0.021195,-0.15732,0.072198,0.072198,0.40372,0.58223,0.30171,-0.66735,-0.10631,1.2963,0.63323,-0.31033,-0.18282,-0.46334,-0.74385,0.42922,1.1433,0.30171,0.046696,-0.61635,1.3473,0.78624,-2.886,-1.6109,0.58223,0.81175,3.2599,3.6679,0.32721,-1.1009,-1.6874,-1.7129,0.32721,0.68424,0.32721,0.76074,-1.5599,0.35272,0.55673,0.35272,-0.15732,1.5003,1.6533,0.1232,-0.69285,-0.33583,0.73524,-0.28482,-1.8659,-0.61635,0.45472,0.65874,1.2963,1.2453,0.22521,0.27621,0.32721,-0.20832,0.1742,-1.1009,-0.61635,0.1487,0.1232,0.76074,-0.10631,0.30171,0.40372,-0.79486,0.91375,0.32721,0.25071,0.1232,-0.20832,-0.004307,-0.13181,0.1742,0.25071,0.70974,0.0977,-0.28482,1.8573,-0.74385,-1.5344,0.1232,0.78624,0.35272,0.58223,0.1742,-0.89686,-0.20832,1.1433,1.1178,-0.53984,0.35272,0.76074,-0.94787,-1.1009,0.1232,0.70974,0.73524,0.42922,0.1742,0.88825,0.32721,0.30171,0.072198,-0.97337,-0.43783,-0.080812,-0.38683,0.0977,0.60773,0.76074,1.0668,0.0977,0.27621,0.0977,-0.004307,-0.61635,-0.28482,-0.080812,0.91375,0.93925,0.65874,0.45472,0.1487,-0.97337,-0.28482,0.1487,0.046696,-0.029808,0.021195,-0.25932,-0.004307,1.1943,1.5003,1.0923,-0.18282,-0.38683,-1.1264,-0.74385,-0.13181,0.58223,-0.28482,0.60773,1.2453,0.60773,-0.20832,-0.13181,0.072198,0.1232,0.0977,0.0977,-0.15732,-0.15732,0.19971,-0.15732,-0.15732,0.1232,0.58223,0.55673,0.58223,0.76074,0.48022,0.021195,-0.84586,-0.23382,0.19971,-0.38683,-0.080812,0.32721,0.58223,0.30171,0.22521,0.1232,0.32721,0.27621,0.0977,0.32721,0.072198,-0.38683,0.42922,0.25071,0.35272,-0.28482,-0.38683,-0.15732,-0.13181,0.73524,1.1433,0.70974,0.53123,-0.05531,-0.13181,-0.080812,0.021195,-0.31033,-0.28482,-0.25932,0.32721,0.072198,0.021195,0.93925,0.88825,-0.18282,-0.20832,0.1742,1.2453,-0.38683,-1.1009,-0.20832,1.1433,-0.41233,-0.64185,-0.15732,0.42922,1.0158,0.88825,0.91375,-0.18282,-0.10631,-0.05531,-0.20832,0.30171,0.22521,-0.38683,-0.38683,-0.51434,0.046696,0.70974,0.60773,0.93925,1.1943,-0.004307,-0.41233,-0.94787,0.25071,0.50573,0.53123,0.1742,0.22521,0.1232,-0.25932,-0.13181,0.072198,-0.10631,-0.004307,0.072198,0.021195,0.1232,0.96476,0.58223,0.76074,0.50573,-0.28482,-0.82036,0.32721,-0.20832,-0.46334,-0.10631,0.48022,-0.05531,0.046696,0.25071,0.76074,1.5768,-0.31033,-0.36133,-0.15732,0.35272,0.37822,-0.004307,-0.43783,-0.71835,0.99026,0.35272,-0.080812,0.072198,-0.05531,0.83725,0.60773,0.37822,-0.64185,-0.28482,0.65874,0.48022,-0.23382,-0.61635,0.96476,-0.18282,-0.080812,0.27621,0.48022,0.32721,0.021195,-0.31033,-0.004307,0.25071,0.48022,0.55673,0.021195,-0.31033,0.0977,0.25071,-0.004307,0.22521,0.37822,0.53123,0.32721,-0.23382,0.19971,0.27621,0.0977,-0.080812,-0.029808,0.60773,0.88825,0.19971,-0.33583,-0.53984,-0.004307,-0.15732,0.35272,0.63323,0.0977,0.0977,0.96476,0.68424,0.072198,-0.05531,0.1487,0.021195,-0.23382,-0.20832,0.1487,0.37822,0.35272,-0.18282,0.1232,0.30171,0.53123,0.40372,0.1487,0.1232,0.42922,0.30171,-0.004307,-0.23382,-0.20832,0.37822,0.27621,-0.33583,-0.41233,0.072198,0.25071,0.63323,0.50573,0.35272,0.30171,0.22521,-0.66735,-0.10631,-0.029808,0.1487,0.42922,0.91375,0.42922,-0.029808,-0.18282,-0.004307,-0.36133,0.0977,0.072198,0.072198,0.1232,0.25071,0.58223,0.19971,0.021195,0.021195,0.30171,0.30171,-0.20832,0.1232,0.30171,0.60773,-0.05531,0.1232,0.1742,0.1742,0.046696,-0.25932,-0.23382,0.27621,0.0977,0.25071,0.37822,0.37822,-0.05531,0.072198,0.53123,0.73524,0.30171,-0.18282,-0.18282,0.48022,-0.48884,-0.33583,0.35272,0.73524,0.50573,0.1742,0.072198,-0.28482,-0.029808,0.1232,-0.38683,-0.48884,0.25071,0.48022,0.046696,0.42922,1.0668,0.63323,-0.004307,-0.080812,0.42922,0.072198,-0.15732,-0.48884,-0.38683,0.072198,0.30171,0.40372,0.32721,0.42922,0.1232,0.1232,0.021195,0.046696,0.1487,0.55673,-0.23382,-0.080812,-0.080812,0.53123,0.27621,0.40372,-0.004307,-0.20832,-0.029808,0.22521,0.35272,0.42922,-0.029808,0.046696,-0.13181,-0.029808,-0.080812,0.0977,0.27621,1.5258,0.63323,-0.69285,0.45472,-0.029808,-0.28482,-0.20832,-0.05531,0.25071,0.1742,0.1742,-0.13181,0.27621,0.58223,0.73524,0.50573,0.25071,-0.33583,-0.66735,-0.28482,0.1487,0.60773,0.45472,0.58223,0.1232,-0.28482,0.1232,-0.15732,-0.080812,0.58223,0.25071,0.0977,-0.20832,-0.004307,0.32721,0.63323,0.32721,-0.43783,-0.10631,0.25071,0.58223,0.48022,0.30171,0.072198,0.072198,-0.23382,-0.080812,0.021195,-0.20832,0.072198,0.42922,0.53123,-0.28482,-0.28482,0.86275,0.0977,0.021195,0.25071,0.37822,0.30171,0.22521,0.19971,-0.13181,0.32721,-0.46334,-0.38683,0.046696,-0.28482,-0.004307,-0.15732,0.96476,0.42922,0.40372,0.50573,0.1232,-0.05531,0.1232,0.021195,0.1742,-0.33583,-0.029808,0.55673,0.65874,0.19971,-0.004307,0.072198,0.42922,0.072198,-0.080812,0.0977,-0.10631,-0.029808,-0.080812,-0.23382,-0.23382,0.65874,1.1433,0.91375,-0.13181,-0.18282,0.021195,0.072198,0.1742,0.1487,0.40372,0.1232,-0.004307,-0.15732,-0.10631,0.25071,0.40372,0.22521,-0.05531,0.25071,0.19971,0.1232,0.0977,-0.48884,0.22521,0.37822,0.65874,0.1232,0.021195,0.1232,0.53123,-0.029808,-0.38683,0.046696,0.32721,0.35272,0.27621,0.37822,0.0977,-0.080812,-0.029808,-0.10631,-0.080812,0.021195,0.63323,0.1232,0.021195,0.1487,0.32721,0.63323,0.046696,0.37822,0.0977,0.046696,-0.31033,-0.05531,-0.080812,0.27621,0.65874,0.1232,-0.15732,-0.13181,0.25071,0.021195,0.22521,0.35272,0.1232,0.45472,0.32721,0.19971,-0.36133,-0.48884,-0.33583,0.1487,0.70974,1.5513,0.68424,-0.23382,-0.31033,-0.029808,0.19971,0.072198,0.021195,0.072198,0.27621,0.22521,0.1232,0.1742,0.1232,0.42922,0.1232,0.1232,0.35272,-0.18282,-0.10631,0.1742,0.32721,-0.05531,0.046696,0.021195,0.58223,0.19971,0.072198,0.021195,-0.004307,0.072198,0.1232,0.30171,0.70974,0.40372,-0.41233,0.1232,-0.18282,0.22521,0.1742,-0.20832,0.1487,0.1232,0.1487,0.1742,0.42922,0.25071,0.021195,-0.080812,0.1487,0.22521,0.68424,0.32721,0.021195,-0.05531,-0.13181,0.046696,0.25071,-0.23382,-0.18282,0.40372,0.55673,1.2963,0.1742,-0.59084,0.1232,0.45472,-0.10631,-0.74385,-0.61635,-0.13181,0.45472,0.55673,0.78624,0.83725,0.45472,0.40372,-0.31033,-0.46334,-0.48884,-0.080812,0.19971,0.30171,0.45472,0.35272,-0.15732,0.0977,0.021195,0.072198,0.40372,0.25071,0.50573,0.35272,0.27621,0.072198,-0.004307,-0.029808,-0.48884,-0.28482,0.046696,0.22521,-0.080812,0.42922,0.93925,0.88825,0.021195,-0.25932,-0.080812,-0.080812,0.1487,0.0977,-0.18282,-0.38683,-0.23382,-0.004307,0.45472,0.68424,0.32721,0.83725,0.1232,-0.28482,-0.18282,0.021195,-0.20832,-0.13181,0.27621,-0.23382,0.021195,0.45472,1.1433,0.072198,-0.15732,0.22521,-0.13181,-0.43783,-0.23382,0.50573,0.68424,0.48022,0.1742,0.22521,0.0977,0.046696,-0.080812,-0.84586,-0.69285,0.76074,1.4238,0.32721,-0.18282,-0.13181,0.046696,0.072198,-0.080812,-0.080812,-0.23382,-0.004307,0.37822,0.96476,1.0923,0.0977,-0.43783,-0.13181,-0.029808,-0.05531,0.046696,0.37822,-0.080812,0.35272,0.0977,0.30171,-0.18282,-0.05531,0.1232,0.50573,0.1742,-0.004307,0.22521,0.42922,0.42922,0.53123,-0.10631,-0.080812,0.021195,-0.029808,0.27621,0.046696,0.22521,0.1742,0.0977,-0.61635,-0.004307,1.3473,1.2198,-0.64185,-0.33583,-0.05531,-0.004307,0.046696,0.021195,-0.029808,0.1742,0.91375,0.73524,0.27621,-0.51434,-0.38683,-0.13181,0.046696,0.046696,-0.004307,1.0158,0.30171,0.86275,-0.080812,-0.029808,-0.33583,-0.33583,-0.25932,0.046696,0.70974,0.1742,0.27621,0.55673,0.1232,-0.18282,-0.28482,0.30171,0.40372,0.42922,0.046696,0.046696,0.1487,0.1232,-0.080812,-0.080812,0.53123,-0.20832,0.32721,0.63323,0.19971,-0.28482,0.27621,0.021195,0.22521,0.0977,0.0977,0.072198,0.53123,0.32721,-0.36133,0.072198,0.22521,0.40372,0.45472,0.42922,0.32721,0.27621,-0.13181,-0.69285,0.021195,0.63323,0.60773,-0.10631,0.1742,0.25071,-0.004307,0.072198,-0.004307,0.55673,1.4748,0.0977,0.96476,0.021195,-0.66735,-0.74385,-0.28482,-0.69285,-0.66735,-0.004307,0.19971,0.88825,0.68424,0.88825,0.60773,0.30171,0.35272,-0.51434,-0.51434,-0.33583,0.63323,0.53123,0.27621,0.021195,-0.28482,0.046696,0.1742,0.072198,0.046696,-0.23382,0.1232,0.45472,0.32721,0.22521,0.70974,0.70974,0.25071,-0.51434,-0.43783,-0.20832,-0.33583,-0.28482,0.1742,1.3473,0.76074,0.32721,0.27621,-0.13181,-0.13181,-0.23382,-0.38683,-0.18282,0.55673,0.32721,0.1487,0.63323,1.0413,0.83725,0.0977,-0.46334,-1.0244,-0.79486,-0.28482,0.50573,0.42922,0.42922,0.1487,0.37822,0.27621,0.81175,0.42922,0.1742,0.1232,0.25071,0.1232,-0.28482,-0.15732,0.40372,0.1232,0.1232,0.021195,0.19971,0.37822,-0.05531,0.1232,-0.53984,-0.43783,0.40372,0.55673,0.32721,0.1742,0.73524,0.53123,0.37822,-0.029808,-0.38683,-0.43783,-0.080812,-0.05531,0.45472,0.58223,0.32721,0.30171,0.021195,0.27621,-0.18282,0.1742,-0.41233,-0.33583,0.1742,-0.004307,0.45472,0.81175,0.30171,0.072198,-0.004307,-0.31033,-0.25932,0.37822,0.60773,0.73524,0.42922,0.072198,0.1232,-0.15732,0.0977,-0.51434,-0.10631,-0.25932,0.021195,0.48022,0.30171,0.22521,0.0977,0.046696,0.32721,0.27621,0.60773,0.25071,0.27621,0.30171,0.072198,0.27621,0.25071,-0.48884,-0.25932,-0.18282,-0.05531,-0.38683,0.76074,0.99026,0.42922,-0.10631,0.046696,0.48022,-0.28482,-0.36133,-0.10631,0.1232,0.25071,0.63323,0.48022,0.50573,-0.029808,-0.28482,0.1232,0.072198,0.1232,0.22521,-0.15732,-0.10631,0.1232,0.58223,0.65874,0.22521,0.1742,0.19971,0.27621,0.22521,-0.029808,0.0977,-0.004307,0.1742,-0.23382,0.30171,0.1487,-0.10631,0.32721,0.072198,-0.10631,-0.080812,0.1232,0.73524,0.76074,0.1232,-0.13181,-0.15732,-0.13181,-0.05531,0.021195,-0.004307,0.48022,0.76074,0.50573,-0.18282,-0.28482,0.021195,-0.004307,0.32721,0.0977,-0.029808,-0.13181,0.22521,0.42922,0.68424,-0.18282,-0.080812,-0.10631,0.30171,0.072198,-0.004307,0.35272,0.40372,0.58223,0.19971,-0.28482,-0.53984,-0.31033,-0.25932,0.86275,1.3473,0.40372,-0.10631,-0.05531,-0.31033,-0.23382,-0.080812,0.35272,0.53123,0.76074,0.22521,0.046696,-0.05531,-0.23382,0.0977,0.021195,0.42922,0.78624,0.0977,0.0977,-0.05531,-0.28482,-0.05531,0.1232,0.27621,0.58223,0.27621,0.37822,-0.18282,-0.31033,-0.080812,0.021195,0.1232,0.37822,0.27621,0.25071,0.48022,0.1487,0.046696,0.021195,0.27621,-0.10631,0.22521,0.22521,0.50573,0.19971,0.1487,0.19971,0.1232,-0.080812,-0.13181,0.1742,0.072198,0.19971,0.1232,-0.18282,-0.51434,-0.18282,0.53123,1.1178,0.45472,-0.33583,0.45472,0.58223,0.021195,0.19971,-0.36133,-0.41233,-0.20832,-0.080812,-0.080812,0.27621,0.1742,0.63323,0.88825,0.81175,0.27621,-0.31033,-0.18282,0.046696,0.22521,0.22521,0.046696,-0.004307,0.021195,0.072198,0.32721,0.30171,0.0977,0.22521,-0.18282,0.63323,0.0977,0.1232,-0.05531,-0.18282,0.1232,0.22521,0.1232,0.42922,0.60773,0.1232,-0.25932,-0.23382,0.22521,0.48022,0.1742,-0.004307,0.1487,0.0977,0.1232,0.42922,0.25071,0.50573,-0.05531,-0.13181,-0.23382,-0.43783,-0.18282,-0.080812,1.0923,0.73524,0.63323,0.19971,-0.029808,0.021195,-0.13181,-0.13181,-0.05531,-0.31033,0.0977,0.27621,0.046696,1.2453,1.4238,0.65874,-0.15732,-0.76936,-0.64185,-0.23382,-0.10631,-0.31033,-0.05531,0.32721,0.76074,0.78624,0.45472,-0.13181,-0.28482,0.072198,0.53123,0.37822,0.0977,-0.080812,0.30171,0.25071,0.1232,-0.05531,-0.13181,0.32721,-0.23382,-0.10631,0.1487,0.1232,-0.029808,0.48022,0.55673,0.78624,0.40372,-0.10631,-0.31033,-0.004307,0.40372,0.42922,-0.46334,-0.31033,-0.10631,0.1487,0.32721,0.53123,0.25071,0.30171,0.40372,0.58223,0.35272,-0.080812,-0.004307,-0.15732,-0.20832,-0.38683,-0.28482,-0.18282,0.58223,0.78624,1.0413,0.25071,-0.87136,0.072198,0.19971,-0.25932,0.046696,0.19971,0.55673,0.072198,-0.004307,0.1487,0.35272,0.27621,-0.004307,-0.004307,-0.23382,-0.23382,-0.33583,0.35272,1.0413,0.53123,-0.080812,0.1742,0.35272,0.32721,-0.004307,0.0977,0.1232,-0.18282,-0.029808,-0.080812,-0.15732,0.0977,0.25071,0.50573,0.48022,0.1232,0.0977,0.22521,0.32721,-0.05531,0.072198,0.27621,0.021195,-0.28482,-0.18282,0.021195,0.046696,0.021195,0.27621,0.42922,0.53123,0.42922,0.046696,0.1232,0.072198,0.30171,0.19971,-0.004307,-0.48884,0.1487,0.1232,-0.31033,-0.33583,-0.23382,0.0977,0.53123,0.76074,1.1943,0.37822,0.30171,0.021195,-0.46334,-0.61635,-0.33583,0.32721,1.0158,0.45472,-0.18282,-0.18282,-0.28482,0.021195,-0.029808,0.48022,0.63323,0.76074,0.072198,-0.10631,0.37822,-0.10631,-0.029808,-0.23382,-0.20832,-0.46334,0.072198,0.0977,0.40372,0.50573,0.76074,0.81175,0.22521,-0.18282,-0.13181,-0.15732,-0.28482,-0.20832,0.046696,0.32721,0.27621,0.50573,0.53123,0.35272,0.30171,-0.13181,-0.36133,-0.23382,-0.004307,0.1487,0.65874,0.50573,0.25071,-0.20832,0.072198,0.1487,0.1487,-0.28482,0.22521,0.63323,0.63323,0.1742,0.1487,0.1487,-0.20832,-0.33583,0.021195,0.32721,0.1232,-0.004307,0.32721,0.63323,0.78624,0.53123,-0.029808,-0.66735,-0.59084,0.1232,0.32721,0.32721,0.30171,0.27621,-0.029808,-0.029808,-0.029808,0.45472,0.27621,0.1742,-0.20832,0.22521,0.70974,0.93925,0.27621,-0.23382,-0.31033,0.072198,0.48022,-0.05531,-0.18282,-0.080812,0.072198,0.021195,0.70974,0.42922,0.0977,-0.029808,-0.36133,-0.18282,0.88825,0.93925,0.48022,0.046696,0.32721,0.42922,-0.080812,-0.64185,-0.41233,0.37822,0.63323,0.32721,0.1232,-0.080812,-0.029808,0.046696,0.42922,0.45472,0.1232,0.0977,-0.004307,0.30171,0.32721,-0.05531,-0.13181,0.25071,0.81175,0.1487,-0.38683,-0.33583,-0.13181,-0.05531,0.53123,1.0923,0.73524,-0.004307,-0.51434,-0.56534,-0.56534,0.021195,0.70974,1.4493,0.35272,0.0977,0.19971,0.046696,-0.48884,-0.64185,0.021195,0.27621,0.55673,0.65874,0.30171,0.55673,0.046696,-0.15732,-0.05531,0.22521,0.1742,0.1232,-0.080812,0.78624,0.60773,0.072198,0.19971,0.1487,-0.029808,-0.38683,-0.36133,0.046696,0.19971,0.1232,0.48022,0.65874,0.58223,0.19971,-0.25932,-0.33583,-0.029808,0.22521,0.1742,0.19971,0.53123,0.27621,0.30171,0.32721,0.1487,-0.33583,-0.20832,-0.080812,0.53123,0.27621,0.55673,-0.13181,-0.25932,-0.029808,-0.23382,-0.33583,-0.13181,0.53123,0.70974,1.1433,0.021195,0.19971,0.42922,-0.23382,-0.05531,0.072198,-0.004307,0.42922,0.58223,0.25071,0.37822,-0.23382,0.1232,-0.18282,-0.48884,-0.18282,-0.23382,0.30171,0.37822,0.60773,0.53123,0.42922,0.1487,-0.004307,0.27621,0.072198,0.35272,-0.080812,-0.029808,-0.080812,0.25071,0.32721,-0.31033,-0.18282,0.19971,0.58223,0.25071,-0.05531,0.1487,0.60773,0.19971,0.1487,-0.23382,0.25071,0.021195,0.021195,-0.41233,0.42922,0.81175,0.58223,-0.28482,-0.38683,0.1232,0.046696,-0.84586,0.27621,0.60773,0.37822,0.53123,0.30171,0.48022,-0.080812,-0.36133,-0.029808,0.76074,0.70974,-0.15732,-0.13181,0.1232,0.046696,-0.05531,-0.28482,-0.33583,0.35272,0.40372,0.45472,0.046696,0.32721,0.48022,0.78624,0.42922,0.0977,0.072198,-0.59084,-0.66735,-0.33583,-0.43783,-0.18282,0.42922,0.93925,0.83725,0.55673,0.70974,0.19971,0.35272,-0.20832,-0.33583,-0.05531,-0.029808,0.072198,0.42922,0.58223,0.19971,-0.20832,-0.38683,-0.25932,-0.004307,-0.05531,0.35272,1.2198,1.0668,-0.13181,-0.029808
0.1487,0.22521,0.22521,0.1487,0.1232,0.1487,0.0977,0.046696,0.021195,0.1487,0.27621,0.22521,0.1232,0.22521,0.1487,0.046696,0.1742,0.1487,-0.029808,0.1487,0.25071,0.19971,0.1232,0.25071,0.1232,0.1232,0.1742,0.046696,0.021195,0.0977,0.22521,0.1487,0.22521,0.25071,0.22521,0.1742,0.0977,0.072198,-0.004307,0.072198,0.1232,0.1487,0.1487,0.19971,0.1487,0.0977,0.072198,0.1232,0.1232,0.19971,0.22521,0.22521,0.22521,0.19971,0.072198,0.046696,0.0977,0.1232,0.1232,0.1487,0.22521,0.19971,0.1232,0.1487,0.1232,0.1487,0.1232,0.021195,0.021195,0.072198,0.25071,0.22521,0.27621,0.1487,0.046696,0.021195,0.1232,0.0977,0.1232,0.1232,0.1742,0.1742,0.25071,0.25071,0.19971,0.072198,0.0977,0.0977,-0.004307,0.046696,0.1742,0.19971,0.19971,0.1742,0.1487,0.1742,0.1742,0.072198,0.072198,0.1742,0.19971,0.19971,0.25071,0.1232,0.0977,0.021195,0.021195,0.072198,0.072198,0.1232,0.19971,0.19971,0.27621,0.25071,0.1742,0.1487,0.072198,-0.004307,0.072198,0.1232,0.19971,0.22521,0.30171,0.22521,0.1232,0.1742,0.1742,0.1487,0.1487,0.1487,0.19971,0.1487,0.1742,0.19971,0.1742,0.0977,0.0977,-0.004307,-0.004307,0.19971,0.30171,0.22521,0.1742,0.1487,0.19971,0.1487,0.0977,0.021195,0.072198,0.1232,0.1232,0.1232,0.22521,0.22521,0.1232,0.1232,0.046696,-0.029808,0.072198,0.22521,0.25071,0.19971,0.1487,0.1742,0.19971,0.1742,0.0977,-0.004307,0.0977,0.22521,0.19971,0.1487,0.22521,0.19971,0.19971,0.0977,0.0977,0.021195,0.046696,0.1487,0.1487,0.19971,0.19971,0.19971,0.22521,0.1742,0.19971,0.072198,0.072198,0.046696,0.1742,0.1232,0.1742,0.27621,0.1742,0.1742,0.1487,0.1232,0.1232,0.19971,0.19971,0.25071,0.19971,0.1487,0.22521,0.0977,0.1232,0.046696,0.0977,0.1487,0.27621,0.27621,0.1742,0.22521,0.1232,0.1232,0.1232,-0.004307,0.072198,0.1742,0.22521,0.27621,0.27621,0.19971,0.072198,0.1232,0.1232,-0.004307,0.021195,0.072198,0.19971,0.19971,0.19971,0.22521,0.1742,0.19971,0.0977,0.046696,-0.080812,0.1487,0.25071,0.19971,0.25071,0.22521,0.1487,0.1742,0.19971,0.1232,0.072198,0.046696,0.1487,0.1232,0.1232,0.1487,0.1232,0.0977,0.1232,0.1232,0.1232,0.1232,0.1487,0.1232,0.19971,0.22521,0.22521,0.1742,0.046696,-0.004307,0.021195,0.0977,0.1232,0.22521,0.25071,0.25071,0.1232,0.046696,0.19971,0.1487,0.0977,0.19971,-0.080812,-0.004307,0.22521,0.27621,0.1232,0.1487,-0.18282,0.40372,0.42922,0.35272,0.1742,-0.33583,-0.33583,-0.029808,0.25071,0.25071,0.48022,0.48022,-0.05531,-0.46334,0.30171,-0.13181,0.63323,0.1487,0.60773,0.35272,0.046696,-0.15732,0.1487,-0.15732,0.021195,0.60773,0.40372,-0.029808,-0.10631,-0.18282,-0.51434,-0.33583,0.76074,0.99026,0.86275,0.50573,-0.18282,1.4493,0.86275,-4.9516,-1.3304,2.9284,0.88825,-0.029808,-0.46334,-0.89686,-0.05531,1.1943,0.32721,3.2854,-1.1009,5.5295,-4.3141,1.3473,1.9083,-6.5837,-2.0444,2.7244,2.0868,-0.74385,-4.4161,0.37822,-0.15732,-4.1101,13.69,7.0596,-2.4525,-10.843,6.1416,4.1015,-2.3505,-3.1665,-2.0189,-1.5089,-2.9625,1.5513,2.0613,-1.3049,-2.376,5.3765,-1.4069,4.076,2.5459,-1.5599,-0.87136,-0.51434,0.32721,-3.192,1.5768,1.2198,-1.7384,-2.0954,-3.6255,1.5258,5.6826,2.2653,-0.080812,0.1742,-0.004307,-1.3049,-0.87136,-1.7384,-3.447,3.5404,1.3473,0.30171,0.76074,-0.23382,-3.1665,2.1633,1.2453,0.021195,1.5513,-2.988,-1.2029,0.60773,0.86275,0.1742,0.40372,1.4238,2.0103,0.86275,-1.2029,0.30171,-1.1009,0.60773,-0.25932,0.021195,0.021195,0.40372,0.48022,-0.13181,-0.89686,0.42922,0.30171,0.40372,0.91375,0.70974,0.22521,0.1742,-0.080812,-0.029808,0.19971,0.046696,-0.20832,-0.41233,-0.13181,0.32721,0.40372,0.25071,0.25071,0.1742,0.072198,-0.004307,0.25071,0.48022,0.48022,0.22521,-0.51434,0.25071,0.50573,0.046696,-0.25932,-0.05531,-0.36133,0.58223,0.30171,-0.004307,0.96476,0.68424,0.37822,0.22521,-0.33583,-0.69285,-0.76936,0.30171,-0.56534,0.73524,0.81175,0.48022,0.78624,-0.25932,-0.05531,-0.004307,-0.004307,-0.080812,0.68424,0.48022,0.50573,-0.18282,-0.53984,0.37822,-0.029808,-0.10631,0.37822,0.27621,0.30171,0.53123,0.0977,-0.46334,0.37822,0.83725,0.86275,-0.05531,-0.38683,-0.43783,-0.31033,-0.41233,-0.029808,0.83725,0.73524,0.53123,-0.25932,-0.53984,-1.3049,1.2963,1.0923,0.42922,0.22521,0.42922,0.22521,0.046696,-0.33583,-0.36133,-0.080812,0.046696,0.37822,0.32721,0.65874,0.81175,0.60773,0.40372,-0.48884,-1.4834,-0.89686,-0.51434,-0.10631,0.50573,0.81175,0.25071,0.27621,0.93925,0.76074,0.021195,0.88825,0.91375,0.96476,-0.61635,-1.0754,-0.48884,-0.20832,-0.13181,0.35272,0.1487,0.1232,0.76074,1.8573,0.021195,-0.87136,-0.61635,-0.28482,0.021195,0.1232,0.50573,1.1433,0.25071,0.1232,0.25071,-0.18282,-0.41233,0.48022,0.25071,-0.46334,-0.28482,0.32721,0.86275,0.37822,-0.38683,0.1232,-0.87136,-0.004307,-0.029808,0.1232,0.1232,0.60773,0.93925,1.0158,0.53123,-0.23382,0.0977,-0.31033,-0.64185,-0.56534,-0.05531,0.40372,0.072198,0.1487,0.021195,0.78624,1.1943,0.1232,-0.10631,-0.05531,0.45472,-0.029808,-0.36133,-0.87136,-0.56534,0.1742,1.5003,0.30171,-0.080812,-0.20832,0.32721,0.65874,0.1232,-0.004307,-0.15732,0.1232,-0.92237,1.8828,1.0413,-0.36133,-0.92237,-0.46334,-0.004307,0.35272,-0.10631,-0.004307,0.27621,0.73524,0.99026,0.30171,-1.7384,-0.10631,1.6788,0.021195,0.1232,-0.23382,0.1232,-0.029808,-0.080812,0.42922,0.76074,0.0977,-0.59084,0.22521,-0.15732,0.021195,0.50573,0.53123,0.68424,0.021195,-0.10631,-0.25932,0.021195,0.63323,0.68424,0.072198,-0.71835,-0.51434,-0.74385,1.0158,0.22521,-0.28482,0.072198,0.73524,0.83725,0.83725,0.1232,-0.25932,-0.31033,-0.74385,-0.94787,0.42922,1.5513,1.1433,0.021195,-0.20832,-0.004307,0.42922,0.45472,0.1487,-0.28482,-0.43783,-0.080812,0.22521,0.1232,-0.10631,0.63323,0.53123,0.32721,-0.31033,-0.13181,0.27621,0.27621,0.48022,0.1232,0.046696,0.55673,-0.15732,-0.46334,-0.080812,0.0977,0.27621,0.63323,0.83725,0.40372,0.58223,0.1487,0.32721,0.19971,-0.004307,-0.46334,-0.56534,-0.10631,0.22521,0.42922,-0.31033,0.046696,0.91375,0.60773,0.22521,0.22521,0.65874,0.48022,0.48022,0.45472,-0.36133,-0.33583,0.0977,0.1232,-0.41233,-0.66735,0.1232,0.19971,1.3473,0.63323,0.58223,0.35272,0.42922,-0.20832,-0.56534,-0.33583,0.40372,-0.31033,0.072198,0.76074,0.30171,-0.13181,0.25071,0.021195,-0.004307,0.1487,-0.029808,0.19971,0.81175,0.73524,0.48022,-0.05531,-0.10631,-0.18282,-0.23382,-0.51434,0.91375,0.73524,0.046696,-0.029808,0.30171,0.68424,0.1742,-0.74385,-0.53984,-0.004307,0.046696,0.22521,0.22521,0.58223,0.63323,0.42922,-0.38683,-0.76936,-0.080812,0.40372,0.30171,0.32721,0.1742,0.65874,-0.31033,1.5258,0.76074,-0.79486,-0.69285,-0.31033,0.35272,0.60773,0.76074,-0.31033,-0.64185,-0.20832,0.19971,-0.53984,0.1742,0.55673,1.5003,0.68424,0.91375,-0.28482,-0.61635,0.1232,0.0977,0.0977,-0.029808,-0.18282,-0.20832,-0.43783,0.22521,0.83725,0.22521,0.35272,0.27621,0.25071,0.40372,-0.15732,0.42922,0.1232,0.35272,0.35272,0.1232,-0.41233,-0.56534,-0.080812,0.30171,0.55673,0.1232,0.30171,0.40372,0.22521,0.48022,0.30171,-0.029808,-1.1009,0.25071,0.53123,0.32721,0.22521,0.1487,0.1487,0.1232,0.072198,0.32721,0.1487,0.40372,0.19971,-0.10631,-0.36133,-0.05531,0.1487,0.60773,0.1232,0.65874,0.42922,-0.18282,-0.15732,-0.080812,0.021195,0.81175,1.0158,-0.15732,-0.48884,-0.18282,0.046696,0.1742,0.1487,0.40372,0.27621,-0.05531,-0.080812,-0.029808,-0.74385,1.5003,1.1178,0.65874,-0.48884,-0.36133,-0.41233,-0.15732,-0.20832,-0.05531,0.48022,0.53123,-0.080812,-0.10631,0.55673,1.1943,0.96476,-0.18282,-0.33583,-0.31033,-0.23382,-0.36133,0.0977,-0.080812,-0.18282,0.0977,0.96476,0.81175,0.48022,0.1742,-0.029808,0.25071,0.1742,-0.25932,-0.48884,-0.23382,-0.05531,0.40372,0.55673,0.30171,0.1232,0.046696,-0.15732,-0.41233,-0.18282,0.58223,0.93925,0.55673,-0.82036,0.93925,0.60773,-0.18282,-0.82036,-0.38683,0.1487,0.60773,-0.15732,0.19971,0.1487,0.48022,0.046696,0.65874,0.1742,-0.18282,0.021195,0.45472,0.19971,-0.080812,-0.41233,-0.13181,0.19971,0.22521,0.22521,0.1742,-0.004307,0.1487,0.35272,0.78624,0.37822,0.27621,0.30171,-0.56534,-0.48884,-0.18282,0.021195,0.021195,-0.38683,1.2453,0.60773,0.91375,0.45472,0.73524,0.30171,-0.74385,-1.2284,-0.89686,-0.20832,0.30171,0.32721,0.27621,0.45472,0.73524,0.78624,0.27621,0.37822,0.70974,0.072198,0.021195,-0.004307,0.021195,-0.28482,0.25071,0.1232,-0.56534,-0.41233,-0.33583,1.1433,0.1487,0.1487,0.40372,0.50573,0.30171,0.0977,-0.23382,-1.5089,0.63323,1.0413,-0.28482,-0.18282,0.30171,0.86275,0.86275,0.53123,-0.029808,-0.13181,-0.080812,0.68424,0.19971,0.40372,0.072198,-0.53984,-0.48884,-0.53984,-0.48884,0.072198,0.58223,0.99026,1.2453,0.78624,-0.48884,-0.25932,-0.18282,-0.41233,-0.28482,0.40372,0.83725,0.55673,0.19971,0.30171,0.22521,-0.080812,-0.38683,-0.53984,-0.69285,0.37822,0.93925,0.70974,0.072198,0.1742,-0.28482,1.0158,0.58223,-0.004307,-0.59084,-0.53984,-0.48884,-0.18282,-0.48884,0.83725,1.3218,1.1433,0.86275,0.25071,-0.51434,-0.82036,-0.59084,0.046696,0.1232,0.22521,0.1742,0.25071,0.32721,0.32721,0.32721,0.0977,-0.79486,0.86275,-0.13181,-0.48884,0.19971,0.37822,0.99026,0.78624,-0.004307,-0.05531,-0.029808,-0.56534,-0.74385,0.19971,0.70974,0.32721,0.1232,0.072198,-0.18282,0.19971,0.27621,0.30171,0.1232,0.22521,0.81175,0.22521,-0.69285,0.78624,0.50573,-0.38683,-0.18282,0.021195,-0.05531,0.1232,0.0977,0.25071,-0.13181,-0.05531,0.53123,0.32721,0.63323,0.22521,0.40372,0.021195,-0.18282,-0.23382,-0.23382,0.35272,0.42922,0.55673,0.30171,-0.05531,-0.004307,-0.18282,-0.23382,0.0977,0.1232,0.1232,0.48022,0.021195,-0.05531,0.1742,0.072198,0.42922,0.53123,0.58223,-0.43783,0.1232,-0.18282,-0.080812,-0.43783,0.60773,0.53123,0.37822,0.22521,-0.004307,-0.004307,-0.029808,-0.13181,0.60773,0.0977,-0.004307,0.072198,0.45472,0.37822,-0.20832,-0.43783,-0.004307,0.1232,0.1232,0.32721,0.45472,0.42922,0.48022,0.86275,0.55673,-0.33583,-0.76936,0.22521,-0.20832,0.1232,0.50573,0.1232,0.1742,0.021195,0.072198,-0.69285,-0.28482,-0.10631,0.60773,0.70974,0.40372,1.0668,-0.20832,0.70974,-0.004307,-0.10631,-0.28482,-0.080812,-0.13181,0.42922,0.27621,-0.13181,0.072198,0.25071,0.1742,0.32721,0.32721,0.1232,-0.10631,-0.080812,0.19971,0.83725,-0.029808,-0.51434,-1.0754,0.63323,0.40372,-0.28482,0.021195,0.35272,0.55673,0.1487,0.40372,0.40372,0.50573,-0.080812,-0.25932,-0.23382,0.072198,0.1487,0.30171,0.1487,-0.31033,-0.23382,0.1742,0.83725,0.42922,-0.10631,0.1742,0.58223,0.32721,0.1487,0.19971,-0.029808,-0.46334,-0.13181,-0.23382,0.73524,0.021195,-0.64185,0.78624,1.4493,0.1742,-0.23382,-0.18282,0.1487,0.1742,0.86275,0.072198,-0.13181,0.072198,0.021195,-0.31033,-0.15732,0.35272,0.76074,0.30171,-0.53984,0.32721,0.30171,0.0977,-0.20832,0.37822,0.48022,0.42922,0.35272,0.22521,-0.94787,-0.05531,0.25071,0.37822,0.63323,-0.15732,-0.18282,0.25071,0.37822,-0.13181,0.1232,-0.18282,0.32721,0.42922,0.55673,0.45472,-0.10631,-0.10631,0.046696,0.30171,0.1742,0.50573,-0.48884,0.021195,-0.25932,0.22521,0.30171,0.60773,0.1487,0.45472,-0.080812,-0.15732,0.27621,0.19971,0.021195,0.1742,0.53123,0.1232,0.1232,0.1742,-0.004307,-0.31033,0.1487,0.1232,0.1742,0.046696,0.32721,0.1232,0.27621,0.1742,-0.05531,-0.10631,0.1232,0.81175,0.78624,0.072198,-0.029808,-0.46334,-0.36133,0.45472,0.42922,0.1232,-0.05531,-0.029808,0.1232,0.1232,0.046696,0.40372,0.65874,0.0977,-0.004307,-0.004307,-0.004307,-0.25932,0.021195,0.50573,0.76074,-0.13181,-0.25932,0.0977,-0.10631,-0.23382,0.1232,0.53123,0.70974,0.63323,0.35272,0.25071,-0.43783,-0.28482,-0.004307,0.32721,0.58223,0.42922,-0.15732,-0.25932,-0.10631,0.046696,0.35272,0.27621,0.1487,0.32721,0.63323,0.046696,-0.18282,-0.080812,0.25071,0.37822,0.25071,-0.004307,0.046696,0.046696,-0.080812,0.42922,0.96476,0.22521,-0.46334,0.046696,0.046696,-0.10631,-0.20832,-0.05531,0.19971,0.81175,0.93925,0.35272,-0.25932,-0.20832,-0.029808,0.021195,0.1232,0.45472,0.1232,0.1232,0.1232,0.1487,0.072198,0.021195,0.60773,0.42922,-0.13181,0.021195,0.1232,-0.05531,-0.28482,0.1232,0.99026,0.1742,0.021195,-0.029808,-0.18282,-0.029808,0.50573,0.48022,-0.080812,-0.20832,-0.10631,0.1232,0.45472,0.021195,0.27621,0.0977,1.0668,0.48022,-0.28482,0.021195,0.1232,-0.25932,0.021195,0.072198,0.37822,0.25071,0.021195,-0.18282,0.30171,0.35272,0.68424,0.072198,-0.080812,-0.029808,0.25071,0.072198,0.27621,-0.080812,-0.43783,-0.15732,0.37822,0.53123,0.60773,-0.004307,-0.28482,-0.20832,-0.080812,0.78624,0.68424,0.60773,0.021195,-0.20832,-0.20832,0.32721,-0.080812,-0.20832,-0.28482,-0.004307,0.45472,0.68424,-0.15732,0.1742,0.22521,0.58223,0.40372,-0.18282,0.0977,0.021195,-0.20832,-0.05531,0.32721,1.1943,0.86275,0.27621,-0.38683,-0.74385,-0.64185,-0.05531,0.35272,0.93925,0.1232,-0.004307,-0.13181,0.021195,1.0158,0.072198,0.1742,0.19971,0.22521,-0.05531,-0.36133,-0.18282,0.27621,0.27621,0.30171,0.19971,0.046696,0.021195,-0.05531,0.0977,0.25071,0.32721,0.68424,0.19971,0.046696,-0.029808,-0.029808,-0.23382,0.072198,0.63323,0.021195,-0.20832,0.1742,0.48022,-0.10631,0.1232,0.30171,0.1742,0.73524,0.1232,-0.18282,0.072198,0.1487,-0.10631,0.072198,0.58223,0.40372,-0.13181,-0.31033,-0.38683,0.1232,1.4493,0.78624,-0.31033,-0.43783,-0.05531,0.25071,0.046696,-0.46334,0.25071,0.76074,0.55673,0.19971,0.046696,-0.20832,-0.18282,0.22521,0.35272,-0.029808,-0.029808,0.1232,0.37822,0.35272,0.0977,-0.69285,0.70974,1.0413,0.42922,-0.10631,-0.31033,0.25071,0.27621,0.1232,-0.31033,-0.080812,-0.38683,-0.080812,0.25071,0.48022,0.81175,0.1742,0.63323,0.19971,-0.66735,0.70974,0.78624,0.22521,-0.66735,-0.43783,-0.05531,0.37822,0.27621,-0.66735,0.50573,0.046696,0.60773,-0.029808,0.1232,0.68424,0.48022,0.88825,-1.0244,0.35272,-0.38683,0.76074,-0.20832,-1.0754,-0.53984,0.27621,1.1433,0.96476,0.37822,-0.99887,-0.33583,-0.13181,0.1232,0.93925,0.50573,-0.004307,0.1742,0.37822,0.021195,0.072198,0.0977,0.22521,0.0977,0.19971,-0.43783,0.27621,0.27621,0.0977,0.35272,0.1487,0.37822,0.42922,0.021195,-0.64185,-0.69285,-0.28482,0.53123,1.3728,0.30171,0.1232,0.27621,0.1487,-0.25932,-0.10631,0.1742,0.37822,0.30171,0.1487,0.19971,0.1232,0.40372,0.1742,0.40372,-0.20832,-0.23382,-0.36133,0.072198,0.072198,0.58223,0.0977,0.021195,-0.92237,1.7298,0.53123,0.1487,-0.33583,0.1232,0.25071,0.48022,0.58223,0.73524,-0.59084,-0.71835,-0.20832,0.1232,0.046696,0.072198,0.1232,0.96476,0.60773,-0.004307,0.021195,0.25071,0.021195,0.22521,-0.080812,0.1232,0.0977,0.42922,-0.05531,-0.13181,-0.004307,0.35272,0.1742,0.37822,0.27621,0.32721,-0.36133,-0.25932,0.1232,0.81175,0.45472,-0.18282,-0.080812,-0.029808,-0.029808,0.021195,0.78624,0.60773,0.35272,0.48022,0.63323,-0.20832,-0.20832,-0.38683,-0.61635,-0.15732,0.072198,0.35272,0.42922,0.40372,0.19971,0.48022,-0.20832,0.32721,0.1742,0.76074,0.32721,-0.23382,-0.31033,0.1487,-0.05531,0.19971,0.35272,0.1742,-0.029808,-0.41233,-0.13181,0.32721,0.072198,0.1487,0.22521,0.53123,0.65874,0.32721,-0.029808,0.046696,0.42922,0.1487,-0.33583,-0.20832,-0.13181,0.25071,0.25071,0.072198,-0.05531,0.1742,0.30171,0.35272,0.072198,0.0977,0.1742,0.40372,0.53123,0.1232,-0.13181,0.0977,0.046696,-0.004307,0.072198,0.1742,-0.029808,-0.15732,0.25071,0.32721,0.072198,0.32721,0.42922,0.32721,0.37822,-0.46334,0.27621,0.1232,-0.080812,-0.080812,0.1487,0.37822,0.32721,-0.13181,-0.28482,-0.15732,-0.05531,-0.28482,0.42922,1.7553,1.0413,-0.28482,-0.080812,-0.004307,-0.28482,-0.28482,-0.25932,-0.25932,0.35272,0.70974,0.32721,0.19971,-0.15732,-0.05531,0.19971,0.55673,0.32721,-0.004307,-0.20832,-0.23382,-0.05531,0.32721,0.48022,0.68424,0.19971,-0.080812,-0.18282,-0.28482,-0.10631,0.22521,0.60773,0.86275,-0.31033,0.046696,0.25071,0.78624,-0.18282,0.0977,-0.10631,-0.004307,0.046696,0.53123,0.58223,0.072198,-0.59084,0.25071,0.35272,0.1742,0.021195,-0.05531,-0.004307,-0.080812,0.86275,0.37822,-0.05531,0.27621,-0.080812,0.27621,0.32721,0.65874,0.27621,-0.38683,-0.28482,-0.25932,-0.029808,0.021195,0.37822,0.27621,0.22521,0.0977,0.35272,0.63323,0.0977,0.072198,0.1742,0.27621,-0.18282,0.27621,0.1232,-0.029808,-0.76936,-0.31033,0.42922,1.3473,0.73524,-0.029808,-0.080812,-0.080812,-0.20832,-0.05531,0.27621,0.58223,0.37822,0.83725,-0.029808,-0.20832,-0.05531,0.30171,0.32721,0.63323,0.0977,-0.33583,-0.43783,-0.25932,0.22521,0.63323,0.53123,0.1232,-0.10631,-0.004307,-0.05531,0.1232,0.50573,0.96476,0.58223,-0.13181,-0.20832,-0.38683,-0.23382,-0.080812,0.0977,0.70974,0.99026,0.42922,-0.004307,-0.33583,-0.15732,-0.004307,0.30171,0.48022,0.32721,-0.080812,-0.31033,-0.28482,-0.05531,0.1232,0.60773,0.1487,0.45472,0.35272,0.25071,0.1487,0.22521,0.072198,0.53123,0.22521,0.0977,0.046696,-0.080812,0.021195,0.046696,0.1487,0.1742,0.1487,0.37822,0.32721,0.0977,-0.28482,-0.38683,-0.004307,0.27621,0.60773,0.42922,0.22521,0.021195,0.45472,0.25071,0.1232,-0.10631,0.0977,-0.46334,-0.10631,0.27621,0.63323,0.072198,-0.080812,0.1742,-0.20832,0.1742,0.19971,0.30171,0.27621,-0.05531,0.1742,0.55673,0.63323,-0.36133,-0.004307,-0.004307,-0.029808,0.072198,0.68424,0.32721,0.25071,0.19971,0.072198,-0.33583,-0.13181,0.072198,0.35272,0.35272,0.046696,0.1232,0.021195,-0.10631,0.19971,0.70974,0.37822,0.32721,0.0977,-0.029808,-0.05531,0.072198,0.021195,-0.004307,0.32721,0.35272,0.22521,0.1232,0.1742,0.046696,0.27621,0.32721,0.1742,0.046696,0.27621,0.73524,0.021195,-0.13181,0.046696,-0.029808,0.25071,0.1232,0.1487,0.1232,0.35272,0.1487,0.35272,-0.10631,-0.029808,0.19971,0.19971,-0.080812,-0.23382,0.32721,1.0668,0.1232,-0.25932,0.046696,0.046696,0.27621,-0.004307,0.072198,0.32721,0.50573,0.68424,0.0977,0.072198,-0.18282,-0.029808,0.1232,0.60773,0.1742,0.0977,0.021195,-0.05531,-0.10631,0.0977,0.32721,0.60773,0.30171,0.046696,0.046696,0.0977,-0.13181,0.1487,0.046696,0.27621,-0.10631,-0.080812,-0.15732,0.35272,0.68424,0.70974,0.22521,-0.28482,-0.20832,-0.080812,0.0977,0.45472,0.53123,0.55673,-0.15732,-0.15732,-0.029808,0.1487,0.072198,0.021195,0.19971,0.63323,0.1232,0.0977,0.046696,-0.05531,0.58223,0.78624,0.27621,-0.48884,-0.38683,0.021195,0.046696,0.021195,0.42922,0.86275,-0.10631,0.021195,-0.080812,0.30171,0.30171,0.1487,0.25071,0.45472,0.53123,0.58223,-0.029808,0.046696,-0.13181,-0.31033,-0.46334,-0.05531,0.1742,0.1487,0.35272,0.48022,0.42922,0.22521,0.1232,0.48022,0.40372,-0.25932,-0.25932,-0.05531,0.50573,0.27621,0.1487,0.1487,-0.13181,-0.20832,-0.05531,0.22521,0.50573,0.78624,0.68424,0.1487,-0.13181,-0.20832,-0.20832,-0.36133,-0.05531,0.53123,0.50573,0.81175,0.19971,-0.05531,-0.20832,0.1742,0.0977,0.0977,-0.05531,0.072198,0.1487,0.32721,0.48022,0.046696,0.22521,0.35272,0.1487,-0.05531,-0.15732,0.1232,0.22521,0.27621,0.072198,0.22521,-0.029808,-0.18282,0.19971,0.22521,0.40372,0.021195,-0.004307,-0.10631,0.22521,0.37822,0.53123,0.35272,0.021195,-0.18282,-0.20832,0.046696,0.0977,0.22521,0.32721,0.53123,0.40372,-0.080812,-0.15732,-0.13181,0.1487,0.50573,0.40372,-0.13181,-0.004307,-0.13181,-0.05531,0.73524,0.35272,0.021195,-0.080812,-0.18282,0.53123,0.22521,0.1232,-0.20832,-0.23382,0.30171,0.42922,0.30171,0.1487,0.1742,-0.004307,0.1487,0.1487,0.45472,0.40372,-0.080812,-0.23382,-0.20832,-0.004307,0.1487,0.73524,0.40372,0.37822,0.046696,0.021195,-0.15732,-0.31033,-0.13181,-0.05531,0.53123,0.65874,0.48022,0.22521,0.072198,0.22521,-0.15732,-0.20832,-0.18282,0.27621,0.072198,-0.029808,0.25071,0.25071,0.45472,0.35272,0.27621,-0.10631,0.19971,0.42922,0.072198,-0.10631,-0.18282,0.1232,-0.004307,0.1232,-0.10631,-0.080812,-0.05531,0.1487,0.53123,0.81175,0.046696,0.37822,0.35272,0.37822,0.19971,-0.51434,-0.46334,-0.15732,0.25071,0.40372,0.0977,0.046696,0.1232,0.32721,0.76074,0.1487,0.19971,0.1232,-0.080812,0.1487,0.021195,0.046696,-0.10631,-0.05531,0.32721,0.30171,0.1742,0.046696,0.1232,0.40372,0.22521,0.60773,0.1232,0.1232,-0.46334,-0.029808,0.1232,0.072198,-0.004307,0.19971,0.40372,0.50573,0.22521,0.1487,0.046696,0.22521,0.0977,0.1232,0.19971,-0.10631,-0.029808,0.1487,0.40372,0.1742,-0.080812,-0.15732,-0.10631,0.40372,0.65874,0.58223,0.1742,0.45472,-0.33583,-0.31033,-0.080812,0.27621,0.1487,0.0977,0.27621,0.021195,0.021195,0.45472,0.58223,0.42922,0.021195,-0.18282,-0.20832,-0.13181,0.19971,0.072198,0.45472,0.45472,0.25071,-0.004307,-0.18282,-0.05531,-0.13181,-0.18282,0.22521,0.55673,0.63323,0.27621,-0.080812,0.046696,0.1742,-0.13181,0.1232,0.021195,0.30171,0.1487,0.1232,-0.13181,0.1742,0.25071,0.60773,0.32721,0.40372,0.1742,0.1232,-0.10631,-0.28482,-0.38683,-0.28482,0.27621,0.1487,0.22521,0.1487,0.27621,0.45472,0.50573,0.35272,0.32721,-0.004307,-0.10631,0.072198,0.0977,-0.10631,-0.18282,0.1742,0.70974,0.48022,-0.080812,-0.20832,-0.25932,0.0977,0.1232,0.25071,0.32721,0.45472,0.27621,-0.029808,0.22521,0.30171,0.1232,0.1742,-0.029808,-0.18282,-0.13181,0.30171,0.70974,0.68424,0.45472,0.1487,-0.15732,-0.38683,-0.31033,-0.10631,0.22521,0.1742,0.35272,0.42922,0.32721,-0.05531,0.021195,0.25071,0.27621,-0.004307,-0.10631,0.25071,0.32721,0.22521,0.072198,0.021195,0.021195,0.19971,0.32721,0.021195,-0.25932,-0.23382,0.19971,0.70974,0.76074,0.19971,0.27621,0.072198,-0.25932,-0.31033,-0.20832,-0.05531,-0.004307,0.50573,0.37822,0.48022,0.1742,0.0977,-0.004307,0.0977,0.1742,0.42922,0.37822,-0.31033,-0.15732,0.0977,0.1487,0.1487,0.021195,-0.080812,0.22521,0.19971,0.35272,0.072198,0.021195,0.22521,0.63323,0.1232,0.27621,-0.080812,-0.05531,-0.029808,-0.029808,0.32721,0.58223,0.1742,0.1742,0.1232,0.046696,0.22521,0.0977,-0.029808,-0.080812,0.0977,0.1232,0.53123,0.27621,0.35272,0.0977,0.072198,-0.10631,-0.004307,-0.36133,0.22521,0.63323,0.78624,0.1742,-0.080812,-0.25932,-0.23382,0.1232,0.32721,0.1742,0.19971,0.25071,0.1742,0.19971,0.25071,0.1487,-0.029808,-0.15732,0.35272,0.81175,-0.10631,-0.33583,-0.080812,0.22521,0.27621,-0.080812,0.0977,-0.080812,0.37822,0.25071,0.1232,0.25071,0.42922,0.60773,0.27621,-0.41233,-0.59084,0.072198,0.60773,0.37822,-0.20832,0.046696,0.37822,0.27621,0.046696,-0.004307,-0.080812,0.25071,0.55673,0.32721,0.072198,-0.004307,-0.004307,0.021195,-0.05531,-0.029808,0.30171,0.63323,0.70974,0.046696,-0.31033,0.1742,0.22521,0.0977,-0.31033,-0.080812,0.53123,0.53123,0.1742,-0.004307,-0.13181,-0.13181,0.1742,0.78624,0.73524,-0.029808,-0.13181,-0.080812,-0.13181,-0.13181,-0.029808,0.1232,0.19971,0.60773,0.70974,0.32721,0.1487,-0.080812,-0.029808,-0.13181,0.30171,0.072198,0.32721,-0.23382,0.19971,-0.13181,-0.029808,0.1232,0.1487,0.25071,0.32721,0.42922,0.45472,0.1742,-0.004307,-0.029808,0.19971,0.35272,0.22521,0.046696,-0.10631,-0.029808,0.1487,0.1742,0.53123,-0.029808,-0.10631,0.0977,0.35272,0.27621,0.22521,0.1232,0.1487,-0.10631,0.19971,0.27621,0.45472,-0.029808,-0.10631,-0.080812,0.1742,0.37822,0.32721,0.046696,0.1232,0.072198,0.072198,0.32721,0.50573,0.63323,0.48022,-0.10631,-0.10631,-0.28482,-0.029808,0.072198,0.1742,0.072198,0.37822,0.27621,0.0977,0.19971,0.25071,0.021195,0.046696,0.1232,0.70974,0.072198,-0.05531,0.072198,0.32721,0.1232,0.046696,-0.13181,0.1487,0.021195,-0.10631,-0.029808,0.1232,-0.13181,0.27621,0.99026,1.3218,0.65874,-0.28482,-0.61635,-0.74385,-0.23382,0.19971,0.55673,0.55673,-0.05531,0.1232,0.072198,0.19971,0.27621,0.021195,0.27621,0.046696,0.046696,0.072198,0.1742,0.1742,0.072198,0.072198,0.30171,0.53123,0.072198,0.1487,0.0977,0.021195,-0.05531,-0.13181,0.1487,0.1232,0.32721,0.0977,0.072198,0.1232,0.30171,0.32721,0.046696,0.046696,0.021195,-0.10631,0.19971,0.19971,0.25071,0.0977,0.1232,0.27621,0.25071,0.046696,0.1742,0.046696,0.046696,-0.10631,0.19971,0.30171,0.072198,0.046696,0.072198,-0.004307,-0.15732,0.19971,0.1487,0.35272,0.53123,0.45472,-0.13181,-0.15732,0.1742,-0.05531,-0.10631,0.072198,0.50573,0.48022,0.1232,0.1487,0.021195,0.0977,0.50573,0.53123,-0.05531,-0.31033,-0.10631,-0.13181,-0.13181,0.1487,0.65874,0.35272,0.0977,0.40372,0.27621,0.046696,-0.029808,-0.13181,-0.18282,-0.080812,0.37822,0.42922,0.73524,0.40372,-0.080812,-0.10631,-0.59084,-0.33583,-0.05531,0.37822,1.1178,0.27621,0.1232,-0.029808,0.072198,0.072198,0.0977,-0.18282,-0.080812,0.42922,0.78624,0.27621,-0.13181,-0.28482,-0.10631,0.1232,0.30171,0.42922,0.1232,-0.15732,0.1232,0.35272,0.78624,0.35272,0.021195,0.0977,0.021195,-0.15732,-0.28482,-0.18282,0.021195,0.1232,0.60773,0.65874,0.70974,-0.10631,-0.31033,-0.004307,0.22521,0.19971,0.0977,-0.029808,-0.13181,0.021195,0.27621,0.30171,0.1232,0.072198,0.25071,0.32721,0.072198,0.1487,0.19971,0.25071,0.30171,0.1487,-0.004307,0.19971,0.30171,0.22521,-0.18282,-0.05531,-0.31033,-0.25932,0.1232,0.40372,0.63323,0.22521,0.1487,0.42922,0.1742,0.1487,0.1232,-0.029808,-0.13181,-0.13181,0.1487,0.35272,0.48022,0.22521,-0.029808,0.0977,0.021195,-0.080812,0.0977,0.35272,0.37822,0.046696,0.1742,0.30171,0.25071,0.1487,-0.029808,-0.13181,-0.080812,0.22521,0.27621,0.27621,-0.029808,0.021195,0.25071,0.30171,0.22521,-0.029808,-0.10631,0.32721,0.53123,0.1742,-0.10631,0.046696,0.021195,-0.10631,-0.029808,-0.15732,0.32721,0.27621,1.1433,0.1487,0.046696,-0.080812,-0.029808,-0.28482,-0.20832,-0.13181,0.30171,0.68424,0.48022,-0.080812,0.0977,0.25071,0.27621,0.27621,0.046696,0.0977,-0.05531,-0.029808,0.35272,0.76074,0.22521,-0.28482,-0.36133,-0.080812,0.1487,0.42922,0.19971,0.55673,0.046696,-0.23382,-0.004307,0.22521,0.1232,0.25071,0.27621,0.45472,0.37822,-0.080812,0.0977,0.046696,0.27621,0.22521,0.1232,-0.13181,-0.080812,-0.080812,0.45472,0.35272,0.27621,-0.15732,-0.029808,0.45472,0.30171,0.1232,0.22521,0.35272,0.0977,-0.33583,-0.23382,-0.31033,0.27621,0.48022,1.0413,0.1232,-0.15732,-0.10631,-0.10631,0.021195,0.25071,0.1232,0.30171,0.30171,0.55673,0.1232,-0.080812,0.27621,0.021195,-0.25932,0.1487,0.1232,0.22521,-0.080812,-0.05531,0.42922,0.37822,0.27621,0.072198,-0.080812,-0.18282,0.1232
0.19971,0.1742,0.0977,0.046696,0.046696,0.072198,0.0977,0.1487,0.27621,0.22521,0.19971,0.1487,0.1232,0.19971,0.1742,0.1232,0.0977,0.021195,0.22521,0.25071,0.22521,0.25071,0.22521,0.1487,0.0977,0.1232,0.072198,0.1232,0.072198,0.1487,0.1487,0.0977,0.072198,0.072198,0.046696,0.072198,0.0977,0.1232,0.25071,0.25071,0.19971,0.27621,0.19971,0.1232,0.046696,0.021195,0.046696,0.19971,0.30171,0.19971,0.1742,0.0977,0.1232,0.1742,0.19971,0.1232,0.046696,0.072198,0.1232,0.1742,0.1232,0.1742,0.1487,0.22521,0.1487,0.072198,0.046696,-0.004307,0.1232,0.1487,0.22521,0.19971,0.19971,0.22521,0.1232,0.072198,-0.004307,0.046696,0.19971,0.32721,0.22521,0.22521,0.1232,0.046696,0.021195,-0.004307,0.0977,0.1232,0.19971,0.27621,0.22521,0.27621,0.1742,0.1487,0.072198,-0.004307,0.0977,0.0977,0.1232,0.32721,0.19971,0.1487,0.021195,0.0977,-0.029808,0.072198,0.1232,0.30171,0.32721,0.40372,0.32721,0.1232,-0.080812,-0.080812,-0.13181,-0.18282,0.046696,0.19971,0.32721,0.53123,0.22521,0.22521,0.1487,0.072198,0.046696,0.046696,0.1487,0.1487,0.22521,0.22521,0.0977,0.22521,0.1487,-0.004307,-0.25932,-0.18282,0.37822,0.42922,0.91375,0.58223,-0.10631,-0.004307,0.1232,0.072198,0.22521,0.1742,-0.15732,0.046696,0.40372,0.19971,0.072198,-0.004307,0.046696,0.25071,0.48022,0.86275,-0.61635,-0.53984,-2.427,0.45472,3.6424,-0.28482,-0.25932,1.4748,0.1742,-0.43783,-0.99887,-2.4015,-1.3049,5.9631,3.9994,-0.20832,-1.8404,-1.6619,-5.1301,1.3983,2.4183,-1.1774,-1.2284,0.45472,2.3673,2.6479,-3.651,3.5149,4.229,-1.7639,-2.733,-2.1464,-1.2539,0.53123,1.3218,1.3218,0.81175,-3.753,1.8063,7.7737,-1.3559,-2.325,0.78624,-0.61635,-7.7823,2.7499,3.3874,1.2198,-0.13181,0.65874,-0.53984,-0.92237,-0.71835,0.58223,-1.3049,-0.33583,0.68424,0.93925,-1.9679,3.4894,2.8774,0.45472,-0.61635,-1.5344,-0.59084,-0.10631,0.32721,0.55673,-1.2029,0.93925,0.40372,-3.3705,-0.66735,3.0559,4.1525,3.9229,0.48022,-3.5745,-4.0591,-3.7785,-3.192,4.484,3.7954,0.0977,-1.7129,-1.1009,0.70974,2.0358,2.2653,1.2198,0.35272,-1.1774,-1.7894,-1.1264,1.2963,1.7553,0.1742,-0.66735,-0.61635,1.0923,-0.15732,-0.41233,-0.74385,-2.1464,3.5914,1.0413,-4.7476,3.3109,0.63323,1.3473,0.27621,-1.6874,-1.3049,-4.7476,5.5806,5.1725,-0.33583,-1.6874,-0.92237,1.0158,-1.9424,-3.5745,0.76074,1.0413,0.73524,0.68424,0.48022,0.32721,0.046696,-0.004307,0.27621,0.42922,0.83725,-0.10631,0.78624,0.42922,-0.38683,-0.43783,0.1742,0.35272,0.37822,0.1487,0.046696,0.45472,-1.7384,1.5003,-0.84586,-0.41233,0.1232,0.78624,0.55673,0.55673,-2.835,6.3201,0.48022,-2.4015,-2.1209,-0.74385,1.7553,2.0103,-0.31033,-1.3049,-0.89686,0.73524,0.50573,1.1688,0.30171,-0.23382,0.42922,2.3928,-0.59084,-4.2631,3.3619,0.32721,-0.71835,0.1742,-0.080812,0.021195,0.83725,0.93925,-1.1009,0.37822,-0.05531,0.1487,0.19971,-0.080812,0.73524,-0.004307,0.60773,-0.38683,0.021195,1.0413,0.88825,0.53123,-0.004307,-0.48884,-3.0135,2.9539,-0.66735,0.22521,-5.0026,0.86275,0.63323,1.6788,2.7244,2.6989,0.63323,-2.0189,-0.79486,-1.6619,-0.20832,-0.25932,-2.0189,1.8063,1.7298,0.32721,0.63323,1.0413,0.91375,-0.33583,-0.89686,-0.84586,-0.43783,-0.029808,0.1742,1.3473,0.65874,-0.029808,-0.46334,-0.76936,-0.18282,1.3728,-0.38683,2.5459,-0.56534,-0.56534,0.78624,-0.15732,-0.84586,0.30171,0.40372,0.0977,-0.46334,-0.36133,1.9593,0.99026,0.30171,1.6533,-0.48884,-1.8914,-0.99887,-0.080812,-3.243,3.5914,2.4183,-0.48884,-0.79486,-0.080812,0.22521,0.60773,0.45472,-0.05531,0.1232,-0.82036,-1.6109,2.8519,-0.10631,-0.13181,0.91375,0.99026,-1.2029,0.63323,-0.61635,0.072198,0.63323,0.86275,0.046696,-0.82036,1.1688,-0.15732,-0.61635,-1.6109,-0.79486,0.63323,1.8063,1.3473,0.70974,0.58223,-0.46334,-0.99887,-1.3814,-0.46334,0.40372,1.2198,0.91375,0.32721,0.30171,-0.080812,2.3673,0.1232,-0.66735,-0.59084,-0.48884,-1.3049,0.1487,-0.94787,0.1742,1.2453,1.3473,1.4748,1.3983,0.53123,-1.1519,-0.74385,-1.0499,-1.2539,-0.61635,0.1232,-0.41233,1.1433,2.1123,1.6533,0.40372,-0.029808,0.046696,-0.004307,-0.46334,-0.51434,0.35272,-0.25932,-0.41233,0.70974,0.37822,0.42922,0.021195,0.1487,1.9083,-0.20832,-1.6364,-2.2485,2.6224,1.5513,-0.94787,-0.64185,0.45472,0.96476,0.046696,-0.43783,-0.48884,-0.38683,-0.18282,0.27621,0.83725,0.73524,1.1688,-0.25932,0.83725,0.30171,-0.23382,0.22521,-0.10631,-0.71835,-0.20832,0.22521,0.96476,0.76074,-0.66735,0.30171,-0.23382,-0.38683,0.50573,0.96476,0.53123,0.45472,0.19971,0.1232,-1.4324,2.1633,1.1688,-1.1519,-0.64185,0.32721,0.58223,-0.20832,-0.004307,-0.029808,1.0923,1.1433,0.19971,-0.33583,-0.23382,0.22521,0.1487,0.40372,0.1742,-0.31033,-0.28482,1.5003,0.19971,0.22521,-0.10631,-0.59084,0.42922,-0.61635,-1.1264,-0.59084,1.7043,1.7043,1.0668,-0.18282,-0.76936,-0.080812,0.32721,0.93925,0.072198,-0.080812,0.19971,0.76074,-0.23382,-1.5599,1.7298,0.48022,-0.33583,-0.25932,-0.15732,1.0413,0.42922,0.1742,-0.10631,-0.080812,0.046696,0.0977,0.046696,-1.0499,-0.69285,0.30171,-0.10631,1.6533,-0.51434,0.30171,0.83725,1.5258,1.6533,0.68424,-0.23382,-0.79486,-1.3814,-1.5344,-0.53984,-0.66735,0.021195,0.73524,0.81175,0.83725,1.0668,0.60773,1.0158,0.27621,1.2453,0.45472,-1.0754,-0.74385,-0.31033,-2.1464,3.1834,1.5768,-0.84586,-0.69285,-1.4069,-0.92237,-0.76936,-0.61635,0.046696,1.2963,1.8063,1.0923,0.96476,0.55673,0.30171,0.0977,-0.69285,-0.74385,-0.20832,0.32721,0.19971,0.1232,0.48022,0.58223,0.68424,0.0977,-0.004307,-0.004307,-0.53984,-0.51434,0.072198,0.50573,1.0413,0.27621,0.072198,0.22521,-0.76936,0.072198,0.63323,0.83725,0.55673,-0.59084,-0.029808,-0.69285,0.1742,0.63323,0.50573,0.30171,-0.18282,-0.05531,-0.23382,0.45472,0.42922,0.42922,0.1742,0.50573,0.32721,-0.41233,-0.10631,0.27621,0.45472,0.68424,0.19971,-0.48884,-0.28482,0.32721,0.046696,-0.13181,-0.029808,0.30171,0.37822,0.50573,0.65874,0.40372,-0.18282,-0.69285,-0.61635,0.40372,0.22521,0.1232,0.60773,0.0977,0.99026,0.65874,-0.13181,-0.18282,-0.25932,0.35272,-0.31033,-0.38683,0.37822,0.42922,-0.25932,-0.97337,1.1178,1.8318,0.81175,-0.080812,0.1232,-0.36133,-0.46334,0.0977,-0.080812,-0.38683,-0.004307,0.81175,0.63323,0.30171,-0.10631,-0.46334,-0.18282,0.88825,0.96476,0.53123,-0.20832,-0.66735,-0.48884,-0.18282,0.22521,0.83725,0.42922,-0.31033,0.25071,0.55673,0.73524,-0.05531,0.58223,-0.25932,-0.66735,-0.56534,0.021195,0.19971,0.53123,0.78624,1.1943,0.32721,-0.25932,-0.23382,-0.33583,0.0977,-0.36133,-0.56534,1.0923,-0.004307,0.35272,0.93925,1.1178,0.40372,0.22521,0.072198,-0.33583,-1.0244,-0.59084,-0.10631,0.83725,0.072198,-0.25932,0.25071,0.58223,0.65874,0.50573,0.83725,0.73524,0.1487,-0.31033,-0.23382,-0.25932,-0.48884,-0.28482,-0.05531,0.40372,0.22521,0.072198,-0.13181,0.0977,0.53123,0.96476,0.42922,0.32721,0.22521,-0.53984,0.35272,-0.080812,0.40372,-0.28482,0.0977,0.37822,0.58223,0.93925,-0.029808,-0.31033,-0.56534,-1.0754,0.50573,0.1232,0.021195,0.30171,0.99026,0.78624,0.60773,-0.46334,-0.28482,0.30171,0.1742,-0.004307,-0.48884,-0.56534,0.50573,1.5003,0.22521,-0.61635,0.1742,0.93925,0.65874,0.1232,-0.76936,-0.31033,0.50573,0.83725,0.22521,-0.48884,-0.28482,0.0977,0.32721,0.35272,0.072198,0.046696,-0.080812,0.1487,0.1232,0.76074,0.1487,0.1232,0.30171,0.50573,0.58223,-0.004307,-0.28482,-0.15732,-0.10631,-0.13181,-0.41233,0.25071,0.40372,0.70974,0.40372,0.1487,0.19971,-0.05531,-0.87136,1.2963,1.0158,-0.33583,-0.84586,0.046696,0.1742,-0.71835,-0.61635,0.88825,0.48022,0.68424,0.48022,0.1487,0.30171,0.021195,-0.20832,-0.10631,-0.18282,-0.029808,0.45472,0.53123,0.32721,0.1232,0.96476,0.76074,-0.13181,-0.51434,-0.59084,-0.080812,0.19971,0.19971,0.50573,0.37822,0.50573,-0.36133,-0.46334,-0.33583,-0.28482,-0.10631,0.53123,1.2708,1.1433,0.27621,-0.15732,-0.080812,-0.080812,0.35272,0.22521,0.37822,0.55673,-0.28482,-0.48884,-0.13181,-0.15732,0.046696,0.63323,0.021195,0.27621,0.42922,0.65874,-0.31033,-0.33583,-0.029808,0.53123,0.021195,-0.43783,-0.18282,0.1232,0.19971,0.76074,0.86275,1.3473,0.1232,-0.31033,-0.13181,-0.15732,-0.38683,-0.15732,0.021195,0.45472,0.22521,0.0977,0.1232,-0.20832,0.45472,0.25071,-0.20832,0.58223,0.73524,-0.13181,-0.38683,-0.28482,0.55673,0.1487,0.48022,0.58223,0.93925,0.22521,-0.41233,-0.61635,-0.05531,0.27621,0.27621,0.0977,-0.13181,0.021195,0.1232,0.046696,0.45472,0.73524,0.73524,0.48022,-0.05531,-0.25932,-0.33583,-0.10631,-0.23382,0.32721,0.22521,0.32721,0.58223,0.37822,-0.28482,0.0977,0.22521,0.1487,-0.23382,0.50573,0.27621,-0.080812,-0.28482,0.35272,0.83725,0.25071,0.0977,-0.38683,-0.029808,0.19971,-0.080812,0.45472,0.68424,0.68424,-0.10631,-0.48884,-0.53984,-0.05531,0.1232,1.0158,0.65874,0.55673,-0.004307,-0.18282,-0.28482,-0.080812,-0.05531,-0.080812,0.046696,0.1232,0.32721,0.35272,0.76074,0.58223,0.1232,0.1232,-0.004307,-0.004307,-0.15732,1.0413,0.1487,-0.74385,-0.74385,0.27621,0.046696,-0.43783,0.65874,0.81175,0.30171,-0.25932,0.53123,0.30171,0.37822,-0.31033,-0.51434,-0.18282,-0.029808,0.35272,0.046696,0.19971,0.58223,0.60773,0.1742,0.072198,0.1742,0.37822,0.1232,0.1742,-0.33583,-0.48884,-0.28482,0.19971,0.42922,-0.36133,0.32721,0.19971,0.96476,1.0668,0.42922,-0.15732,-0.53984,-0.51434,-0.05531,-0.080812,-0.53984,0.27621,0.76074,1.2963,1.0923,0.30171,-0.82036,-0.56534,0.32721,0.072198,-0.28482,0.021195,1.0668,0.40372,-0.99887,0.22521,0.35272,0.48022,0.91375,-0.41233,-0.41233,0.50573,1.0923,0.32721,-0.48884,-0.79486,-3.702,1.3983,1.8318,0.99026,0.50573,-2.733,3.7699,1.1178,0.19971,0.25071,-0.28482,-0.99887,0.021195,-0.23382,-0.48884,-0.84586,-0.69285,0.53123,0.91375,1.7553,0.55673,0.42922,0.55673,0.1232,-0.18282,-0.28482,0.0977,0.42922,0.22521,0.0977,-0.004307,-0.43783,-0.79486,-0.28482,0.30171,0.48022,0.58223,0.0977,0.046696,-0.79486,1.1178,0.91375,-0.25932,-0.05531,0.60773,1.2453,0.63323,-0.74385,-0.87136,-0.84586,-0.36133,-1.3304,1.7043,1.1433,0.30171,-0.61635,0.48022,0.83725,-0.18282,-0.71835,-0.64185,-0.029808,-0.004307,0.1742,0.32721,0.91375,0.60773,0.73524,0.27621,-0.13181,-0.28482,-0.28482,0.0977,0.40372,0.68424,0.021195,0.072198,0.072198,0.1232,-0.28482,-0.38683,-0.61635,-0.13181,0.1232,0.1232,0.42922,0.32721,0.78624,1.2198,-0.20832,0.58223,0.27621,-0.33583,-0.71835,0.37822,0.45472,0.021195,-0.43783,-0.31033,0.1742,0.73524,0.1487,0.53123,1.4748,-0.33583,-1.1264,-0.69285,0.50573,0.91375,-0.029808,-0.23382,-0.38683,-0.05531,0.046696,0.30171,0.76074,1.3983,0.32721,0.53123,0.42922,0.22521,-0.33583,-0.05531,0.1742,-0.05531,0.22521,-0.53984,-0.87136,-0.46334,0.30171,1.2708,0.91375,0.70974,0.32721,-0.66735,0.65874,-0.080812,-0.28482,-0.28482,-0.080812,-1.5344,1.1943,1.6533,0.73524,0.55673,0.42922,0.19971,-0.20832,-0.87136,-1.7384,0.32721,1.2963,0.50573,0.53123,0.021195,-0.38683,-0.89686,-0.46334,0.73524,1.6023,1.7808,0.96476,-0.43783,-0.56534,-1.6874,-0.33583,2.4694,0.45472,-0.080812,-0.66735,-0.20832,0.86275,1.3728,0.45472,-1.0499,-1.1774,-0.20832,0.70974,0.30171,-0.029808,1.0923,-0.38683,0.70974,0.83725,0.37822,0.27621,-0.13181,0.0977,-0.080812,-0.20832,-0.74385,-0.20832,-0.28482,-1.0499,-1.7129,3.8464,2.3418,0.27621,-0.84586,-0.28482,-0.05531,0.046696,-0.82036,0.30171,0.60773,-0.05531,0.1232,-0.080812,-0.05531,0.45472,0.96476,0.25071,-0.74385,0.25071,0.91375,0.19971,-0.38683,-0.31033,0.88825,0.58223,-0.25932,-1.1519,0.42922,0.37822,0.22521,-0.66735,0.99026,0.99026,0.93925,0.96476,-1.1009,-1.6874,-0.92237,0.40372,1.1688,1.2453,0.88825,0.63323,-1.5599,1.5513,1.0158,-1.2284,-1.3049,-1.1009,0.046696,0.40372,0.37822,-0.56534,1.1178,0.60773,0.046696,-0.23382,0.53123,1.0668,0.99026,0.072198,-0.20832,-0.33583,-1.1009,0.0977,0.50573,-0.18282,-0.31033,0.072198,0.19971,0.63323,0.73524,0.68424,0.40372,-0.080812,-0.10631,-0.23382,-0.56534,0.0977,0.65874,0.73524,0.50573,-0.48884,-0.20832,0.50573,0.072198,0.55673,0.35272,-0.23382,0.68424,0.1232,-0.74385,-0.48884,-0.20832,0.50573,0.78624,0.65874,0.22521,0.072198,0.072198,0.1742,-0.13181,-0.25932,0.42922,0.83725,0.50573,0.27621,-0.25932,-1.8149,0.83725,0.22521,0.19971,0.32721,0.072198,-0.080812,-0.38683,0.99026,0.45472,0.42922,0.58223,0.30171,-0.46334,-0.13181,-0.28482,-0.74385,0.58223,0.48022,-0.029808,0.83725,0.22521,-0.33583,-0.20832,0.37822,0.30171,0.072198,0.60773,-0.18282,-0.38683,-0.05531,0.19971,0.22521,0.32721,0.37822,-0.13181,-0.36133,-0.10631,0.63323,0.48022,0.19971,0.42922,-0.080812,-0.69285,0.40372,-0.33583,-0.69285,1.1178,-2.1464,3.8209,1.2963,-0.41233,-0.59084,-0.28482,-0.43783,-0.36133,-0.79486,-2.58,0.86275,1.3473,1.7553,0.83725,0.37822,0.1232,0.35272,-0.36133,-0.59084,-0.41233,-0.56534,0.19971,0.48022,0.81175,0.60773,0.63323,0.19971,-0.33583,-0.41233,0.072198,0.76074,0.072198,-0.33583,-0.61635,0.86275,0.55673,-0.18282,0.1232,-0.15732,-0.080812,0.0977,-0.080812,0.96476,0.73524,-0.20832,-0.71835,-0.28482,-0.36133,0.1232,0.55673,1.0923,1.2453,0.48022,-0.43783,-0.31033,-0.64185,0.50573,-0.080812,-0.13181,0.27621,0.53123,-1.3304,1.7298,0.70974,0.25071,-0.31033,-0.41233,0.0977,0.35272,-0.029808,-0.33583,-0.25932,0.30171,1.0413,0.42922,0.021195,-0.080812,0.021195,-0.029808,0.021195,0.021195,0.1742,0.42922,0.99026,0.35272,0.42922,0.046696,-0.51434,-0.43783,-0.33583,-0.28482,0.19971,0.83725,0.48022,0.45472,0.42922,0.072198,-0.31033,-0.59084,-0.48884,0.32721,0.021195,0.25071,0.45472,0.60773,0.27621,1.0413,0.81175,0.76074,-0.76936,-0.87136,0.046696,-0.84586,0.35272,0.32721,0.19971,-0.080812,0.0977,0.40372,0.68424,0.45472,0.40372,-0.05531,-0.18282,-0.13181,0.63323,0.48022,-0.18282,0.32721,0.22521,0.021195,-0.28482,-0.080812,-0.20832,0.046696,0.78624,1.1688,0.30171,-0.15732,-0.43783,-0.31033,-0.004307,0.0977,0.37822,0.22521,-0.10631,0.68424,0.60773,-0.20832,-0.33583,0.072198,0.25071,0.45472,-0.10631,0.91375,-0.10631,0.1742,-0.76936,-0.004307,0.53123,-0.080812,-0.56534,-0.25932,0.53123,0.73524,0.53123,0.19971,0.37822,0.32721,0.19971,-0.15732,-0.004307,-0.004307,0.48022,0.1232,0.0977,-0.46334,-0.25932,0.22521,0.45472,0.60773,0.32721,-0.029808,-0.080812,0.1742,0.45472,0.48022,-0.029808,0.0977,-0.20832,0.60773,0.25071,-0.10631,-0.46334,-0.05531,0.42922,0.35272,-0.05531,-0.13181,0.37822,0.22521,0.40372,0.58223,0.25071,-0.15732,-0.004307,-0.51434,-0.31033,0.76074,0.63323,0.021195,0.1487,0.1742,-0.15732,0.072198,-0.080812,-0.33583,-0.20832,0.93925,1.1433,1.1178,0.1742,-0.31033,-0.36133,-0.33583,-0.41233,-0.029808,0.42922,0.27621,0.45472,0.072198,-0.59084,0.35272,-0.080812,1.0668,0.1487,-0.23382,0.1232,-0.48884,1.0668,-0.61635,0.1487,-0.13181,-0.05531,-0.029808,0.1487,-0.10631,0.0977,0.55673,0.70974,0.19971,1.0413,1.0413,-0.33583,-0.84586,-0.76936,-0.41233,0.0977,0.35272,1.1178,0.48022,0.25071,0.021195,0.046696,0.42922,-0.36133,-0.46334,0.1232,-0.05531,0.021195,0.42922,0.81175,-0.28482,0.53123,-0.36133,0.42922,0.78624,1.5513,0.42922,-0.89686,-1.3814,-0.36133,0.021195,0.65874,0.45472,0.53123,0.32721,0.046696,-0.31033,0.73524,0.45472,-0.004307,-0.31033,-0.18282,0.27621,0.70974,0.53123,0.83725,-0.43783,-0.51434,-0.69285,0.1232,0.32721,0.32721,0.1232,0.40372,0.40372,0.45472,-0.029808,0.30171,0.1487,0.42922,-0.43783,-0.029808,-0.080812,0.072198,0.86275,1.1433,0.1232,-0.74385,-0.13181,0.1487,0.27621,-0.33583,-0.33583,-0.15732,0.40372,0.40372,-0.13181,0.046696,0.53123,1.6278,1.2708,0.65874,-0.15732,-0.13181,-0.38683,-0.64185,-0.71835,-0.71835,0.42922,0.1487,0.32721,0.32721,0.32721,0.68424,-0.38683,0.35272,0.32721,0.68424,0.40372,-0.10631,-0.51434,-0.20832,-0.080812,-0.13181,-0.20832,-0.43783,1.1688,0.48022,-0.18282,0.40372,1.0158,1.1688,0.63323,-0.69285,-0.84586,-0.59084,0.1232,-0.31033,-0.59084,1.2453,0.50573,0.046696,0.072198,0.63323,0.35272,-0.15732,-0.029808,-0.080812,0.58223,0.70974,0.30171,-0.029808,-0.79486,-0.004307,0.1232,0.40372,0.45472,0.0977,0.1742,0.27621,0.1742,0.021195,-0.31033,-0.13181,0.58223,0.32721,-0.46334,-0.004307,0.27621,1.0413,0.27621,0.021195,0.1232,-0.004307,0.046696,-0.18282,0.1742,0.78624,0.48022,0.19971,-0.10631,-0.33583,-0.13181,0.22521,0.55673,0.1232,-0.05531,0.32721,0.1232,0.1487,0.25071,0.021195,0.1742,0.40372,0.1232,-0.25932,0.0977,0.22521,0.73524,-0.029808,-0.56534,-0.61635,-0.38683,0.072198,0.0977,0.37822,0.99026,1.1178,1.0158,-0.05531,-0.51434,-0.51434,0.046696,0.40372,0.42922,-0.20832,-0.41233,-0.029808,0.1232,0.50573,0.48022,0.22521,0.63323,0.072198,-0.20832,-0.48884,-0.56534,0.50573,0.40372,0.021195,0.19971,-0.029808,0.50573,0.48022,0.76074,0.1232,-0.23382,-0.66735,-0.28482,-0.28482,0.55673,0.53123,0.70974,-0.46334,0.37822,0.60773,0.48022,-0.20832,-0.36133,0.021195,-0.15732,-0.23382,0.37822,0.1487,0.78624,0.50573,0.072198,-0.20832,0.046696,0.22521,0.42922,0.53123,0.45472,-0.080812,-0.31033,-0.33583,-0.18282,0.22521,0.37822,0.046696,0.072198,0.37822,-0.080812,0.86275,0.60773,0.072198,-0.13181,-0.029808,0.021195,0.1742,-0.080812,-0.20832,0.1487,0.22521,-0.18282,-0.080812,0.046696,0.63323,0.70974,0.35272,0.42922,0.22521,-0.20832,0.1742,0.072198,-0.13181,-0.38683,0.0977,0.19971,0.19971,0.35272,0.27621,-0.25932,0.072198,0.55673,0.27621,0.072198,-0.029808,0.021195,0.072198,-0.28482,-0.31033,0.22521,0.50573,0.53123,0.42922,0.072198,-0.38683,0.19971,0.1232,0.30171,0.68424,0.32721,0.42922,-0.28482,-0.66735,-0.46334,0.072198,0.55673,0.19971,0.1742,0.046696,-0.029808,0.35272,0.25071,0.22521,0.50573,0.58223,0.40372,-0.029808,0.22521,-0.71835,0.25071,-0.18282,-0.48884,-0.13181,0.1742,0.68424,0.81175,0.42922,0.45472,0.68424,0.73524,-0.080812,-0.59084,-0.94787,-0.61635,0.1487,0.1232,0.30171,0.30171,0.58223,0.63323,0.58223,0.021195,-0.23382,-0.15732,-0.15732,0.27621,0.58223,0.93925,0.63323,-0.10631,-0.18282,-0.59084,-0.31033,-0.080812,0.40372,0.1742,-0.61635,-0.38683,0.53123,1.7298,0.96476,0.27621,0.072198,-0.46334,-0.41233,-0.28482,-0.080812,0.30171,0.63323,0.86275,-0.10631,-0.15732,-0.10631,0.27621,0.22521,0.1742,0.22521,-0.004307,0.0977,0.1232,0.42922,0.0977,0.76074,-0.23382,-0.05531,-0.10631,-0.38683,0.046696,0.25071,0.35272,-0.13181,0.70974,0.76074,-0.029808,-0.43783,-0.15732,-0.13181,-0.029808,0.021195,0.1742,0.046696,0.32721,0.88825,0.32721,0.40372,0.1232,0.37822,-0.10631,-0.28482,-0.33583,-0.080812,0.42922,0.53123,0.072198,0.27621,0.30171,-0.029808,0.046696,-0.080812,0.25071,0.1487,0.0977,0.22521,-0.004307,0.40372,0.35272,0.1487,0.37822,0.22521,-0.38683,-0.23382,0.072198,0.27621,0.60773,0.48022,0.48022,0.1232,-0.23382,0.072198,-0.20832,-0.33583,-0.25932,0.40372,0.65874,0.65874,0.53123,0.30171,0.1487,-0.029808,0.072198,-0.43783,-0.15732,-0.080812,0.19971,0.021195,0.42922,0.50573,0.1232,0.0977,0.22521,0.19971,0.73524,0.55673,0.60773,-0.23382,-0.46334,-0.33583,-0.38683,-0.23382,0.19971,0.27621,0.48022,0.27621,0.42922,0.22521,0.021195,-0.004307,0.1232,0.1742,0.40372,0.27621,0.0977,-0.28482,0.072198,0.27621,0.78624,0.32721,-0.28482,-0.20832,-0.080812,0.072198,-0.18282,0.19971,0.99026,0.30171,-0.080812,0.021195,-0.25932,-0.080812,0.53123,0.73524,0.45472,-0.004307,-0.61635,-0.43783,0.1232,1.4493,0.27621,-0.61635,-0.33583,-0.10631,0.1487,-0.080812,-0.05531,-0.004307,0.32721,0.70974,0.65874,0.19971,0.27621,0.40372,-0.13181,-0.029808,-0.10631,0.55673,0.072198,-0.004307,0.072198,-0.31033,0.072198,0.42922,0.27621,0.1487,-0.13181,-0.28482,-0.004307,0.35272,0.63323,0.55673,0.32721,0.22521,0.40372,-0.10631,-0.38683,-0.28482,-0.20832,0.072198,0.86275,0.40372,0.40372,-0.004307,0.19971,0.27621,-0.31033,-0.28482,-0.10631,-0.13181,0.22521,0.42922,0.96476,0.32721,-0.004307,0.1232,-0.10631,-0.080812,0.072198,0.1487,0.22521,0.32721,0.072198,0.021195,0.0977,0.22521,0.86275,-0.10631,-0.23382,0.021195,0.1232,0.40372,0.1232,-0.05531,-0.080812,0.021195,0.1487,0.35272,0.37822,0.021195,0.021195,0.1487,0.53123,0.30171,-0.080812,0.1487,0.046696,-0.05531,-0.004307,0.1742,0.32721,0.37822,0.1487,0.1742,-0.13181,0.1742,0.40372,0.0977,0.25071,0.30171,-0.13181,0.19971,-0.004307,0.1232,-0.05531,-0.15732,-0.05531,0.1232,0.58223,0.30171,0.072198,-0.15732,0.1487,0.48022,1.1433,-0.38683,-0.36133,-0.43783,-0.004307,0.1742,0.25071,0.37822,0.25071,0.37822,0.1487,0.072198,-0.28482,0.1487,0.35272,0.68424,0.35272,-0.25932,-0.13181,-0.05531,-0.029808,0.1232,0.32721,0.35272,0.35272,0.22521,0.1742,-0.004307,0.22521,0.22521,-0.13181,-0.46334,-0.43783,0.32721,1.0413,0.70974,0.021195,0.1232,-0.15732,-0.15732,-0.029808,-0.10631,-0.10631,0.1742,0.27621,0.19971,0.27621,0.48022,0.81175,0.55673,0.22521,-0.05531,-0.56534,-0.33583,-0.10631,-0.080812,-0.029808,0.021195,0.1742,0.55673,0.70974,0.32721,0.0977,0.021195,0.1232,0.32721,0.32721,0.0977,0.021195,-0.05531,0.0977,0.22521,-0.15732,0.1487,-0.004307,0.1742,0.30171,0.22521,-0.080812,-0.10631,-0.23382,0.22521,0.1487,0.35272,0.1232,0.65874,0.70974,0.19971,-0.080812,-0.28482,-0.18282,-0.25932,-0.05531,0.22521,0.73524,0.32721,0.22521,0.072198,-0.18282,0.021195,0.072198,0.0977,0.35272,0.35272,0.27621,0.072198,-0.28482,-0.13181,-0.10631,-0.080812,0.046696,0.072198,0.30171,0.68424,0.73524,-0.10631,-0.15732,0.046696,0.35272,0.50573,-0.33583,-0.25932,-0.23382,-0.080812,0.046696,0.25071,0.32721,0.55673,0.83725,0.58223,0.25071,-0.23382,-0.33583,-0.41233,0.021195,0.53123,1.0413,0.021195,-0.33583,-0.23382,0.072198,-0.20832,-0.13181,0.19971,0.58223,0.48022,0.35272,0.072198,-0.15732,-0.004307,0.27621,0.1232,0.0977,-0.004307,-0.029808,0.22521,0.48022,0.68424,-0.004307,-0.13181,0.1487,0.50573,0.1742,-0.28482,-0.05531,-0.13181,-0.25932,-0.004307,0.22521,0.86275,0.76074,0.0977,-0.23382,0.40372,0.35272,0.65874,0.1232,0.046696,-0.18282,-0.080812,0.0977,-0.28482,-0.029808,-0.029808,0.58223,0.63323,0.072198,0.046696,-0.05531,0.40372,0.22521,0.25071,-0.004307,-0.28482,-0.05531,0.1232,0.88825,0.37822,0.32721,-0.13181,-0.15732,-0.029808,0.19971,-0.080812,-0.05531,0.37822,0.88825,0.81175,0.63323,-0.05531,-0.36133,-0.43783,-0.48884,-0.28482,0.19971,0.046696,-0.10631,0.45472,0.99026,0.88825,-0.10631,-0.13181,-0.18282,0.046696,0.42922,0.22521,0.046696,-0.10631,0.1487,0.1232,0.1742,0.046696,0.0977,0.1232,0.021195,0.55673,0.32721,-0.080812,-0.13181,0.1487,0.27621,0.27621,0.37822,-0.080812,-0.33583,0.046696,0.42922,0.58223,0.55673,0.1742,-0.38683,-0.31033,-0.20832,-0.029808,0.35272,0.48022,0.63323,0.19971,-0.004307,0.1232,0.22521,0.021195,-0.23382,-0.080812,0.1487,0.32721,0.25071,0.25071,0.19971,0.27621,0.1487,0.32721,-0.080812,-0.46334,-0.28482,0.55673,0.32721,-0.05531,-0.004307,0.73524,0.65874,0.50573,-0.31033,-0.64185,-0.18282,0.70974,0.27621,-0.029808,0.021195,0.27621,0.45472,0.63323,-0.05531,-0.25932,0.021195,0.30171,0.42922,0.1232,-0.004307,-0.20832,0.1487,0.1742,0.27621,0.0977,0.32721,0.58223,0.58223,0.30171,-0.18282,-0.25932,-0.46334,-0.13181,0.072198,0.48022,0.40372,0.50573,0.58223,-0.029808,-0.20832,0.1487,0.1742,0.19971,-0.10631,-0.23382,0.072198,0.45472,0.55673,0.63323,0.42922,-0.31033,-0.28482,-0.004307,-0.004307,-0.080812,0.22521,0.22521,0.45472,0.32721,0.48022,0.68424,0.22521,-0.080812,-0.48884,-0.48884,-0.15732,0.27621,0.70974,0.35272,0.0977,0.1232,0.30171,0.25071,-0.004307,-0.004307,0.0977,0.1742,-0.029808,0.50573,0.68424,1.0668,-0.36133,-0.56534,-0.23382,-0.004307,-0.029808,0.072198,0.1232,0.68424,0.73524,0.25071,-0.05531,-0.029808,0.1232,-0.13181,0.25071,0.48022,0.53123,-0.28482,-0.20832,-0.33583,-0.20832,0.1742,0.70974,0.1742,0.0977,0.45472,0.83725,0.60773,-0.080812,-0.82036,-0.029808,0.22521,1.1433,0.072198,-0.31033,-0.18282,-0.13181,-0.10631,-0.20832,-0.05531,0.65874,1.1433,0.81175,0.1487,-0.25932,-0.76936,-0.15732,0.32721,1.1433,0.78624,-0.25932,-0.71835,-0.029808,0.45472,0.63323,-0.25932,-0.61635,-0.20832,-0.080812,-0.10631,0.1742,1.1943,1.4748,0.83725,-0.31033,-0.41233,-0.38683,-0.15732,-0.05531,-0.25932,0.22521,0.65874,1.7298,0.0977,-0.36133,-0.25932,-0.33583,-0.080812,-0.13181,-0.10631,0.48022,0.27621,0.83725,-0.080812,-0.23382,-0.25932,-0.23382,0.1232,0.25071,0.35272,0.35272,0.25071,0.45472,0.65874,0.48022,-0.59084,-0.66735,-0.46334,-0.23382,0.63323,0.53123,0.30171,0.1232,-0.05531,0.32721,0.1742,0.32721,0.50573,1.2198,-0.004307,-0.41233,-0.20832,-0.43783,-0.36133,0.021195,0.1487,0.0977,0.22521,0.93925,0.93925,0.021195,-0.25932,-0.28482,0.1742,0.22521,-0.080812,0.32721,0.30171,0.19971,-0.004307,0.25071,0.1232,0.1487,-0.46334,-0.004307,0.40372,1.3983,1.1943,-0.20832,-0.05531,0.0977,-0.13181,-0.18282,-0.43783,-0.53984,-0.10631,0.42922,0.50573,0.58223,0.93925,0.35272,-0.080812,-0.13181,-0.20832,0.45472,0.53123,0.25071,-0.004307,-0.15732,-0.38683,0.63323,0.60773,0.072198,-0.004307,-0.05531,-0.15732,-0.080812,-0.25932,-0.23382,0.0977,0.27621,0.45472,0.70974,1.0923,0.37822,-0.36133,-0.33583,0.046696,-0.28482,0.1487,0.27621,0.22521,-0.13181,-0.15732,-0.51434,0.99026,0.91375,0.91375,0.22521,-0.05531,-0.38683,-0.69285,-0.89686,-0.41233,0.1742,1.0413,0.68424,0.76074,0.60773,0.48022,-0.13181,-0.43783,-0.31033,-0.36133,0.37822,0.32721,0.45472,-0.41233,-0.004307,0.25071,0.1742,0.60773,1.0413,-0.18282,-0.48884,-0.080812,0.55673,0.1487,-0.20832,-0.33583,0.55673,0.19971,0.1487,0.35272,0.30171,0.1742,-0.05531,0.0977,-0.004307,0.1487,-0.05531,0.27621,-0.029808,0.25071,0.35272,0.53123,0.63323,0.60773,0.42922,-0.33583,-0.84586,-0.38683,-0.23382,0.0977,0.19971,0.83725,0.45472,0.1232,0.1742,0.76074,0.60773,-0.05531,-0.13181,-0.080812,-0.28482,0.021195,-0.23382,0.45472,0.40372,0.32721,0.60773,-0.080812,-0.46334,-0.28482,-0.029808,0.046696,0.25071,0.40372,0.81175,0.40372,-0.029808,-0.004307,0.021195,-0.080812,0.0977,0.30171,0.25071,-0.41233,-0.79486,1.1433,0.65874,0.021195,0.0977,-0.080812,-0.76936,-0.33583,0.1487,0.63323,0.63323,0.58223,0.42922,0.22521,0.25071,0.046696,0.50573,0.22521,-0.15732,-0.38683,-0.31033,0.19971,0.81175,-0.10631,-0.18282,-0.10631,-0.080812
-0.029808,0.072198,0.1487,0.22521,0.19971,0.1487,0.1742,0.1742,0.1742,0.19971,0.072198,0.021195,0.0977,0.1487,0.1487,0.19971,0.1487,0.1487,0.1487,0.1487,0.072198,0.0977,0.1232,0.1742,0.1487,0.1232,0.072198,0.072198,0.0977,0.046696,0.072198,0.1232,0.1742,0.19971,0.27621,0.25071,0.22521,0.1742,0.072198,0.046696,0.021195,0.021195,0.1487,0.27621,0.25071,0.25071,0.22521,0.1232,0.0977,0.0977,0.046696,0.1232,0.1232,0.1232,0.1232,0.1232,0.072198,0.0977,0.021195,-0.004307,-0.004307,0.0977,0.1742,0.19971,0.19971,0.27621,0.22521,0.19971,0.0977,0.0977,0.046696,0.1232,0.1742,0.1742,0.1232,0.1487,0.1487,0.1232,0.1487,0.1232,0.1232,0.072198,0.0977,0.19971,0.19971,0.22521,0.22521,0.1742,0.0977,-0.004307,-0.029808,0.1232,0.1742,0.30171,0.30171,0.1742,0.1487,0.1487,0.046696,0.0977,0.0977,0.1232,0.1742,0.1742,0.1232,0.1742,0.22521,0.1232,0.1487,-0.004307,-0.029808,0.0977,0.22521,0.22521,0.22521,0.1487,0.1232,0.1232,0.1487,0.0977,0.072198,0.021195,0.19971,0.1742,0.22521,0.1487,0.1487,0.1232,0.1487,0.0977,-0.029808,0.021195,0.1232,0.22521,0.32721,0.27621,0.1232,0.1487,0.046696,0.1487,0.072198,0.1742,0.1742,0.1232,0.19971,0.19971,0.27621,0.1232,0.072198,-0.004307,-0.004307,0.021195,0.19971,0.27621,0.19971,0.32721,0.22521,0.1232,0.0977,0.072198,0.046696,0.072198,0.1742,0.1742,0.1487,0.22521,0.1487,0.021195,0.021195,0.0977,0.021195,-0.004307,0.1487,0.1742,0.22521,0.19971,0.1487,0.021195,0.1487,0.1232,0.19971,0.072198,0.1232,0.32721,0.1742,0.22521,0.0977,0.1742,0.27621,0.1487,-0.05531,-0.13181,-0.080812,0.021195,0.0977,0.30171,0.32721,0.37822,0.30171,-0.004307,0.021195,-0.004307,0.1232,0.1487,0.1232,0.30171,0.42922,0.021195,-0.25932,0.072198,0.32721,0.27621,0.1487,0.1232,0.40372,0.58223,0.35272,-0.18282,-0.56534,-0.28482,-0.28482,0.1487,0.35272,0.42922,0.42922,0.046696,0.0977,0.93925,-0.029808,0.1742,-1.1264,-0.36133,0.27621,0.53123,-0.20832,-0.33583,0.81175,2.9284,-0.31033,-0.59084,0.83725,0.48022,-0.31033,0.1487,0.046696,0.046696,0.072198,-0.20832,-1.3559,-0.43783,2.0358,-0.029808,1.0923,-0.33583,0.83725,-1.5344,1.1178,3.9994,-0.18282,-1.4834,-1.3049,0.35272,-1.2794,-2.478,2.0358,2.2143,2.0613,-1.1519,0.0977,-5.1301,5.9376,2.0613,-1.4324,-0.94787,-1.5344,-4.3396,4.6625,0.93925,0.1487,-0.71835,4.076,0.88825,-7.2213,1.6788,1.9083,0.30171,1.0413,0.55673,-0.66735,-1.8404,-1.6619,-1.4834,-6.1757,8.0287,1.9593,-0.28482,0.58223,2.1633,1.5258,0.55673,-2.325,-2.733,0.32721,0.73524,-0.20832,0.78624,1.3218,0.48022,-1.5854,0.60773,0.32721,3.5404,-1.5599,1.6278,-0.10631,-1.9169,-1.9934,-0.79486,0.48022,0.0977,-0.029808,0.19971,1.9848,0.65874,0.1487,0.45472,0.48022,0.40372,0.021195,-0.48884,-0.080812,1.7043,0.65874,-0.15732,-0.31033,-0.080812,0.021195,-0.18282,-0.23382,0.1232,-0.51434,-0.25932,0.91375,1.2963,0.78624,-0.10631,-0.18282,0.1742,0.0977,-0.66735,-1.8149,2.8264,1.2708,0.73524,0.55673,0.42922,-0.13181,-0.64185,-1.1009,-1.2539,-1.0754,0.19971,1.0668,1.1178,0.83725,0.40372,0.32721,0.30171,0.1742,0.78624,0.88825,0.42922,-0.48884,-0.56534,0.40372,0.1232,-0.13181,-0.23382,0.19971,-0.20832,0.1232,0.63323,0.53123,0.55673,0.65874,0.40372,-0.10631,-0.13181,-0.51434,-0.43783,-0.84586,-0.25932,-0.15732,1.0923,0.65874,0.96476,0.60773,0.73524,-0.20832,0.021195,-0.080812,0.55673,0.072198,-0.33583,-0.18282,0.1232,0.55673,-1.2029,-0.51434,1.1433,0.35272,-0.94787,-0.28482,0.93925,1.8318,1.2708,0.35272,-0.66735,-1.1009,-0.94787,-0.82036,-0.38683,0.91375,1.7043,0.70974,0.70974,0.1232,-0.48884,0.86275,-0.28482,-0.029808,0.60773,-0.33583,0.30171,-0.13181,-0.28482,-0.029808,0.19971,0.58223,-0.59084,0.22521,0.99026,0.76074,0.1487,-0.20832,0.48022,-0.41233,-0.15732,-0.029808,-0.28482,-0.080812,-0.64185,1.3473,0.40372,-0.64185,0.53123,1.1433,0.93925,-0.38683,-0.51434,-0.05531,0.60773,0.93925,-0.33583,-0.79486,-0.71835,-0.28482,-0.43783,0.81175,1.8318,0.99026,0.22521,-0.97337,0.1232,0.1232,-0.31033,0.1742,0.22521,0.37822,-0.94787,0.021195,0.60773,0.83725,0.88825,0.27621,-0.080812,0.35272,-0.51434,-1.4069,-0.79486,-0.53984,2.3163,0.60773,-0.10631,0.53123,0.021195,-0.36133,-0.10631,0.30171,0.60773,0.021195,-0.41233,-0.05531,0.25071,0.53123,0.1232,-0.36133,0.60773,0.0977,0.021195,0.73524,-0.080812,-0.25932,-0.94787,-0.029808,0.78624,0.1232,-0.20832,0.1232,-0.18282,0.19971,0.96476,0.22521,0.42922,0.76074,-0.48884,0.22521,0.021195,-0.53984,-1.0244,-0.05531,0.91375,1.2963,1.3218,0.072198,-0.41233,-0.33583,-0.15732,-0.79486,-2.1209,1.9083,0.021195,0.60773,0.83725,1.1433,0.99026,0.58223,-0.28482,-1.4069,-0.48884,-0.004307,-0.13181,0.83725,-0.05531,0.37822,1.0668,0.37822,-0.23382,-0.20832,-0.18282,0.046696,-0.13181,-1.2284,2.0358,0.91375,0.1742,-0.33583,0.50573,0.78624,0.22521,-0.51434,-0.28482,-0.029808,0.072198,-0.92237,-0.59084,0.1232,1.2708,1.5513,1.5513,-0.20832,-0.79486,-0.48884,-0.029808,0.0977,0.83725,0.22521,-0.15732,0.046696,0.30171,-1.4579,1.0158,2.3928,0.60773,-0.76936,-0.82036,0.30171,0.40372,0.072198,-0.46334,-0.69285,-0.64185,0.48022,1.3728,0.81175,-0.43783,0.1232,0.91375,0.53123,0.48022,-0.53984,-0.69285,-1.2029,-0.33583,0.96476,1.0158,0.73524,0.30171,-0.59084,-0.92237,0.021195,0.88825,1.1943,1.1943,0.1487,-0.61635,-0.56534,-0.99887,-0.84586,0.48022,1.0923,1.4238,0.1742,-0.69285,0.1742,-0.48884,-0.05531,0.19971,-0.029808,-0.080812,0.48022,0.91375,-0.029808,0.1742,0.0977,0.86275,0.96476,0.63323,0.30171,-0.59084,-0.92237,-1.1264,-0.33583,0.70974,1.0158,0.1742,0.27621,0.1232,0.072198,-0.31033,-0.25932,1.0413,0.73524,1.0158,0.50573,0.27621,-0.46334,-0.28482,-0.36133,0.19971,0.0977,-0.10631,-0.20832,0.70974,0.35272,0.53123,0.37822,0.53123,-0.25932,0.0977,-0.33583,-0.46334,-0.20832,0.1487,-0.080812,0.19971,0.58223,0.91375,1.0413,-0.59084,0.60773,0.53123,-0.76936,-0.84586,-0.66735,0.40372,1.2708,1.0158,-0.25932,-0.48884,-0.71835,-0.28482,0.40372,0.32721,0.1232,-0.080812,0.25071,0.70974,0.83725,0.88825,0.046696,-0.28482,-0.28482,-0.31033,0.1232,0.42922,0.1487,-0.28482,0.27621,1.2963,1.8318,0.91375,-1.0754,-2.5545,-0.61635,-0.69285,-0.05531,0.65874,0.53123,1.1943,1.1433,-0.48884,-0.15732,0.55673,0.30171,0.63323,0.25071,0.65874,-0.66735,-0.31033,0.021195,0.35272,0.021195,0.81175,0.25071,-0.10631,0.27621,0.021195,-0.33583,-0.74385,-0.05531,0.40372,1.2453,0.99026,0.35272,0.1232,-0.94787,-0.20832,0.021195,0.35272,0.58223,0.072198,0.021195,0.32721,0.22521,-0.080812,-0.25932,-1.0244,1.7043,1.5258,0.021195,-0.33583,0.1232,0.53123,-0.18282,-0.59084,-0.74385,-1.3559,0.42922,0.19971,0.22521,0.32721,0.30171,0.73524,0.70974,0.50573,0.25071,0.1742,0.021195,-0.25932,0.40372,0.37822,0.53123,-0.31033,-0.18282,-0.31033,0.27621,0.42922,0.021195,-0.20832,0.19971,-0.13181,-0.15732,0.42922,1.0668,0.48022,0.0977,-0.029808,-0.13181,-0.15732,0.25071,-0.080812,-0.36133,0.22521,0.68424,0.27621,-0.28482,0.072198,0.072198,1.2453,0.25071,-0.05531,-0.029808,0.072198,-0.05531,0.19971,0.1232,0.48022,0.1742,-0.004307,0.046696,0.1487,-0.20832,-0.18282,-0.23382,0.1487,0.96476,0.78624,0.37822,-0.080812,-0.25932,-0.33583,-0.33583,0.0977,0.45472,1.1943,0.86275,-0.004307,-0.53984,-0.25932,-0.36133,-0.59084,-0.41233,0.99026,0.58223,0.27621,0.32721,0.27621,0.55673,0.70974,0.1487,-0.48884,-0.13181,0.0977,0.35272,0.42922,-0.36133,-0.25932,-0.28482,0.046696,0.1487,0.32721,0.42922,-0.13181,-0.080812,0.30171,0.83725,1.2453,0.1232,-0.080812,-0.18282,-0.53984,-0.71835,-0.18282,0.021195,0.32721,0.55673,0.1742,0.45472,-0.05531,-0.25932,0.1232,0.63323,0.48022,0.42922,-0.10631,0.37822,0.046696,-0.10631,0.046696,0.1232,0.63323,0.32721,-0.15732,-0.004307,0.0977,0.1232,0.27621,0.37822,-0.004307,0.22521,0.91375,0.73524,-0.18282,0.76074,0.60773,-0.38683,-0.66735,-0.79486,-0.71835,0.1232,0.65874,0.65874,0.65874,0.81175,0.50573,0.1232,-0.13181,0.072198,0.25071,0.1232,-0.20832,-0.36133,0.0977,0.40372,-0.029808,-0.05531,-0.004307,0.1742,-0.31033,0.1487,0.1232,0.73524,0.42922,0.83725,0.27621,-0.080812,-0.33583,-0.51434,-0.28482,0.27621,0.88825,-1.8914,1.2708,0.60773,0.40372,0.30171,0.45472,0.19971,0.072198,-0.56534,-0.51434,-0.18282,0.25071,0.37822,0.93925,1.1943,0.1232,0.0977,-0.080812,-0.05531,-0.13181,-0.25932,0.96476,0.35272,-0.20832,0.42922,0.1742,-0.25932,-0.05531,0.1742,-0.029808,-0.33583,-0.56534,0.60773,0.68424,0.81175,0.99026,-0.029808,-0.56534,0.65874,-0.33583,-0.46334,-0.13181,0.25071,0.45472,0.58223,0.53123,0.50573,-0.41233,-0.31033,-0.20832,0.0977,0.55673,0.91375,0.70974,0.25071,0.45472,-0.13181,-0.41233,-0.71835,-0.71835,0.58223,0.68424,1.8063,0.32721,-0.36133,-0.41233,-0.64185,-0.23382,-0.25932,0.19971,-0.20832,0.83725,0.76074,0.50573,0.42922,0.021195,0.45472,0.32721,-0.59084,-0.76936,0.046696,0.25071,0.76074,0.81175,0.68424,-0.13181,-0.48884,-0.25932,-0.18282,0.046696,-0.080812,0.40372,0.35272,0.78624,1.0923,0.76074,0.19971,0.021195,-0.71835,-0.89686,-0.05531,0.021195,0.27621,0.68424,0.0977,0.53123,0.072198,-1.2539,0.63323,0.42922,-0.029808,0.0977,0.45472,0.55673,0.32721,-0.46334,-0.94787,-0.43783,0.1742,0.60773,0.072198,0.1232,0.25071,0.19971,0.072198,0.58223,0.40372,0.35272,0.1742,-0.33583,-0.20832,0.53123,0.70974,0.37822,-0.31033,-0.36133,-0.18282,-0.13181,-0.15732,0.1232,0.32721,1.0158,0.072198,0.32721,-0.05531,-0.080812,0.25071,0.53123,-0.004307,0.046696,-0.004307,-0.05531,-0.029808,0.1742,0.1742,0.37822,0.22521,-0.080812,0.86275,0.81175,0.37822,-0.004307,0.1232,0.1232,-0.080812,-0.18282,-0.59084,-0.48884,-0.38683,-0.13181,0.22521,0.1232,0.32721,0.73524,0.99026,0.48022,0.37822,0.046696,-0.25932,-0.76936,-0.38683,-0.05531,0.42922,0.78624,0.27621,-0.029808,-0.004307,-0.029808,-0.61635,0.88825,0.93925,0.55673,-0.004307,0.046696,-0.029808,0.072198,0.1487,-0.15732,-0.69285,-0.25932,0.0977,0.1487,0.65874,0.81175,1.0413,0.83725,0.072198,-0.43783,-0.89686,-0.79486,-0.61635,0.40372,0.58223,0.48022,1.0413,0.91375,0.53123,-0.080812,-0.080812,-0.13181,-1.2539,-0.004307,0.73524,0.45472,0.32721,0.96476,0.32721,-0.41233,-0.56534,-0.33583,-0.080812,0.30171,0.53123,0.76074,0.50573,0.53123,-0.15732,-0.36133,-0.13181,-0.36133,0.021195,0.76074,1.3728,0.93925,0.42922,-0.31033,-0.41233,0.021195,-0.20832,-0.28482,0.072198,0.22521,0.48022,-0.029808,-0.25932,-0.31033,0.58223,0.63323,0.83725,0.48022,-0.41233,0.63323,-0.13181,0.0977,-0.28482,-0.28482,-0.38683,-0.20832,-0.080812,0.1742,0.0977,0.021195,1.0413,1.1943,0.88825,0.63323,0.42922,0.1232,-0.64185,-0.92237,-0.56534,-0.61635,-0.080812,0.22521,0.48022,0.63323,0.83725,0.60773,-0.029808,-0.080812,-0.004307,0.22521,0.021195,0.50573,-0.20832,0.046696,-0.25932,-0.38683,-0.48884,0.27621,0.83725,0.86275,-0.64185,0.046696,0.50573,0.072198,0.48022,0.021195,-0.74385,0.60773,-0.53984,0.0977,0.1742,1.0413,0.81175,0.30171,-0.10631,-0.13181,-0.23382,0.1232,0.30171,0.1232,0.0977,0.68424,0.27621,0.072198,-0.15732,0.072198,0.1487,-0.28482,-0.33583,0.072198,0.40372,0.68424,0.1742,0.046696,-0.05531,-0.20832,-0.080812,0.1232,0.1742,0.35272,0.32721,1.3473,0.65874,0.76074,-0.56534,-0.31033,-0.43783,-0.56534,-0.05531,-0.05531,-0.004307,0.1742,0.50573,0.96476,-0.029808,0.0977,0.25071,-0.20832,-0.23382,0.32721,0.70974,0.27621,0.30171,0.021195,0.1232,-0.18282,-0.48884,-0.23382,0.1742,1.4238,0.37822,-0.13181,-0.080812,-0.004307,0.046696,-0.029808,0.1232,-0.080812,0.70974,0.1487,0.1487,0.45472,0.76074,0.42922,-0.15732,-0.10631,-0.41233,-0.94787,-0.080812,0.50573,0.1742,0.32721,0.30171,0.65874,0.40372,0.1742,0.53123,0.60773,-0.18282,-0.25932,-0.05531,-0.38683,-0.05531,1.0923,0.55673,0.76074,-0.080812,-0.33583,-0.43783,-0.59084,-0.23382,0.021195,0.32721,0.50573,0.83725,0.58223,0.0977,0.021195,-0.029808,0.0977,0.1232,0.50573,-0.05531,0.73524,0.42922,-0.43783,-0.74385,-0.18282,-0.10631,0.58223,0.73524,1.0413,0.63323,-0.20832,-0.71835,-0.61635,-0.20832,0.072198,0.19971,0.27621,0.42922,0.58223,0.35272,-0.15732,-0.05531,0.22521,0.70974,0.021195,0.021195,-0.18282,-0.13181,0.40372,0.021195,0.072198,-0.029808,-0.10631,0.1487,0.19971,0.25071,-0.004307,0.021195,0.86275,0.99026,0.68424,-0.15732,-0.87136,-0.69285,-0.36133,0.046696,0.73524,0.30171,0.22521,0.40372,0.83725,0.53123,0.19971,-0.25932,0.021195,-0.13181,0.0977,-0.080812,-0.080812,0.046696,0.0977,0.046696,0.19971,0.35272,1.0668,0.48022,0.30171,-0.004307,-0.05531,-0.28482,-0.13181,-0.13181,-0.080812,0.1232,0.83725,0.76074,-0.05531,-0.13181,0.021195,0.53123,0.42922,-0.10631,-0.53984,-0.33583,0.046696,-0.31033,0.1232,0.30171,1.4238,0.65874,-0.13181,-0.38683,0.021195,0.37822,0.60773,0.32721,0.0977,0.1742,-0.31033,0.27621,-0.23382,-0.25932,-0.33583,-0.25932,-0.029808,0.55673,0.73524,0.63323,0.35272,0.55673,0.58223,0.1232,-0.28482,-0.48884,-0.41233,-0.20832,0.1487,0.1487,0.25071,0.50573,0.78624,0.1232,0.1742,-0.05531,0.42922,0.50573,0.30171,-0.029808,-0.43783,-0.23382,-0.13181,0.22521,-0.029808,0.1232,-0.004307,0.30171,0.76074,0.86275,0.93925,-0.18282,-0.51434,-0.31033,-0.004307,0.35272,0.32721,0.1742,0.021195,0.1742,-0.004307,0.0977,0.1487,0.1742,0.63323,0.55673,0.88825,0.40372,-0.53984,-0.84586,-0.53984,1.0923,-0.029808,-0.004307,-0.05531,0.1232,-0.31033,0.046696,0.19971,0.1487,-0.15732,-0.18282,0.58223,0.58223,0.60773,0.81175,0.68424,0.1232,-0.38683,-0.87136,0.021195,0.046696,-0.029808,0.021195,-0.080812,0.1232,-0.029808,0.27621,0.60773,0.70974,0.63323,0.1742,0.19971,0.30171,-0.36133,-0.46334,-0.48884,-0.41233,-0.23382,-0.05531,0.53123,0.48022,0.55673,0.42922,0.32721,0.0977,-0.28482,-0.10631,0.60773,0.68424,0.32721,1.5258,0.99026,-0.64185,-0.74385,-0.97337,-0.82036,-0.25932,0.072198,0.30171,0.37822,0.65874,0.53123,0.1487,0.19971,0.19971,0.046696,0.1232,0.0977,0.0977,-0.004307,0.63323,0.1742,-0.029808,0.22521,-0.05531,0.021195,-0.23382,-0.05531,0.021195,0.45472,0.1742,0.37822,0.0977,0.35272,-0.66735,-1.2029,0.88825,0.19971,-0.38683,0.1742,1.1178,0.93925,0.27621,-0.46334,-0.79486,-0.23382,-0.080812,0.021195,0.83725,1.1433,0.70974,0.53123,0.60773,-0.05531,-0.61635,-0.99887,-0.20832,-0.05531,0.63323,0.021195,-0.20832,-0.029808,0.1487,0.25071,0.1742,0.53123,0.70974,0.88825,0.19971,-0.18282,-0.36133,0.30171,0.35272,-0.46334,-0.41233,-0.10631,-0.20832,0.68424,0.88825,1.2708,0.53123,0.021195,-0.28482,-0.43783,-0.23382,-0.05531,-0.05531,0.30171,0.42922,-0.029808,-0.029808,-0.10631,1.1178,0.76074,0.1232,-0.13181,-0.46334,0.53123,-0.080812,-0.029808,0.1742,0.53123,0.37822,0.58223,-0.004307,-0.48884,-0.25932,-0.080812,0.55673,0.50573,-0.18282,0.072198,0.35272,0.35272,-0.029808,-0.38683,0.35272,0.88825,0.50573,0.1487,0.32721,0.1742,0.0977,-0.38683,-0.41233,-0.18282,0.73524,0.35272,-0.15732,0.27621,0.48022,0.046696,0.53123,0.19971,0.32721,-0.05531,-0.15732,-0.004307,0.0977,0.021195,0.072198,0.1742,0.072198,-0.080812,-0.080812,-0.029808,1.1178,0.86275,0.93925,-0.15732,-0.004307,-0.31033,-0.33583,0.046696,-0.15732,-0.59084,0.45472,0.42922,0.48022,1.5003,0.58223,-0.31033,-0.20832,-0.41233,-0.20832,-0.25932,-0.080812,0.046696,0.60773,0.50573,0.42922,0.072198,-0.004307,0.0977,0.22521,0.046696,-0.004307,0.25071,0.27621,0.42922,0.27621,0.32721,-0.13181,-0.23382,-0.10631,-0.13181,0.1742,0.50573,0.42922,0.50573,-0.05531,-0.080812,-0.13181,0.19971,-0.15732,-0.10631,-0.15732,1.1178,0.93925,0.19971,0.1232,0.046696,0.19971,0.046696,0.37822,0.1487,-0.20832,-0.10631,-0.28482,0.30171,0.1232,0.1232,-0.080812,-0.15732,0.73524,0.19971,0.35272,0.1742,0.1232,0.37822,0.32721,-0.080812,0.046696,-0.18282,-0.25932,-0.15732,0.27621,0.70974,0.40372,-0.080812,-0.029808,-0.13181,0.021195,0.0977,0.25071,0.32721,0.55673,0.48022,0.021195,-0.41233,-0.33583,0.1487,0.88825,0.32721,-0.20832,-0.05531,0.30171,0.0977,0.021195,0.32721,0.68424,0.35272,0.19971,0.046696,-0.080812,0.40372,0.37822,0.53123,-0.51434,-0.69285,-0.36133,0.072198,0.1232,0.40372,0.55673,0.48022,0.76074,1.0413,0.1742,0.1742,0.1232,-0.13181,-0.23382,-0.18282,-0.13181,-0.10631,-0.31033,0.046696,0.45472,1.0413,0.60773,-0.23382,-0.18282,0.1487,0.78624,1.0413,0.1742,-0.48884,-0.46334,0.1232,0.19971,-0.48884,-0.31033,0.32721,0.37822,1.3983,0.32721,-0.41233,-0.25932,0.30171,-0.18282,-0.05531,0.1232,0.73524,0.25071,0.0977,0.1742,-0.13181,0.1742,0.37822,1.0158,0.072198,-0.51434,0.0977,-0.36133,-0.15732,0.072198,0.37822,0.40372,0.27621,-0.05531,-0.13181,0.021195,0.68424,0.70974,-0.029808,0.27621,0.021195,-0.13181,-0.029808,0.1742,0.40372,0.37822,-0.13181,0.072198,0.32721,-0.31033,-0.15732,0.25071,0.83725,0.58223,0.19971,-0.18282,-0.080812,-0.20832,-0.92237,-0.080812,0.88825,0.83725,0.50573,0.73524,0.30171,0.0977,-0.48884,-0.74385,-0.41233,-0.38683,0.25071,0.42922,0.58223,0.35272,0.40372,0.55673,0.40372,0.32721,-0.13181,-0.18282,-0.029808,0.32721,0.48022,0.53123,0.53123,-0.029808,-0.41233,-0.53984,-0.41233,-0.15732,0.48022,0.32721,0.68424,0.37822,0.072198,0.0977,0.32721,-0.080812,-0.20832,0.48022,0.73524,1.0158,0.42922,-0.33583,-0.64185,-0.66735,-0.43783,-0.080812,0.0977,-0.15732,1.3473,0.93925,0.1487,0.30171,0.19971,0.072198,0.021195,-0.36133,-0.20832,-0.28482,0.046696,0.50573,0.70974,0.37822,-0.004307,-0.15732,0.22521,0.25071,0.22521,0.021195,0.0977,0.50573,-0.23382,-0.36133,-0.10631,0.22521,0.42922,0.40372,0.1487,-0.20832,-0.029808,0.32721,0.83725,0.30171,0.19971,0.22521,0.30171,-0.31033,-0.51434,-0.15732,0.19971,0.50573,0.30171,-0.05531,0.021195,0.0977,0.1232,0.78624,0.45472,0.22521,-0.080812,0.021195,0.30171,0.1232,-0.25932,-0.69285,-0.28482,0.70974,0.70974,0.0977,0.91375,0.25071,0.1232,-0.004307,-0.28482,-0.004307,0.37822,0.32721,0.072198,0.021195,0.27621,0.40372,-0.13181,0.1232,-0.10631,0.42922,-0.004307,0.046696,-0.004307,0.37822,0.046696,0.22521,-0.13181,0.0977,0.32721,0.55673,0.65874,0.19971,-0.36133,-0.080812,0.1232,0.1232,0.021195,0.046696,0.22521,0.1742,-0.004307,0.021195,0.19971,0.65874,0.76074,0.60773,0.021195,-0.25932,-0.25932,-0.28482,-0.36133,0.1232,0.1487,0.60773,0.32721,-0.10631,-0.10631,0.1742,1.0668,0.81175,-0.10631,0.30171,0.021195,-0.23382,-0.18282,-0.31033,-0.25932,-0.05531,0.42922,0.072198,0.046696,0.30171,1.0413,0.30171,0.83725,0.50573,0.27621,-0.05531,-0.43783,-0.56534,-0.43783,0.021195,0.65874,0.27621,0.1742,-0.004307,-0.10631,0.53123,0.58223,0.81175,0.27621,-0.080812,-0.080812,-0.36133,-0.15732,0.046696,0.1232,0.1232,0.25071,0.30171,0.1232,0.22521,0.37822,0.37822,-0.004307,-0.080812,-0.004307,0.42922,0.40372,-0.13181,0.1742,0.1232,-0.15732,0.27621,0.35272,0.30171,0.19971,-0.080812,-0.25932,0.046696,0.1232,0.53123,0.1742,0.68424,0.0977,0.046696,0.1742,0.046696,0.1232,0.046696,0.27621,-0.20832,-0.18282,-0.004307,0.1487,0.30171,0.60773,0.45472,0.19971,0.30171,0.1487,0.021195,-0.004307,-0.13181,-0.080812,-0.25932,0.072198,0.1742,0.53123,0.48022,0.60773,0.35272,0.30171,-0.18282,-0.46334,-0.56534,0.32721,0.83725,0.42922,-0.18282,0.021195,-0.080812,0.072198,0.046696,0.1742,0.35272,0.53123,0.76074,0.1232,0.021195,-0.13181,-0.46334,-0.080812,-0.004307,0.83725,0.27621,0.046696,0.021195,0.35272,0.0977,-0.10631,-0.10631,0.046696,-0.05531,0.0977,0.37822,0.53123,0.53123,0.046696,-0.029808,-0.080812,0.072198,0.25071,0.60773,0.25071,0.072198,0.046696,0.0977,-0.080812,0.021195,-0.10631,-0.13181,0.046696,0.22521,0.42922,0.25071,1.2708,0.83725,-0.080812,-0.61635,-0.51434,-0.23382,-0.080812,0.021195,0.30171,0.37822,0.48022,0.50573,0.37822,0.60773,0.1742,-0.20832,-0.36133,-0.23382,0.021195,0.1742,0.072198,0.25071,0.53123,0.32721,0.48022,0.021195,-0.33583,-0.33583,0.046696,0.63323,0.78624,0.91375,0.0977,-0.25932,-0.53984,-0.36133,0.0977,0.25071,0.35272,0.48022,0.27621,0.1232,0.072198,0.37822,-0.10631,-0.18282,-0.004307,0.046696,0.1487,0.021195,0.22521,0.046696,0.22521,0.45472,0.32721,-0.05531,-0.18282,0.021195,0.021195,0.35272,0.42922,0.96476,-0.23382,-0.15732,0.22521,0.45472,0.30171,-0.004307,0.046696,0.1742,0.1232,-0.18282,0.1487,-0.05531,0.40372,0.42922,0.22521,0.1487,0.072198,0.021195,0.42922,0.27621,-0.05531,-0.13181,0.30171,0.22521,0.30171,-0.080812,0.072198,-0.080812,-0.080812,0.1487,0.65874,0.50573,-0.28482,-0.18282,0.35272,0.68424,0.046696,-0.23382,-0.10631,0.19971,-0.004307,-0.23382,-0.05531,-0.05531,0.1232,0.25071,0.1487,0.1742,0.30171,0.32721,0.22521,-0.10631,-0.15732,-0.080812,0.021195,0.30171,0.19971,0.42922,0.25071,0.1232,0.1232,-0.13181,-0.080812,-0.18282,0.30171,0.37822,0.83725,0.32721,-0.004307,-0.004307,0.021195,0.046696,0.072198,0.021195,0.046696,0.27621,0.30171,0.046696,0.046696,0.072198,0.1742,0.42922,0.37822,-0.080812,-0.080812,0.45472,0.65874,0.30171,-0.18282,-0.33583,-0.029808,-0.080812,-0.18282,0.021195,-0.33583,1.1433,1.2198,0.63323,0.22521,-0.029808,-0.029808,-0.080812,0.021195,-0.18282,-0.18282,-0.029808,0.25071,1.1433,0.73524,0.021195,-0.080812,0.072198,0.22521,0.22521,-0.080812,0.30171,0.021195,0.1232,0.046696,0.19971,0.0977,-0.004307,0.22521,0.30171,0.48022,0.53123,-0.080812,-0.080812,-0.004307,0.22521,-0.13181,-0.080812,-0.080812,-0.080812,-0.05531,0.1742,0.32721,0.68424,0.35272,0.32721,-0.080812,-0.20832,-0.10631,0.072198,0.32721,0.73524,0.35272,0.32721,0.046696,-0.13181,-0.080812,-0.10631,0.021195,0.1487,0.70974,0.25071,-0.10631,0.0977,0.1232,0.68424,0.25071,0.1232,-0.05531,-0.18282,-0.05531,-0.10631,0.072198,0.53123,0.78624,0.53123,-0.15732,-0.029808,0.072198,0.021195,-0.080812,-0.33583,-0.10631,0.1742,0.65874,0.50573,0.072198,-0.029808,0.22521,0.42922,0.32721,0.32721,0.0977,-0.20832,0.021195,0.1742,0.55673,-0.20832,-0.25932,-0.33583,0.0977,0.19971,0.22521,0.37822,0.1742,0.1742,0.25071,0.046696,0.0977,-0.029808,-0.20832,0.25071,0.50573,0.25071,-0.004307,-0.004307,0.0977,0.22521,0.30171,0.19971,0.0977,0.0977,0.27621,0.22521,0.021195,0.19971,0.63323,1.1688,0.1232,-0.38683,-0.38683,-0.25932,-0.28482,-0.10631,0.046696,0.22521,0.27621,0.32721,0.73524,0.63323,0.32721,0.22521,-0.13181,-0.20832,-0.10631,0.021195,0.072198,0.046696,0.1232,0.32721,0.83725,0.021195,-0.080812,0.021195,0.072198,0.021195,0.072198,0.0977,0.63323,0.40372,0.27621,-0.05531,0.1232,-0.080812,-0.004307,-0.10631,0.30171,0.27621,0.45472,0.32721,-0.05531,-0.080812,-0.13181,-0.18282,0.78624,0.25071,0.1742,0.22521,0.60773,0.1232,-0.25932,-0.28482,-0.004307,0.27621,0.68424,0.48022,0.30171,0.32721,0.27621,-0.31033,-0.31033,-0.25932,-0.05531,0.1742,0.19971,0.60773,0.1487,0.0977,0.1232,0.30171,0.1232,-0.080812,0.1742,0.19971,0.30171,0.0977,0.30171,0.30171,0.1232,0.021195,0.1232,0.1487,0.072198,0.1742,-0.23382,0.046696,0.22521,0.40372,-0.004307,-0.080812,0.072198,0.22521,0.021195,0.021195,0.0977,0.40372,-0.080812,0.48022,0.32721,-0.080812,0.072198,0.0977,0.53123,0.48022,0.1742,-0.080812,-0.31033,-0.029808,-0.004307,-0.10631,-0.05531,0.22521,0.58223,0.73524,0.42922,0.1232,0.1232,0.1742,0.021195,0.1232,-0.13181,-0.080812,-0.080812,-0.080812,0.046696,0.45472,0.32721,-0.15732,0.1232,0.63323,0.60773,0.27621,-0.20832,-0.15732,-0.10631,0.1487,0.1487,0.0977,0.0977,0.25071,0.42922,0.37822,0.48022,-0.13181,-0.18282,0.046696,0.0977,0.30171,0.22521,-0.029808,0.0977,0.1232,-0.004307,0.22521,0.22521,0.50573,0.0977,-0.18282,-0.13181,-0.10631,0.0977,0.37822,0.76074,0.40372,0.1232,0.021195,0.32721,0.072198,-0.004307,-0.28482,-0.05531,-0.10631,0.046696,0.1487,0.55673,0.55673,0.25071,0.021195,0.1742,-0.10631,0.27621,0.48022,-0.029808,0.021195,0.072198,0.25071,0.046696,-0.029808,-0.05531,0.072198,0.072198,0.27621,0.35272,0.1742,0.1487,0.0977,0.30171,0.1487,0.072198,0.0977,0.0977,0.1232,-0.029808,0.32721,0.32721,0.19971,0.0977,0.021195,-0.05531,-0.05531,-0.029808,0.1487,0.30171,0.40372,0.30171,0.1487,0.1232,0.0977,-0.029808,-0.10631,0.021195,0.53123,0.37822,0.1232,-0.23382,0.046696,0.30171,0.40372,-0.10631,-0.080812,0.1742,0.32721,0.27621,0.0977,0.072198,0.40372,0.27621,0.046696,0.046696,-0.10631,-0.18282,0.1742,0.35272,0.53123,0.78624,0.27621,-0.029808,-0.25932,-0.31033,-0.10631,-0.004307,0.32721,0.0977,0.30171,0.53123,0.68424,0.42922,-0.43783,-0.41233,-0.20832,-0.18282,-0.004307,0.1742,0.1742,0.19971,0.1487,0.19971,0.48022,0.19971,0.1487,-0.004307,-0.080812,-0.05531,0.046696,0.22521,0.58223,0.60773,-0.13181,-0.25932,0.046696,-0.029808,0.30171,0.1742,0.32721,0.32721,0.25071,0.0977,0.22521,0.22521,0.046696,-0.029808,-0.029808,-0.004307,0.27621,0.45472,0.88825,0.35272,-0.15732,-0.20832,-0.13181,-0.05531,-0.28482,-0.029808,0.32721,0.60773,0.58223,0.48022,0.1487,0.072198,0.021195,0.0977,0.19971,0.021195,0.021195,0.27621,0.40372,0.30171,-0.05531,-0.080812,-0.080812,-0.13181,0.22521,0.1487,0.021195,0.0977,0.19971,0.22521,-0.080812,0.40372,-0.080812,-0.029808,-0.05531,0.32721,-0.080812,-0.23382,0.37822,0.63323,0.32721,-0.029808,-0.25932,-0.13181,-0.20832,0.1232,0.60773,1.0923,0.76074,0.021195,-0.080812,-0.004307,-0.18282,0.046696,0.072198,0.45472,0.27621,0.1487,-0.029808,0.25071,0.32721,0.48022,-0.10631,-0.18282,0.072198,0.22521,0.19971,0.1232,0.1742,0.22521,0.55673,0.1487,-0.20832,-0.23382,0.046696,0.30171,0.53123,0.50573,0.046696,-0.20832,0.021195,0.1487,0.53123,0.1232,0.22521,0.021195,-0.13181,0.1487,0.0977,0.021195,0.27621,0.27621,0.73524,0.1742,-0.36133,-0.080812,0.021195,0.32721,0.1232,0.22521,0.30171,0.021195,-0.13181,0.19971,0.22521,0.37822,0.021195,0.072198,0.40372,-0.080812,-0.13181,-0.10631,0.072198,0.046696,0.1232,0.53123,0.1487,0.072198,0.22521,0.22521,0.1232,0.0977,0.021195,0.40372,0.68424,0.19971,-0.080812,0.0977,0.1232,0.1742,0.0977,0.021195,-0.05531,-0.10631,0.021195,0.42922,0.53123,0.58223,0.0977,-0.23382,-0.20832,-0.23382,-0.029808,0.22521,0.68424,0.40372,0.22521,0.19971,0.25071,0.072198,0.1487,-0.004307,-0.05531,-0.13181,0.1232,0.42922,0.40372,0.1487,-0.080812,-0.004307,0.1742,0.22521,0.27621,0.19971,0.25071,0.22521,-0.05531,0.021195,0.0977,0.1742,0.27621,0.25071
0.1487,0.32721,0.22521,0.1487,0.0977,0.072198,0.046696,0.021195,0.0977,0.1487,0.1232,0.1742,0.1487,0.19971,0.1232,0.1232,0.1232,0.046696,0.1487,0.27621,0.25071,0.27621,0.25071,0.25071,0.072198,0.072198,0.072198,0.0977,0.1742,0.1232,0.0977,0.0977,0.1487,0.1232,0.0977,0.072198,0.0977,0.1487,0.22521,0.22521,0.19971,0.25071,0.19971,0.1742,0.22521,0.0977,0.0977,0.0977,0.19971,0.27621,0.30171,0.22521,0.25071,0.1232,0.0977,0.1232,0.046696,0.0977,0.1742,0.22521,0.1742,0.1232,0.1742,0.1232,0.1487,0.1232,0.0977,0.0977,0.1487,0.25071,0.1742,0.22521,0.25071,0.22521,0.1742,0.1232,0.072198,0.072198,0.1232,0.1232,0.1742,0.1232,0.1742,0.22521,0.19971,0.1742,0.021195,0.072198,0.0977,0.1487,0.1232,0.046696,0.072198,0.046696,0.072198,0.0977,0.1232,0.072198,0.072198,0.1232,0.1232,0.22521,0.25071,0.1742,0.19971,0.1487,0.1487,0.046696,0.046696,0.1232,0.0977,0.1232,0.1487,0.1487,0.22521,0.32721,0.046696,-0.080812,0.1232,0.19971,0.1742,0.32721,0.1487,0.021195,0.072198,0.072198,-0.080812,0.1232,0.25071,0.0977,0.22521,0.072198,0.021195,0.22521,0.48022,-0.25932,-0.004307,-0.10631,0.1742,0.78624,0.68424,0.27621,-0.76936,-0.51434,-0.15732,0.19971,1.0923,-0.029808,-0.18282,-0.029808,0.021195,0.73524,1.0668,0.93925,-0.51434,-0.61635,-0.79486,0.81175,0.32721,-0.18282,-0.92237,-1.4324,3.7444,1.8573,0.35272,-0.61635,-1.1774,-0.71835,0.27621,-2.427,5.2235,3.9484,-1.9424,-3.702,-2.9625,-1.2794,3.8974,1.6023,0.1742,3.5914,0.55673,-1.6619,-2.835,-2.2995,3.4384,1.7043,-0.31033,-1.1774,-1.1519,7.7227,2.6479,-1.7384,-1.2794,-3.498,-2.529,-2.937,-0.61635,9.6353,6.1161,0.68424,-3.6765,-3.3705,1.5513,-1.2029,-2.2995,0.32721,1.7043,0.021195,0.0977,0.1232,1.5003,-3.753,7.5442,6.4221,-3.1155,-4.8241,-4.3396,-2.835,0.19971,-0.15732,-0.23382,-1.1009,8.4877,5.0705,-0.004307,-2.1719,-1.9169,-0.74385,1.3218,0.65874,-0.080812,-1.0499,-3.9571,2.6989,1.2453,-1.1009,-3.4215,0.27621,2.0358,0.65874,-0.10631,0.50573,1.9593,-1.9424,2.9284,0.73524,3.3619,-3.498,-2.58,-0.20832,1.0668,1.8828,0.93925,0.1232,-1.1774,-0.48884,0.046696,-0.79486,-0.18282,0.93925,1.4748,2.6989,0.22521,-0.029808,-0.69285,-0.10631,-0.080812,-0.43783,-1.7894,1.0413,5.3765,-0.48884,-1.9934,-0.33583,0.1742,0.40372,-0.56534,-1.2029,-0.82036,0.53123,0.32721,0.60773,2.2143,1.2708,0.22521,-0.20832,-0.46334,-0.87136,-0.41233,-0.080812,0.48022,0.60773,0.53123,0.81175,0.021195,-0.43783,-0.48884,0.78624,0.1232,0.1232,0.40372,-0.59084,-0.080812,0.046696,0.021195,0.021195,0.25071,-1.4324,3.6424,1.1943,-0.64185,-0.13181,0.1742,0.81175,-0.46334,-0.61635,-0.94787,-0.004307,-0.31033,0.27621,0.58223,0.86275,0.45472,1.4748,1.0923,-0.41233,-0.66735,-0.53984,-0.36133,0.1232,0.35272,0.35272,0.35272,0.072198,0.25071,0.1487,0.27621,0.93925,0.73524,-0.69285,-0.79486,0.27621,-0.05531,0.021195,0.1232,0.1487,0.27621,0.021195,0.53123,0.35272,0.1232,0.63323,1.0158,0.1742,-0.38683,0.19971,0.42922,-0.92237,-0.56534,-0.18282,0.30171,0.32721,0.81175,0.50573,0.40372,0.35272,-0.004307,-0.61635,-0.46334,-0.36133,0.63323,0.58223,-0.029808,0.45472,0.30171,0.19971,0.50573,0.22521,-0.71835,0.68424,0.072198,-0.18282,-0.41233,0.40372,0.30171,-0.28482,0.76074,0.83725,-0.029808,-0.10631,-0.56534,0.68424,0.1742,0.1232,-0.15732,-0.23382,1.2963,1.2453,-0.46334,-0.76936,-0.31033,-0.004307,-0.029808,0.1742,-0.029808,0.48022,0.53123,0.93925,0.046696,0.53123,-0.23382,-0.31033,0.22521,0.32721,0.58223,-0.97337,0.32721,0.42922,0.60773,-0.48884,-0.18282,0.68424,0.27621,-0.23382,-0.61635,-0.59084,-0.89686,0.78624,1.9593,1.0668,0.50573,0.37822,-0.41233,-0.53984,-0.64185,-0.38683,-0.28482,-0.51434,1.3983,0.99026,0.48022,-0.13181,-0.18282,-0.46334,0.0977,0.27621,1.1433,0.19971,-0.51434,-0.05531,0.27621,0.42922,-0.13181,-0.56534,-0.13181,0.22521,0.63323,0.32721,0.78624,0.37822,-1.1519,-0.59084,0.35272,1.9338,0.48022,-0.20832,-0.59084,-0.69285,1.0413,0.37822,-0.13181,0.1742,0.76074,0.73524,0.0977,-0.71835,-1.0499,-0.66735,-0.38683,0.42922,0.65874,1.1178,1.1688,0.91375,-0.20832,-0.31033,0.0977,0.60773,0.021195,-0.33583,-0.48884,-0.56534,-0.004307,0.021195,0.25071,-0.05531,0.55673,0.1232,0.76074,0.1742,-0.18282,0.25071,-0.82036,0.40372,0.0977,0.32721,1.4238,0.91375,0.046696,-0.74385,-1.0244,-0.69285,-0.59084,-0.33583,-0.10631,1.7553,1.6278,0.42922,0.25071,0.53123,0.48022,0.42922,0.25071,-0.36133,-0.82036,-0.56534,-0.33583,-0.43783,0.046696,0.96476,1.0923,1.0413,0.22521,-0.13181,-0.53984,-0.59084,0.48022,0.1232,-0.029808,-0.029808,0.42922,0.88825,0.73524,0.45472,-0.13181,0.0977,-0.36133,-0.13181,0.22521,-0.28482,0.60773,0.37822,0.22521,0.70974,0.70974,-0.029808,-0.23382,-0.51434,0.072198,-0.28482,-0.23382,0.1487,0.37822,0.021195,-0.38683,1.0923,2.0358,0.35272,-0.43783,-0.46334,0.1232,0.22521,0.072198,-0.64185,0.53123,0.35272,0.0977,-0.38683,-0.38683,-0.029808,0.32721,0.53123,0.76074,0.70974,-0.080812,0.046696,0.1232,0.55673,-0.029808,-0.13181,0.32721,0.99026,0.22521,-0.20832,-0.28482,0.1742,0.42922,-0.05531,-0.13181,0.0977,0.32721,0.072198,-0.080812,0.32721,0.42922,0.19971,-0.080812,-0.25932,0.021195,0.25071,0.58223,0.1742,0.60773,0.91375,0.37822,-0.38683,-0.74385,-0.46334,0.046696,-0.31033,0.58223,0.63323,0.45472,0.32721,-0.10631,0.19971,0.27621,0.046696,0.046696,-0.080812,0.73524,-0.36133,0.22521,0.021195,0.27621,0.1742,0.072198,0.046696,-0.23382,-0.13181,0.50573,0.35272,0.42922,-0.13181,0.27621,0.65874,0.1487,-0.25932,-0.15732,0.021195,0.0977,0.072198,-0.23382,0.021195,0.45472,1.3218,0.0977,-0.18282,0.37822,0.50573,0.072198,-0.31033,-0.38683,0.25071,0.1232,0.32721,-0.15732,0.0977,0.37822,0.63323,0.021195,0.072198,0.63323,-0.10631,-0.28482,-0.05531,-0.31033,-0.10631,0.40372,0.63323,0.22521,0.25071,0.19971,0.32721,0.1232,-0.41233,-0.28482,0.32721,1.1178,0.30171,0.021195,0.0977,0.53123,0.30171,-0.18282,-0.53984,-0.33583,-0.31033,-0.05531,0.45472,0.60773,0.70974,0.53123,0.072198,-0.080812,0.046696,-0.029808,0.021195,0.072198,0.046696,0.32721,0.42922,0.1232,0.22521,-0.18282,-0.48884,-0.029808,0.73524,0.70974,-0.15732,0.1742,0.53123,0.35272,0.072198,-0.18282,-0.13181,-0.33583,-0.004307,0.32721,0.45472,0.0977,-0.13181,0.0977,0.63323,0.96476,0.1487,0.1232,-0.18282,0.35272,-0.004307,0.1742,-0.43783,-0.36133,-0.18282,0.072198,0.45472,0.63323,1.2453,0.55673,0.27621,-0.33583,-0.36133,-0.13181,-0.38683,-0.53984,0.1742,0.70974,1.3218,1.0923,0.27621,-0.94787,-0.61635,-0.28482,0.1487,0.19971,0.91375,0.50573,-0.20832,-0.18282,0.0977,-0.10631,-0.10631,0.40372,0.40372,-0.05531,-0.28482,0.35272,0.35272,1.1688,0.30171,-0.080812,-0.38683,-0.56534,-0.20832,0.58223,0.63323,0.1742,-0.25932,-0.13181,0.40372,0.50573,0.1487,-0.25932,-0.36133,0.53123,0.81175,0.32721,-0.33583,-0.31033,-0.004307,0.072198,0.32721,0.35272,0.76074,0.70974,0.32721,0.072198,0.046696,-0.10631,-0.36133,-0.41233,-0.18282,0.42922,0.40372,0.40372,0.19971,0.0977,0.63323,-0.15732,-0.31033,-0.25932,0.1742,0.25071,0.19971,0.25071,0.48022,0.60773,0.22521,-0.59084,-0.28482,-0.20832,0.32721,0.19971,0.32721,0.25071,0.1232,-0.28482,-0.33583,-0.61635,0.86275,0.88825,0.19971,0.19971,-0.004307,-0.080812,-0.15732,-0.25932,-0.13181,0.046696,0.45472,0.48022,0.27621,0.45472,0.27621,-0.23382,-0.36133,-0.13181,1.1433,0.1232,-0.15732,-0.18282,0.35272,0.1232,0.19971,0.42922,-0.080812,0.25071,0.30171,0.37822,-0.28482,-0.48884,0.42922,0.63323,0.63323,-0.10631,-0.080812,-0.05531,-0.20832,-0.080812,0.22521,0.1487,0.53123,0.1487,0.1487,0.37822,0.86275,1.0413,0.021195,-0.13181,-0.71835,-0.64185,-0.84586,-0.28482,0.48022,1.2453,1.2708,-0.15732,-0.28482,-0.004307,0.25071,0.30171,0.1742,0.35272,0.30171,-0.004307,-0.10631,-0.20832,0.25071,0.73524,0.50573,0.021195,-0.004307,-0.36133,-0.64185,-0.46334,0.25071,0.68424,0.55673,0.40372,-0.10631,-0.31033,0.19971,0.83725,0.91375,0.046696,-0.23382,-0.46334,-0.10631,0.072198,0.25071,0.072198,0.32721,0.68424,0.48022,-0.38683,-0.41233,0.27621,0.76074,0.50573,-0.20832,-0.53984,-0.33583,-0.080812,0.50573,1.0668,0.42922,-0.43783,-0.64185,-0.18282,0.25071,0.42922,0.63323,0.50573,0.046696,-0.20832,0.83725,0.32721,0.22521,-0.10631,-0.23382,-0.10631,-0.029808,0.22521,-0.05531,-0.080812,0.55673,0.48022,0.1742,-0.25932,-0.28482,-0.18282,0.73524,1.1433,0.73524,-0.029808,-0.61635,-0.080812,0.73524,0.1742,-0.53984,-0.38683,0.046696,-0.004307,0.63323,0.32721,0.046696,0.68424,0.58223,0.60773,0.1742,-0.28482,-0.43783,-0.41233,-0.080812,0.27621,0.19971,-0.080812,0.32721,0.81175,0.40372,0.1487,0.19971,0.1742,0.1232,-0.10631,-0.20832,-0.10631,0.021195,0.42922,0.32721,0.0977,-0.25932,0.046696,0.65874,0.1742,0.1742,-0.20832,0.0977,0.30171,0.30171,0.021195,0.1742,0.1742,0.40372,0.021195,-0.15732,0.1232,0.32721,-0.31033,-0.13181,0.19971,0.42922,0.25071,-0.004307,0.35272,0.60773,0.37822,-0.080812,-0.18282,-0.080812,-0.080812,-0.029808,0.50573,0.40372,0.1487,0.0977,0.021195,-0.36133,-0.080812,0.32721,0.60773,0.40372,0.1232,-0.41233,-0.18282,0.70974,0.27621,0.30171,-0.10631,-0.31033,-0.20832,0.072198,0.32721,0.50573,0.86275,0.30171,-0.25932,-0.28482,-0.080812,0.19971,0.70974,0.32721,0.0977,-0.05531,0.072198,-0.080812,-0.080812,-0.20832,0.27621,0.91375,0.58223,-0.18282,-0.004307,0.021195,-0.33583,-0.20832,0.0977,1.9593,0.78624,-0.20832,-0.20832,-0.31033,-0.25932,-0.41233,-0.20832,0.35272,0.42922,0.22521,0.42922,0.68424,0.42922,-0.029808,-0.25932,-0.05531,0.50573,0.1487,-0.38683,-0.84586,0.32721,0.76074,0.63323,0.58223,-0.53984,0.70974,0.53123,-0.46334,-0.59084,-0.25932,0.30171,0.65874,0.27621,0.021195,-0.004307,0.1232,0.1487,0.021195,0.1487,0.35272,0.30171,0.48022,0.32721,-0.004307,-0.029808,0.22521,0.0977,-0.10631,0.021195,0.1742,0.1487,-0.080812,-0.080812,0.046696,0.021195,0.25071,0.65874,0.78624,0.35272,0.19971,-0.28482,-0.74385,0.42922,0.42922,0.021195,0.22521,0.32721,0.30171,-0.20832,0.0977,0.68424,0.27621,-0.15732,-0.23382,0.1232,0.73524,0.32721,0.1232,0.32721,0.30171,-0.28482,0.046696,0.021195,0.30171,0.32721,-0.05531,-0.20832,0.65874,0.19971,-0.33583,0.27621,0.88825,0.55673,-0.10631,-0.31033,-0.53984,0.40372,0.072198,0.1232,0.22521,0.32721,0.27621,0.25071,0.22521,0.30171,0.42922,0.22521,-0.080812,-0.69285,-0.18282,0.42922,0.22521,0.1742,-0.18282,0.27621,0.22521,0.45472,-0.13181,-0.15732,0.45472,0.37822,0.22521,0.021195,-0.080812,0.072198,0.19971,0.1742,0.021195,0.91375,0.046696,1.1688,0.78624,-0.36133,-0.64185,-0.28482,-0.05531,-0.080812,-0.080812,-0.05531,0.27621,0.35272,0.48022,0.021195,0.0977,0.37822,0.60773,0.93925,0.1742,-0.23382,-0.41233,0.25071,-0.23382,-0.33583,-0.33583,0.35272,0.37822,0.53123,0.32721,0.37822,0.19971,0.072198,0.046696,0.37822,0.30171,-0.25932,-0.41233,-0.05531,0.40372,0.1487,-0.004307,0.19971,0.046696,0.1487,0.73524,0.40372,0.046696,-0.05531,0.65874,0.63323,0.1232,-0.23382,-0.23382,-0.28482,0.35272,-0.25932,-0.18282,0.1232,0.22521,0.1487,0.35272,0.55673,0.93925,0.25071,-0.20832,-0.13181,-0.38683,-0.23382,0.1232,0.42922,0.76074,0.37822,-0.66735,0.60773,0.60773,-0.029808,-0.13181,0.1232,0.27621,0.046696,0.42922,0.021195,-0.28482,-0.004307,-0.43783,0.58223,0.42922,0.1742,1.0158,0.1487,-0.10631,-0.36133,-0.25932,-0.28482,0.19971,0.27621,-0.05531,0.072198,0.22521,0.22521,0.22521,0.19971,0.22521,-0.10631,0.1487,0.63323,0.45472,0.021195,-0.18282,-0.25932,-0.20832,0.30171,0.30171,0.60773,0.19971,-0.029808,-0.05531,-0.080812,0.42922,0.32721,0.22521,-0.66735,0.81175,0.30171,-0.13181,0.0977,-0.13181,0.40372,0.37822,-0.13181,-0.004307,0.1487,0.32721,0.19971,0.40372,0.40372,-0.004307,0.021195,0.1487,0.1742,-0.20832,-0.13181,0.021195,0.1232,0.27621,0.19971,0.30171,-0.43783,0.60773,0.76074,0.45472,-0.080812,-0.28482,-0.080812,0.22521,0.22521,0.35272,-0.13181,-0.43783,0.0977,-0.029808,0.37822,0.1487,0.30171,0.19971,0.50573,0.50573,-0.41233,-0.15732,0.32721,0.73524,0.19971,-0.10631,-0.33583,-0.029808,-0.05531,0.27621,0.0977,0.58223,0.60773,0.1487,-0.080812,-0.23382,0.60773,0.19971,0.1232,0.072198,-0.20832,-0.18282,-0.25932,0.072198,0.68424,0.83725,0.42922,0.25071,-0.20832,0.072198,0.1487,0.93925,-0.13181,-0.46334,-0.10631,0.22521,-0.18282,-0.080812,0.55673,0.22521,1.5258,0.19971,-0.71835,-0.59084,-0.53984,0.19971,0.40372,1.0413,0.70974,0.0977,-0.25932,-0.080812,-0.15732,-0.38683,-0.080812,0.65874,0.81175,0.1742,-0.20832,-0.004307,0.25071,0.68424,-0.029808,0.021195,-0.28482,0.021195,0.37822,0.27621,0.1487,-0.080812,-0.080812,0.37822,0.30171,0.021195,-0.10631,0.1232,0.22521,0.63323,0.021195,-0.10631,-0.080812,0.45472,0.63323,0.37822,0.046696,-0.15732,-0.33583,0.021195,0.1232,0.40372,0.65874,-0.20832,-0.28482,-0.029808,-0.10631,0.1742,0.25071,0.68424,0.40372,0.072198,0.1232,-0.13181,-0.28482,-0.10631,-0.10631,0.32721,0.70974,1.0158,0.27621,-0.10631,0.0977,-0.71835,-0.59084,-0.20832,0.42922,0.53123,0.021195,0.50573,0.1232,0.1742,0.19971,0.046696,0.1232,0.22521,0.22521,0.55673,-0.10631,-0.080812,-0.080812,-0.080812,0.1232,0.1487,0.27621,0.25071,0.1742,0.27621,-0.13181,0.021195,0.22521,0.73524,0.19971,-0.23382,-0.33583,-0.31033,0.60773,0.83725,0.58223,-0.15732,-0.28482,-0.23382,-0.029808,-0.029808,-0.080812,0.27621,0.55673,0.63323,0.32721,0.32721,0.1232,-0.18282,-0.080812,0.1232,0.046696,-0.10631,-0.10631,0.60773,0.40372,0.55673,-0.080812,-0.029808,0.0977,-0.05531,-0.23382,-0.56534,0.072198,0.63323,0.93925,-0.004307,-0.029808,0.19971,0.1232,-0.080812,-0.31033,0.40372,0.81175,0.22521,-0.029808,-0.080812,0.0977,-0.20832,0.1232,0.40372,0.27621,-0.080812,0.1742,-0.10631,-0.28482,0.1232,0.45472,0.68424,0.30171,0.50573,-0.004307,-0.18282,-0.004307,-0.004307,0.35272,0.0977,0.50573,-0.004307,-0.05531,-0.05531,-0.080812,0.021195,0.40372,0.53123,0.0977,0.27621,0.021195,0.1232,0.0977,0.021195,0.1487,0.22521,0.072198,0.25071,0.25071,0.27621,0.55673,0.22521,-0.28482,-0.36133,-0.15732,0.19971,0.27621,0.22521,0.27621,0.1232,0.22521,0.19971,0.27621,0.1232,0.072198,-0.029808,0.021195,-0.28482,-0.080812,1.0413,0.35272,-0.029808,0.30171,0.35272,0.32721,-0.33583,-0.18282,-0.41233,0.27621,0.25071,0.50573,0.1487,0.30171,0.22521,0.22521,0.1232,0.046696,0.37822,0.25071,-0.004307,-0.029808,0.25071,-0.080812,0.072198,0.35272,0.1232,-0.080812,-0.05531,0.25071,0.27621,0.68424,0.91375,0.1742,-0.41233,-0.36133,0.1742,-0.23382,0.046696,0.22521,0.76074,0.42922,0.021195,-0.31033,-0.15732,0.072198,0.30171,0.25071,0.32721,0.48022,0.50573,-0.080812,-0.18282,-0.28482,-0.13181,-0.05531,0.25071,0.35272,0.37822,0.19971,0.30171,0.42922,0.1742,0.32721,-0.13181,-0.41233,-0.18282,0.1487,0.68424,0.37822,-0.41233,-0.18282,0.55673,0.1487,0.021195,-0.080812,1.5513,0.78624,-0.28482,-0.38683,-0.25932,0.1742,0.42922,0.42922,-0.15732,-0.46334,-0.20832,-0.10631,0.22521,0.22521,0.55673,1.2453,1.0158,-0.18282,-0.31033,-0.25932,-0.38683,-0.05531,0.27621,0.22521,0.27621,0.22521,0.19971,0.072198,-0.080812,0.27621,0.81175,0.48022,0.046696,-0.23382,-0.13181,-0.004307,0.0977,0.021195,-0.66735,-0.38683,0.81175,1.0923,0.50573,0.27621,0.1742,0.37822,-0.33583,-0.41233,-0.080812,0.22521,0.0977,-0.13181,0.072198,0.1232,0.27621,0.30171,0.60773,0.48022,0.37822,0.60773,0.25071,-0.25932,-0.43783,-0.36133,-0.25932,0.046696,0.55673,0.32721,0.1487,0.1742,0.32721,0.32721,-0.10631,0.1232,0.73524,0.22521,-0.13181,0.1232,0.046696,0.1487,0.1742,-0.080812,-0.029808,0.1487,0.32721,0.0977,0.1232,0.37822,0.1487,0.046696,-0.029808,0.021195,0.37822,0.68424,0.22521,-0.18282,-0.23382,0.19971,0.021195,0.32721,0.046696,-0.13181,0.021195,-0.029808,-0.13181,0.27621,0.45472,1.1688,0.072198,-0.38683,-0.029808,0.1487,0.40372,0.19971,-0.05531,-0.28482,0.046696,-0.05531,-0.080812,0.1232,0.1232,0.40372,0.45472,0.58223,0.50573,-0.18282,-0.13181,0.072198,0.1742,-0.15732,0.40372,-0.004307,0.0977,0.1232,0.1742,0.1232,-0.46334,0.68424,0.76074,-0.13181,-0.64185,-0.10631,0.50573,0.42922,0.021195,0.35272,0.1487,0.35272,-0.33583,-0.38683,0.19971,0.42922,0.25071,-0.080812,-0.004307,0.1232,0.32721,0.53123,0.58223,0.96476,0.27621,-0.004307,-0.36133,-0.15732,0.1742,0.1232,0.35272,0.40372,0.1742,0.19971,-0.10631,-0.004307,0.1487,0.021195,0.30171,0.1487,0.35272,0.30171,0.25071,-0.029808,-0.05531,0.1487,0.25071,0.30171,-0.15732,0.046696,0.25071,0.30171,0.35272,-0.05531,-0.029808,0.50573,0.48022,-0.05531,-0.38683,-0.18282,0.046696,0.27621,0.1232,0.046696,0.25071,0.48022,0.53123,0.30171,-0.28482,-0.18282,0.1487,0.1487,0.021195,-0.004307,-0.004307,0.021195,0.22521,0.19971,0.53123,0.48022,0.53123,0.25071,0.0977,-0.15732,0.072198,0.25071,0.27621,-0.20832,-0.18282,0.072198,0.55673,0.35272,0.021195,-0.13181,-0.004307,0.32721,0.65874,0.046696,0.1232,-0.004307,0.021195,-0.20832,-0.25932,0.0977,0.45472,0.1232,0.046696,0.021195,0.072198,0.22521,0.48022,0.86275,-0.13181,-0.10631,-0.05531,-0.080812,0.072198,0.19971,0.046696,0.70974,0.37822,0.42922,0.1232,0.30171,-0.05531,-0.13181,-0.46334,-0.43783,0.021195,0.19971,0.53123,0.48022,0.42922,0.48022,-0.23382,-0.59084,0.35272,0.072198,-0.33583,0.53123,0.55673,0.96476,-0.18282,-0.48884,-0.23382,0.22521,0.76074,0.046696,-0.23382,-0.080812,0.32721,0.1232,0.19971,-0.004307,-0.25932,-0.15732,0.27621,0.58223,1.2708,0.93925,0.19971,0.072198,-0.23382,-0.43783,-0.56534,-0.25932,0.021195,-0.05531,0.37822,0.32721,0.32721,1.3728,0.70974,-0.080812,-0.48884,0.021195,-0.05531,0.0977,0.1487,-0.15732,0.046696,0.1232,0.73524,0.22521,-0.25932,-0.10631,0.046696,0.48022,0.30171,-0.029808,0.22521,0.27621,0.1487,0.1232,-0.20832,-0.05531,0.73524,0.42922,0.42922,0.072198,0.60773,0.37822,-0.28482,-0.82036,-0.59084,0.1742,0.30171,0.35272,0.072198,0.32721,0.27621,0.1742,0.046696,0.27621,0.37822,0.35272,0.25071,-0.25932,0.072198,-0.080812,-0.080812,0.96476,0.40372,-0.59084,-0.23382,-0.15732,-0.28482,-0.13181,0.19971,1.1943,1.0413,0.1742,-0.28482,-0.28482,-0.15732,0.1487,0.40372,0.30171,0.45472,0.1487,-0.004307,-0.13181,-0.029808,-0.15732,0.30171,-0.05531,0.76074,0.30171,0.1742,-0.13181,0.1487,0.27621,0.50573,0.072198,-0.48884,0.1232,0.30171,0.072198,0.32721,0.40372,0.1232,0.072198,-0.15732,-0.10631,-0.004307,0.32721,0.45472,0.99026,0.83725,-0.23382,-0.46334,-0.59084,-0.13181,-0.05531,0.1487,0.42922,0.27621,0.60773,0.60773,0.35272,-0.23382,-0.33583,-0.13181,0.27621,0.1487,-0.18282,-0.13181,0.0977,0.42922,0.35272,0.046696,0.1232,0.76074,0.27621,0.42922,-0.004307,-0.004307,-0.080812,0.27621,0.19971,0.1232,-0.28482,-0.99887,0.45472,0.27621,1.0923,0.48022,0.45472,-0.25932,-0.36133,-0.10631,-0.36133,0.046696,0.35272,0.32721,0.99026,0.19971,-0.20832,0.22521,0.046696,0.55673,0.046696,-0.13181,0.046696,0.27621,0.0977,-0.080812,0.046696,0.70974,0.93925,0.25071,-0.13181,-0.46334,-0.71835,-0.25932,0.021195,0.53123,0.30171,0.22521,0.68424,0.1487,0.072198,0.27621,0.32721,-0.080812,-0.15732,-0.15732,0.19971,0.58223,0.50573,0.25071,0.40372,-0.18282,-0.36133,0.0977,0.1487,-0.15732,0.1232,0.63323,1.4748,-0.15732,-0.28482,-0.13181,0.53123,-0.36133,-0.36133,0.53123,0.32721,0.30171,0.48022,0.40372,-0.004307,0.1232,-0.080812,0.40372,0.1232,0.1232,0.53123,0.072198,-0.18282,0.072198,0.32721,0.25071,-0.080812,-0.080812,0.27621,0.37822,0.73524,0.42922,0.42922,0.27621,0.1487,0.072198,-0.38683,-0.13181,-0.13181,0.37822,0.35272,-0.029808,0.50573,-0.080812,-0.18282,0.65874,0.50573,0.021195,-0.25932,-0.10631,-0.38683,0.32721,0.53123,0.40372,0.35272,0.48022,-0.080812,-0.029808,0.1232,-0.004307,-0.080812,-0.029808,0.30171,0.40372,0.45472,-0.18282,-0.38683,-0.004307,0.60773,0.70974,-0.004307,-0.18282,-0.43783,0.072198,0.55673,0.53123,0.046696,-0.080812,-0.05531,-0.080812,0.22521,0.22521,0.25071,0.42922,-0.10631,0.45472,0.37822,-0.004307,-0.080812,0.1487,0.1232,0.072198,0.0977,-0.029808,-0.28482,-0.20832,-0.13181,0.19971,0.48022,0.50573,0.73524,0.50573,0.30171,0.021195,-0.004307,-0.13181,-0.029808,-0.38683,-0.004307,0.32721,0.0977,-0.13181,0.27621,0.48022,0.68424,0.45472,0.42922,0.65874,-0.41233,-0.43783,-0.28482,0.021195,0.0977,-0.18282,0.1742,-0.10631,0.1487,0.58223,0.55673,0.58223,0.50573,0.91375,-0.28482,-0.53984,-0.87136,-0.23382,0.45472,0.91375,0.072198,-0.13181,0.1487,0.19971,-0.20832,0.0977,0.072198,0.55673,0.021195,0.30171,1.0668,0.53123,-0.51434,-0.38683,0.021195,0.32721,0.1742,0.58223,-0.004307,-0.48884,-0.23382,0.19971,0.27621,0.1487,0.1487,0.55673,0.1232,0.32721,-0.004307,0.68424,0.072198,-0.05531,0.1232,0.072198,-0.05531,-0.15732,0.1232,-0.004307,0.42922,-0.080812,-0.18282,0.19971,0.45472,0.35272,0.32721,0.63323,0.81175,0.96476,-0.28482,-0.64185,-0.31033,-0.43783,-0.080812,-0.23382,0.53123,0.22521,0.1742,0.48022,0.48022,0.37822,0.046696,0.0977,-0.20832,0.53123,0.86275,0.99026,0.1232,-0.61635,-0.38683,-0.20832,-0.05531,0.0977,-0.004307,0.1232,0.35272,0.48022,0.86275,0.37822,0.021195,-0.33583,-0.25932,-0.10631,-0.05531,-0.20832,-0.18282,0.35272,0.78624,0.45472,0.021195,-0.13181,-0.10631,0.0977,0.1232,0.60773,0.42922,0.32721,0.1487,0.48022,0.1232,-0.48884,-0.48884,-0.13181,0.53123,0.73524,0.83725,-0.004307,-0.13181,0.046696,-0.080812,0.25071,0.22521,0.1487,0.30171,0.046696,0.1487,0.1742,0.046696,0.25071,0.1487,0.25071,0.32721,1.0923,0.046696,-0.28482,-0.31033,-0.004307,-0.004307,-0.05531,0.25071,0.072198,-0.13181,-0.004307,0.58223,0.68424,0.35272,0.27621,-0.10631,0.1232,0.1742,0.73524,0.046696,-0.51434,-0.43783,-0.080812,0.30171,0.30171,0.1487,0.58223,0.25071,0.046696,-0.029808,0.25071,0.021195,0.1232,-0.080812,0.70974,0.32721,-0.05531,-0.004307,0.22521,-0.029808,0.25071,0.42922,0.021195,-0.004307,-0.48884,-0.38683,-0.05531,1.0158,0.83725,0.42922,-0.029808,-0.38683,-0.28482,0.072198,0.91375,0.40372,0.072198,-0.10631,-0.05531,-0.05531,0.19971,0.072198,0.55673,0.27621,-0.004307,0.021195,-0.23382,-0.28482,0.40372,0.53123,0.96476,-0.25932,-0.029808,0.1742,-0.13181,-0.15732,-0.080812,0.22521,0.072198,0.42922,0.48022,0.63323,0.76074,0.1487,-0.36133,-0.31033,0.30171,-0.64185,-0.82036,0.021195,0.63323,0.55673,0.55673,0.1232,-0.33583,-0.05531,0.55673,0.81175,-0.004307,-0.23382,-0.029808,0.30171,0.55673,0.96476,0.046696,-0.33583,-0.41233,-0.28482,-0.004307,-0.080812,0.50573,0.37822,0.78624,0.1232,0.32721,0.046696,-0.38683,-0.41233,-0.20832,0.27621,0.19971,0.021195,0.19971,0.32721,0.0977,0.32721,0.73524,0.70974,-0.004307,-0.080812,-0.13181,0.0977,-0.36133,-0.41233,0.99026,0.046696,-0.18282,-0.080812,0.021195,0.22521,0.25071,0.19971,0.046696,0.50573,0.19971,0.27621,-0.05531,-0.10631,-0.20832,0.1232,0.93925,0.78624,-0.18282,-0.48884,-0.080812,0.83725,0.32721,-0.38683,-0.33583,0.072198,0.45472,0.63323,0.1742,-0.36133,-0.31033,-0.080812,0.37822,0.27621,0.50573,0.60773,0.42922,0.53123,0.1742,-0.28482,-0.23382,-0.004307,0.32721,-0.38683,0.32721,0.30171,0.1742,-0.23382,0.45472,0.30171,-0.080812,0.22521,0.40372,0.42922,0.19971,-0.18282,-0.33583,-0.48884,0.0977,0.45472,0.65874,0.22521,0.27621,0.76074,0.1487,-0.10631,-0.18282,0.046696,-0.004307,0.046696,0.19971,0.1487,0.19971,0.27621,0.021195,-0.28482,0.1232,0.37822,0.42922,0.45472,-0.33583,-0.43783,-0.48884,-0.33583,0.046696,0.73524,0.68424,0.27621,-0.004307,0.046696,-0.004307,-0.05531,0.32721,0.25071,0.53123,0.70974,0.19971,-0.41233,-0.25932,-0.20832,0.1232,0.37822,0.83725,0.63323,0.021195,-0.33583,0.072198,0.22521,0.76074,-0.23382,-0.31033,-0.13181,-0.029808,0.27621,0.22521,0.1742,0.48022,0.37822,0.19971,-0.13181,0.25071,0.50573,0.40372,-0.94787,-0.13181,-0.004307,-0.029808,0.22521,0.48022,0.58223,0.48022,0.40372,0.1232,-0.18282,-0.080812,-0.20832,0.021195,-0.10631,0.55673,-0.05531,-0.38683,-0.15732,0.22521,0.58223,0.91375,0.83725,-0.080812,-0.28482,0.072198,0.53123,0.73524,-0.28482,-0.69285,-0.43783,-0.31033,0.22521,0.91375,0.48022,0.73524,0.50573,-0.10631,0.072198,0.1232,-0.029808,-0.13181,0.021195,-0.080812,-0.28482,0.53123,0.37822,0.0977,0.1487,0.072198,0.27621,0.42922,0.30171,0.48022,-0.18282,-0.36133,0.021195,0.1232,-0.25932,-0.080812,0.27621,0.48022,0.30171,0.22521,0.021195,0.25071,0.32721,0.42922,0.73524,-0.18282,-0.51434,-0.25932,0.046696,0.32721,0.32721,0.0977,0.072198,0.1232,0.27621,0.19971,0.35272,-0.05531,0.22521,0.65874,0.55673,0.046696,-0.33583,-0.13181,0.42922,0.70974,0.1232,-0.36133,-0.20832,0.1232,-0.10631,-0.15732,-0.004307,0.58223,0.73524,0.81175,-0.15732,-0.28482,0.021195,0.35272,0.1232,0.046696,-0.23382,0.046696,0.0977,0.19971,0.072198,0.1232,-0.004307,0.1232,0.1487,0.83725,0.55673,-0.05531,-0.79486,-0.66735,-0.33583,-0.080812,0.37822,0.48022,0.68424,0.42922,0.40372,0.42922,0.35272,0.32721,0.40372,-0.080812,-0.28482,-0.10631,0.021195,0.93925,0.55673,0.072198,-0.28482,-0.28482,-0.13181,0.021195,0.021195,0.046696,0.40372,0.30171,0.27621,0.046696,0.40372,0.50573,0.42922,-0.10631,-0.61635,-0.25932,0.046696,0.48022,0.63323,0.021195,-0.31033,-0.18282,0.27621,0.27621,0.37822,0.22521,0.35272,0.25071,0.1232,0.1232,-0.004307,0.072198,0.32721,-0.029808,0.53123,0.45472,0.35272,-0.18282,-0.48884,-0.53984,-0.59084,-0.20832,0.42922,0.32721,0.58223,1.0158,1.3473,0.072198,-0.20832,0.021195,0.072198,-0.05531,-0.46334,-0.51434,-0.31033,0.19971,0.42922,0.73524,0.73524,0.58223,0.65874,0.40372,0.0977,-0.33583,-0.38683,-0.20832,0.25071,0.25071,0.60773,0.1232,-0.25932,-0.33583,0.072198,0.60773,0.73524,0.53123,0.021195,-0.48884,-0.48884,-0.36133,-0.10631,0.046696,0.65874,0.73524,0.65874,0.63323,-0.080812,-0.18282,0.1232,0.35272,0.42922,0.40372,-0.23382,-0.28482,-0.18282,-0.080812,0.072198,0.22521,0.40372,0.45472,0.32721,0.40372,0.0977,0.021195,0.1232,0.1232,0.35272,0.27621,-0.080812,-0.38683,-0.15732,0.22521,0.78624,0.63323,0.63323,0.19971,-0.36133,-0.61635,-0.61635,-0.18282,0.35272,0.68424,0.70974,0.40372,0.27621,0.22521,-0.004307,-0.15732,0.021195,0.1232,0.046696,0.0977,0.19971,0.68424,0.63323,-0.080812,-0.18282,0.45472,0.93925,0.35272,-0.28482,-0.15732,-0.15732,-0.029808,0.0977,0.0977
0.22521,0.1487,0.0977,0.021195,0.021195,0.072198,0.22521,0.25071,0.19971,0.19971,0.1487,0.1742,0.1742,0.1232,0.1232,0.19971,0.1742,0.25071,0.22521,0.1487,0.1232,0.1232,0.046696,0.021195,-0.004307,0.046696,0.1232,0.1232,0.22521,0.22521,0.1487,0.072198,0.1232,-0.004307,0.072198,0.1232,0.1742,0.1487,0.19971,0.1742,0.1487,0.1232,0.072198,0.046696,0.1232,0.1742,0.32721,0.19971,0.19971,0.19971,0.1487,0.0977,0.046696,0.072198,0.046696,0.1742,0.1742,0.19971,0.22521,0.1742,0.19971,0.1742,0.22521,0.1487,0.1487,0.1742,0.25071,0.30171,0.25071,0.22521,0.1487,0.0977,0.046696,0.046696,0.0977,0.0977,0.19971,0.22521,0.22521,0.19971,0.1487,0.1487,-0.004307,-0.029808,0.021195,0.072198,0.1742,0.1487,0.1487,0.1742,0.1232,0.1742,0.1742,0.1232,0.0977,0.1232,0.1742,0.19971,0.19971,0.1487,0.072198,0.021195,0.046696,-0.004307,0.021195,0.046696,0.1742,0.1742,0.0977,0.0977,0.1232,0.1487,0.072198,0.1487,0.1232,0.1232,0.22521,0.19971,0.22521,0.0977,-0.004307,0.021195,0.021195,0.046696,0.072198,0.1232,0.30171,0.25071,0.27621,0.27621,0.1742,0.1487,0.1232,0.072198,0.0977,0.1487,0.1742,0.0977,0.1742,0.1742,0.0977,0.1232,0.1742,0.1232,0.1487,0.1742,0.27621,0.27621,0.27621,0.27621,0.1742,0.19971,0.0977,0.072198,0.072198,0.1232,0.19971,0.19971,0.19971,0.1487,0.1232,0.0977,0.1232,0.0977,0.1232,0.19971,0.19971,0.25071,0.19971,0.19971,0.072198,0.072198,0.046696,-0.029808,0.021195,0.046696,0.1232,0.22521,0.19971,0.19971,0.1487,0.0977,0.1232,0.046696,0.021195,0.1742,0.19971,0.19971,0.19971,0.1742,0.1487,0.1487,0.0977,0.1487,0.1487,0.072198,0.021195,0.021195,0.046696,0.0977,0.1232,0.27621,0.25071,0.1232,0.25071,0.0977,0.1487,0.1487,0.1742,0.1487,0.1232,0.046696,-0.05531,0.25071,0.22521,0.27621,0.35272,-0.28482,-0.15732,0.1232,0.27621,0.19971,-0.23382,-0.05531,0.046696,0.30171,0.76074,0.50573,0.27621,0.046696,0.27621,0.27621,-0.25932,0.046696,0.021195,-0.20832,-0.28482,0.45472,0.78624,0.48022,-0.25932,0.32721,-0.84586,0.1487,2.5204,1.5768,-0.48884,-1.1264,-1.4069,-0.46334,-2.2485,-3.9826,8.1562,6.5496,-3.141,-4.9261,-0.89686,1.3728,-0.43783,1.5768,1.5768,-2.274,-1.3304,-0.25932,-1.9424,3.0049,-0.48884,4.1525,3.8719,1.3983,-7.5783,-1.3814,0.68424,4.2545,4.739,-1.4069,-6.5327,1.8828,1.1943,-4.4671,1.1178,0.76074,-2.7585,1.9338,2.9029,-1.5089,-7.0173,5.9121,12.721,1.6278,-5.1811,-4.1611,-2.682,-1.3304,-0.41233,-1.8659,1.6278,0.40372,0.1487,0.27621,0.88825,-3.3705,8.4367,3.7189,-1.7129,-0.31033,-4.7476,1.8828,1.6533,-1.1009,1.1178,-3.0645,3.2854,-3.4725,3.3109,2.4183,-0.74385,-1.5089,-1.2029,0.48022,-1.5344,-4.3906,2.7244,5.5806,1.9848,0.1232,0.58223,-0.64185,-0.82036,-3.141,2.6734,-0.66735,-0.41233,-0.92237,-1.9424,-0.99887,1.0668,2.3163,2.3928,1.9083,-2.478,3.2344,4.5605,0.072198,-0.82036,-0.87136,-3.8296,-3.9061,-0.71835,-0.13181,0.30171,1.7298,1.6788,1.3218,-0.53984,-3.4215,4.5605,0.91375,0.73524,3.1579,1.0413,-1.0754,-2.2229,-1.2794,-2.5545,-5.3341,3.9994,5.402,-2.2485,0.93925,1.1433,0.83725,-0.080812,-0.53984,-1.0244,1.2708,-2.1464,-0.99887,2.3928,1.9338,0.93925,1.1943,1.3983,0.1232,-1.2539,-1.3559,-1.5344,0.021195,1.0923,1.1688,0.27621,2.3418,0.81175,-1.8149,-1.9424,-0.74385,0.27621,0.53123,0.60773,0.25071,0.27621,0.58223,0.96476,1.0668,0.70974,-0.69285,0.021195,-0.029808,-0.28482,-0.53984,0.021195,0.68424,-0.080812,0.22521,0.70974,-0.46334,1.0158,0.48022,0.021195,-0.33583,-0.20832,-0.43783,0.0977,-0.080812,-0.76936,-0.41233,0.35272,1.2963,0.58223,2.7754,0.60773,-1.0754,-1.7639,-0.13181,0.1232,0.046696,-0.10631,-0.64185,0.91375,3.8464,-0.33583,-0.38683,-0.46334,-0.41233,-0.71835,-0.53984,-0.18282,0.1232,0.63323,0.37822,0.45472,0.60773,0.93925,-0.31033,-1.0499,0.1232,1.5513,1.4493,0.1487,-1.0754,-1.1519,0.30171,-0.99887,-0.25932,-0.48884,0.70974,1.4748,0.22521,0.78624,0.37822,-0.33583,0.22521,0.1232,-0.41233,-0.79486,0.50573,0.76074,0.58223,0.58223,0.35272,0.1487,-0.18282,-0.31033,-0.28482,0.25071,1.0413,-2.682,2.7244,0.91375,-1.2794,-0.69285,-0.029808,2.1888,1.3218,0.68424,-0.53984,-1.0244,-1.1774,-0.97337,0.37822,0.65874,-0.029808,1.1433,1.5003,0.45472,-0.05531,0.58223,-0.15732,-0.18282,-0.13181,-0.20832,-0.82036,-1.0244,0.30171,0.58223,0.91375,-0.13181,-0.41233,0.60773,1.3728,1.7043,0.70974,-0.28482,-1.0754,-0.87136,-1.1009,-1.2029,0.93925,0.81175,-0.080812,0.30171,0.48022,1.3473,0.021195,-0.41233,-0.69285,-0.97337,0.37822,1.1943,1.1688,0.021195,-1.6109,2.1888,0.55673,-0.69285,-1.1519,0.60773,1.0923,0.046696,-0.79486,0.48022,-0.13181,-0.20832,-0.28482,-0.51434,-0.080812,0.19971,1.1433,1.2453,0.1487,-0.13181,0.1742,0.30171,-0.36133,-1.0754,0.30171,0.1742,0.60773,0.30171,0.78624,0.45472,0.072198,-1.4834,0.1232,-0.029808,0.0977,0.0977,0.25071,0.50573,0.30171,-0.004307,0.37822,0.0977,0.42922,0.1232,-0.004307,-0.48884,-0.36133,0.73524,0.96476,0.22521,-0.38683,-0.20832,1.6023,0.53123,-0.59084,-0.69285,-0.18282,0.22521,0.1487,-0.15732,-0.38683,-0.13181,0.1232,0.32721,1.1943,0.68424,0.27621,1.8063,3.2599,-0.25932,-0.23382,-0.48884,-0.97337,-1.3304,-0.82036,-0.20832,-0.13181,0.072198,0.65874,0.70974,0.45472,0.1232,1.1943,0.76074,0.73524,0.58223,0.1742,0.0977,-0.59084,-0.56534,-0.66735,-1.3304,0.046696,-0.080812,0.53123,0.86275,0.37822,0.70974,0.65874,0.22521,-0.05531,-0.48884,0.1742,-0.20832,-0.69285,1.0413,0.53123,0.1232,0.73524,1.2453,0.60773,-0.13181,-0.82036,-0.66735,-0.43783,0.32721,-0.43783,-0.029808,-1.4834,2.2653,1.2963,0.37822,0.19971,0.45472,1.2453,-0.36133,-0.89686,-1.0244,-0.43783,0.45472,0.27621,-0.080812,0.046696,0.021195,2.3673,1.5513,0.22521,1.0158,-0.79486,-1.4324,-1.7129,-0.18282,0.58223,1.5513,0.99026,0.35272,0.072198,-1.8149,0.86275,-0.33583,-0.71835,-0.94787,0.48022,1.8063,0.99026,0.81175,0.22521,0.81175,-0.46334,-0.59084,0.046696,-0.43783,-0.10631,-0.97337,-1.9169,3.4894,0.78624,-0.23382,0.1232,0.25071,0.072198,-0.18282,-0.51434,-0.48884,0.30171,0.76074,0.73524,-0.13181,-0.05531,0.1742,-0.31033,0.1232,-0.33583,0.19971,0.53123,0.53123,0.42922,0.30171,-0.004307,0.1487,0.1232,0.60773,-0.18282,-0.46334,-0.029808,-0.15732,-0.25932,-0.080812,1.2453,1.5003,1.1178,-0.080812,-1.4324,-0.53984,-0.13181,0.25071,0.27621,-1.5089,2.5714,1.3728,-0.029808,-0.79486,-0.56534,-0.15732,-0.69285,-0.28482,0.1232,0.86275,0.65874,0.1232,0.35272,0.68424,0.55673,0.072198,-0.05531,-0.51434,0.48022,-0.15732,-0.53984,-0.05531,0.072198,0.1742,0.072198,0.22521,0.32721,0.25071,0.42922,0.73524,0.27621,0.046696,-0.080812,1.0923,0.1487,-0.20832,-0.18282,0.53123,0.42922,0.046696,-0.15732,-0.79486,-0.31033,-0.46334,0.1487,0.30171,0.99026,0.86275,0.53123,-0.080812,-0.15732,-0.05531,0.27621,0.53123,0.1232,0.1742,0.0977,0.65874,0.1487,-0.20832,-0.080812,-0.05531,0.48022,0.19971,-0.28482,-0.029808,0.1487,0.1742,0.32721,0.37822,0.0977,0.22521,0.45472,0.65874,0.1742,0.22521,-0.59084,0.58223,-0.51434,-0.51434,0.021195,0.37822,0.30171,0.19971,0.1487,0.1232,0.35272,0.072198,0.73524,0.76074,0.42922,-0.13181,-0.029808,0.55673,-0.18282,-0.56534,-0.59084,0.1487,0.42922,0.1742,-0.029808,0.046696,-0.05531,-0.004307,0.1742,0.48022,0.19971,0.81175,0.35272,0.32721,-0.10631,-0.18282,-0.13181,-0.31033,0.48022,0.1487,-0.080812,0.25071,-0.10631,0.55673,0.0977,0.58223,0.1742,-0.18282,-0.87136,0.1742,0.1232,0.48022,0.42922,0.25071,0.19971,0.1742,-0.029808,-0.23382,-0.28482,0.046696,0.32721,0.0977,-0.10631,0.0977,0.65874,0.53123,0.32721,-0.029808,-0.15732,0.53123,0.1742,-0.25932,-0.13181,-0.38683,0.58223,0.021195,0.32721,0.27621,0.40372,0.70974,0.1232,0.22521,0.19971,0.27621,-0.53984,-0.10631,0.021195,0.30171,0.27621,0.32721,0.42922,0.1232,0.1487,0.046696,-0.43783,0.1487,0.83725,0.25071,-0.33583,-0.004307,0.65874,0.58223,-0.05531,-0.23382,-0.080812,-0.05531,0.45472,0.63323,0.27621,0.22521,-0.004307,-0.029808,0.22521,-0.004307,-0.18282,-0.004307,0.32721,-0.080812,-0.004307,0.22521,0.27621,0.1742,0.76074,1.1688,0.22521,-0.79486,0.76074,-0.28482,-0.36133,0.046696,0.22521,0.072198,0.0977,0.0977,-0.31033,-0.33583,-0.28482,0.072198,0.86275,1.3473,0.70974,0.1487,-0.15732,-0.20832,-0.18282,-0.59084,0.1487,0.73524,0.27621,0.27621,-0.15732,-0.029808,0.1487,0.1487,0.1232,0.42922,0.50573,0.1742,0.1487,-0.61635,0.40372,0.76074,0.1487,0.021195,0.1232,0.1232,-0.10631,-0.43783,-0.59084,-0.28482,0.19971,1.1178,0.35272,0.1232,0.27621,0.45472,0.30171,0.1232,0.19971,0.22521,-0.38683,-0.51434,-0.004307,0.0977,0.19971,0.53123,0.86275,0.48022,-0.080812,-0.10631,0.42922,0.37822,-0.18282,-0.10631,0.072198,0.19971,0.25071,-0.56534,-0.53984,-0.05531,0.68424,0.96476,0.73524,0.40372,0.25071,-0.25932,-0.20832,-0.38683,-0.66735,1.0668,0.60773,0.0977,0.1742,-0.10631,0.48022,0.32721,0.60773,0.22521,-0.31033,-0.28482,-0.15732,0.27621,0.58223,0.42922,0.22521,-0.029808,-0.029808,0.021195,0.27621,0.19971,0.40372,-0.05531,0.021195,0.072198,0.55673,0.0977,-0.23382,-0.59084,-0.15732,-0.31033,1.2198,0.76074,0.22521,0.072198,0.0977,0.35272,-0.10631,-0.38683,-0.43783,-0.13181,0.42922,0.42922,0.48022,0.42922,0.58223,0.25071,0.021195,0.1487,-0.004307,-0.31033,0.021195,0.19971,0.22521,-0.23382,0.40372,0.0977,-0.029808,-0.05531,-0.41233,0.81175,0.1742,0.48022,-0.080812,-0.18282,0.046696,0.1487,0.32721,0.40372,0.25071,0.35272,0.35272,0.58223,-0.20832,-0.25932,0.22521,0.30171,-0.13181,-0.61635,-0.33583,0.072198,0.30171,0.45472,0.45472,0.32721,0.1742,0.22521,-0.004307,-0.029808,0.27621,0.48022,0.55673,0.1487,-0.25932,-0.20832,-0.20832,-0.20832,-0.20832,-0.080812,0.37822,0.73524,0.42922,0.48022,0.50573,0.32721,0.1232,-0.05531,-0.10631,0.19971,0.27621,0.42922,-0.51434,-0.029808,-0.080812,0.25071,0.48022,0.45472,0.40372,-0.05531,-0.15732,-0.05531,0.22521,0.1742,-0.10631,0.1232,0.046696,0.072198,0.83725,0.70974,0.48022,-0.13181,-0.36133,-0.05531,0.1232,0.25071,-0.10631,-0.10631,0.19971,0.42922,0.0977,-0.33583,0.30171,0.60773,-0.33583,0.60773,0.50573,0.35272,0.63323,0.072198,-1.0754,-0.080812,-0.61635,-1.1519,0.50573,0.86275,0.88825,0.22521,-0.33583,-0.31033,0.19971,0.45472,0.45472,0.30171,0.25071,0.27621,0.73524,0.072198,-0.15732,-0.28482,-0.53984,-0.20832,0.1232,0.1742,0.73524,-0.029808,0.65874,0.19971,0.32721,0.48022,-0.080812,-0.20832,-0.20832,-0.23382,-0.15732,0.32721,0.68424,0.68424,0.58223,-0.004307,-0.004307,-0.31033,-0.25932,0.19971,0.42922,0.42922,0.22521,0.50573,-0.05531,0.37822,0.072198,-0.10631,0.1487,-0.23382,-0.05531,-0.004307,0.25071,0.40372,0.86275,0.40372,-0.13181,-0.36133,-0.46334,0.55673,0.55673,-0.004307,0.99026,0.78624,-0.080812,-0.64185,-0.28482,-0.31033,-0.13181,-0.18282,1.3983,0.81175,0.19971,-0.05531,0.1742,0.88825,0.1232,-0.89686,-0.74385,-0.38683,-0.029808,0.60773,1.1433,0.68424,0.021195,-0.48884,-0.13181,-0.15732,0.53123,0.58223,0.1232,0.30171,0.0977,-0.25932,-0.43783,-0.48884,1.2708,0.88825,0.88825,-1.8914,0.35272,0.91375,0.32721,-0.38683,-0.05531,0.35272,0.1487,-0.28482,-0.15732,-0.84586,-0.48884,0.60773,1.2453,0.63323,0.58223,0.65874,0.32721,0.25071,-0.31033,-0.46334,-0.59084,-0.38683,0.48022,0.91375,0.68424,0.25071,0.046696,-0.25932,-0.48884,1.2453,0.046696,0.021195,-0.05531,-0.05531,0.021195,0.1232,-0.080812,0.35272,0.072198,-0.029808,-0.33583,0.0977,0.83725,0.83725,0.76074,0.45472,-0.28482,-0.13181,0.021195,-0.080812,0.22521,0.1232,0.19971,0.021195,0.021195,-0.23382,0.30171,0.48022,0.1742,0.1232,-0.080812,0.35272,0.76074,0.1232,0.63323,0.37822,-0.15732,-0.76936,0.021195,0.35272,0.63323,-0.13181,-0.029808,0.50573,0.91375,-0.15732,0.50573,0.072198,-0.18282,0.021195,-0.20832,-0.10631,0.072198,0.35272,0.1742,0.19971,0.78624,0.86275,0.40372,-0.18282,-0.84586,-0.18282,0.1232,0.32721,0.35272,-0.13181,0.65874,0.65874,0.37822,0.27621,-0.41233,-0.36133,-0.28482,0.072198,0.32721,0.53123,0.1742,0.32721,-0.31033,0.70974,0.22521,-0.10631,0.30171,0.046696,0.1742,0.021195,-0.31033,-0.59084,-0.41233,-0.080812,0.45472,0.78624,1.7043,0.76074,0.35272,0.072198,-0.53984,-0.69285,-0.56534,-0.05531,0.70974,0.73524,0.70974,0.1232,-0.23382,-0.33583,0.27621,0.37822,-0.38683,0.55673,0.25071,0.32721,0.40372,0.072198,-0.23382,0.072198,-0.31033,0.55673,-0.20832,0.1232,0.42922,0.27621,0.22521,-0.080812,0.76074,0.55673,-0.10631,0.1487,-0.004307,0.0977,-0.43783,-0.66735,0.30171,0.046696,0.58223,0.37822,0.70974,-0.18282,0.32721,-0.38683,0.072198,0.50573,0.1742,-0.18282,0.25071,0.58223,0.046696,-0.004307,0.072198,-0.080812,-0.76936,0.93925,0.19971,0.68424,0.32721,-0.46334,0.021195,-0.029808,-0.004307,0.32721,0.0977,0.32721,0.1232,-0.38683,0.30171,1.5513,0.1232,-0.36133,-0.38683,-0.05531,0.45472,0.60773,0.27621,-0.13181,-0.080812,-0.10631,-0.41233,-0.029808,-0.31033,-1.0244,3.0814,0.96476,-0.10631,-0.66735,-0.76936,-0.31033,0.60773,-0.28482,0.32721,0.86275,-0.20832,0.50573,0.1232,-0.33583,-0.13181,0.40372,0.81175,0.53123,0.32721,-0.029808,-0.36133,-0.18282,0.021195,0.072198,-0.080812,0.22521,0.70974,0.40372,0.76074,1.2453,0.25071,-0.38683,-0.10631,-0.87136,-1.1009,0.68424,0.021195,0.45472,1.1178,0.65874,-0.18282,-0.38683,-0.13181,-0.05531,0.19971,0.072198,0.78624,0.19971,0.1232,0.1232,0.22521,0.021195,0.1232,0.22521,0.68424,-0.004307,-0.36133,-1.1009,0.0977,0.78624,0.45472,0.27621,-0.05531,-0.004307,0.60773,0.30171,-0.48884,0.22521,-0.080812,0.1487,-0.080812,-0.71835,0.70974,0.88825,0.1232,1.1178,0.30171,-0.10631,-0.05531,0.021195,0.22521,0.1742,0.19971,-0.28482,-0.029808,-0.004307,0.1232,0.32721,-0.33583,0.63323,0.0977,0.1487,-0.10631,-0.080812,0.37822,1.0158,0.68424,0.27621,-0.46334,-0.76936,0.27621,-0.13181,0.25071,0.22521,0.81175,0.58223,-0.43783,0.35272,-0.56534,-0.25932,-0.029808,0.40372,0.68424,0.70974,0.53123,0.1232,-0.64185,-0.31033,0.021195,0.27621,0.046696,0.32721,0.42922,0.046696,-0.18282,0.19971,0.55673,0.58223,0.1487,-0.080812,-0.18282,-0.28482,0.1487,-0.23382,-0.080812,0.78624,0.88825,0.32721,0.1232,-0.13181,-0.10631,-0.080812,0.55673,0.40372,-1.2029,0.1232,0.072198,0.45472,-0.71835,0.37822,-0.18282,0.81175,0.93925,0.70974,0.60773,0.046696,-0.36133,-0.13181,-0.080812,0.27621,0.22521,0.072198,-0.15732,-0.15732,0.25071,0.58223,0.73524,0.19971,0.072198,0.046696,-0.029808,-0.18282,0.91375,-0.029808,-0.13181,-0.28482,-0.56534,0.37822,0.99026,0.19971,-0.080812,-0.080812,-0.004307,0.19971,0.37822,0.50573,-0.15732,0.0977,0.25071,0.55673,0.37822,0.1742,-0.13181,0.1487,0.50573,0.42922,0.0977,-1.0754,-0.20832,0.1487,0.32721,0.63323,-0.28482,0.96476,0.1487,-0.46334,-0.61635,-0.029808,0.53123,1.0668,0.55673,0.27621,-0.25932,-0.64185,0.48022,0.22521,0.30171,0.42922,0.1487,-0.38683,-0.31033,-0.13181,0.65874,0.76074,0.70974,-0.10631,-0.23382,-0.48884,-0.23382,0.25071,0.40372,0.58223,0.32721,-0.05531,0.021195,0.27621,0.072198,-0.05531,0.55673,0.45472,-0.23382,-0.080812,-0.23382,-0.15732,0.32721,-0.080812,0.37822,0.68424,0.48022,0.27621,-0.20832,-0.87136,-0.13181,1.0158,0.78624,0.072198,-0.36133,-0.66735,-0.33583,0.22521,0.48022,0.58223,0.22521,0.0977,0.42922,-0.004307,-0.36133,0.37822,0.021195,0.021195,0.50573,0.42922,0.63323,0.1232,-0.20832,-0.13181,-0.15732,-0.029808,0.1487,0.68424,0.48022,0.1232,-0.10631,0.25071,0.22521,0.81175,0.19971,-0.59084,-1.4579,0.021195,0.27621,0.81175,1.3218,0.58223,0.0977,-0.28482,-0.23382,-0.10631,0.1487,-0.15732,0.072198,0.32721,0.50573,0.55673,-0.28482,0.93925,0.70974,0.22521,-0.38683,0.63323,0.48022,0.046696,-0.25932,-0.36133,-0.25932,0.1742,0.1487,0.27621,0.1742,0.25071,0.45472,0.35272,-0.46334,0.1232,-0.004307,-0.029808,0.76074,0.30171,0.046696,-0.13181,-0.20832,0.22521,0.0977,0.88825,0.93925,-0.18282,-0.38683,0.19971,-0.080812,0.046696,0.27621,0.27621,0.0977,0.072198,0.25071,0.22521,-0.029808,-0.92237,0.021195,0.32721,-0.10631,-0.080812,0.1232,0.32721,0.73524,0.53123,0.35272,0.37822,-0.15732,-0.64185,-1.3049,0.58223,0.046696,0.48022,0.63323,0.40372,-0.05531,-0.20832,-0.41233,0.1232,-0.029808,0.19971,0.73524,0.65874,0.30171,-0.59084,0.63323,0.60773,-0.13181,-0.31033,0.1232,0.76074,0.70974,-0.38683,0.1232,0.32721,-2.1464,2.5204,0.40372,-0.59084,-0.15732,-0.18282,0.22521,0.30171,-0.53984,0.73524,1.2963,-0.38683,-1.2794,0.072198,0.1487,0.25071,1.6278,-1.3049,2.3928,1.7043,0.78624,-0.43783,-1.8914,0.072198,-2.4525,1.1433,1.4493,-1.3304,-2.3505,-0.82036,1.0158,1.8318,-0.05531,0.88825,1.4748,3.8464,-1.1009,-3.7785,-0.89686,1.3983,3.2854,1.5513,0.27621,-0.59084,-1.0244,-1.4579,-0.15732,-0.51434,-1.0244,0.63323,0.27621,0.48022,0.58223,0.73524,1.0158,0.42922,-0.59084,-0.61635,-0.10631,0.27621,-0.18282,-0.10631,0.22521,0.42922,0.42922,-0.029808,0.072198,0.76074,2.4694,0.072198,-0.89686,-1.5599,-0.53984,0.22521,0.32721,1.5003,-0.38683,-0.64185,0.1232,0.81175,0.021195,-0.51434,0.45472,0.88825,0.83725,-0.38683,-0.41233,0.73524,0.30171,-0.15732,0.046696,0.50573,-0.38683,-0.69285,0.19971,0.70974,0.22521,0.22521,0.1232,-0.82036,-0.33583,0.48022,1.5513,0.78624,-0.18282,-0.61635,-0.18282,0.22521,0.63323,0.1232,-0.080812,-0.05531,-0.004307,0.32721,-0.080812,0.35272,0.30171,0.53123,0.40372,-0.53984,-1.1519,0.83725,0.48022,0.25071,0.68424,0.40372,-0.080812,-0.23382,-1.0244,0.60773,0.30171,0.0977,0.76074,0.50573,-0.029808,-0.31033,-0.05531,0.25071,1.0158,0.1487,-0.36133,-0.004307,-0.51434,-0.13181,0.70974,0.53123,0.1487,0.48022,1.3983,-0.23382,0.22521,0.021195,0.25071,0.22521,-0.05531,-0.25932,-0.33583,-0.029808,-0.28482,0.30171,0.27621,-0.004307,-0.080812,0.42922,1.0413,1.0413,0.30171,-0.56534,-0.080812,-0.25932,0.021195,-0.10631,-0.20832,0.91375,0.53123,0.0977,-0.89686,0.22521,0.37822,0.35272,0.45472,0.046696,0.68424,0.40372,-0.18282,-0.36133,-0.41233,0.046696,0.0977,0.76074,0.53123,0.046696,-0.41233,0.93925,0.60773,-0.59084,-0.28482,-0.51434,0.27621,0.76074,0.63323,-0.25932,-0.13181,0.22521,0.86275,0.42922,0.1232,0.19971,0.1487,0.45472,0.072198,-0.36133,0.25071,-0.33583,-0.43783,0.021195,0.42922,0.73524,0.68424,0.1487,0.046696,-0.43783,-0.28482,0.1742,1.0413,1.0413,0.37822,0.27621,-0.53984,-0.10631,-0.33583,-0.28482,-0.029808,0.19971,0.50573,0.32721,0.53123,0.27621,-0.20832,-0.31033,-0.080812,0.1487,0.86275,0.68424,-0.33583,-0.46334,0.35272,0.53123,0.27621,-0.15732,-0.13181,-0.20832,0.53123,0.65874,0.45472,0.1232,-0.38683,-0.46334,-0.28482,0.072198,0.27621,0.1742,0.1232,-0.080812,0.22521,0.45472,0.50573,0.73524,-0.004307,-0.38683,0.42922,0.1232,-0.20832,0.1742,-0.48884,-0.20832,-0.080812,-0.080812,0.27621,0.25071,-0.23382,0.19971,0.65874,-0.18282,-0.13181,0.65874,1.2198,1.3473,0.27621,-0.23382,-0.31033,-0.69285,-0.56534,-0.28482,0.021195,0.27621,0.32721,0.30171,0.32721,0.30171,0.32721,0.1742,0.30171,0.1487,0.32721,0.1742,-0.029808,0.50573,0.0977,-0.004307,-0.15732,-0.13181,0.1742,0.40372,0.25071,0.046696,-0.004307,0.55673,0.32721,-0.18282,0.19971,0.22521,0.91375,0.73524,0.35272,-0.38683,-0.53984,-0.99887,-0.13181,0.021195,-0.029808,0.37822,0.53123,0.81175,0.73524,0.60773,-0.71835,1.7808,-0.10631,-1.1774,-0.080812,-0.94787,-0.51434,0.046696,1.2708,1.6788,1.1943,0.68424,-0.46334,-1.1774,-1.4579,-1.1264,-0.36133,0.73524,0.86275,0.76074,0.81175,1.3473,0.96476,0.40372,-0.53984,-0.66735,-0.69285,-0.48884,-0.18282,0.37822,0.93925,1.3473,0.93925,-0.080812,-0.71835,-0.89686,-0.82036,-1.3814,1.1943,0.99026,0.58223,0.1232,-0.31033,0.78624,0.25071,0.30171,0.55673,0.22521,0.22521,-0.029808,0.27621,-0.43783,-0.64185,-0.51434,-0.10631,0.22521,0.53123,0.70974,0.73524,0.68424,0.27621,-0.029808,0.1742,0.25071,0.45472,-0.15732,-0.71835,-0.64185,-0.23382,0.40372,0.70974,0.60773,0.0977,0.072198,0.046696,0.19971,0.48022,0.65874,0.53123,-0.080812,-0.48884,-0.15732,-0.31033,-0.53984,0.60773,0.60773,0.27621,0.53123,0.65874,0.32721,0.046696,-0.38683,-0.33583,-0.080812,0.68424,0.35272,0.30171,0.42922,0.19971,-0.15732,-0.69285,-0.28482,-0.004307,-0.79486,0.22521,0.73524,0.81175,1.0413,0.81175,0.32721,-0.38683,-0.74385,0.1232,0.19971,0.22521,-0.23382,0.42922,0.19971,0.22521,0.19971,0.48022,-0.41233,0.1232,0.27621,-0.080812,-0.20832,0.25071,0.63323,1.2198,0.35272,-0.28482,-0.18282,-0.004307,-0.28482,-0.13181,0.53123,0.22521,0.0977,0.0977,0.50573,0.0977,0.021195,-0.48884,-0.13181,0.22521,0.19971,0.1487,0.1487,0.25071,0.76074,0.40372,0.45472,0.68424,-0.31033,0.19971,-0.38683,-0.31033,0.072198,-0.05531,0.1232,0.19971,0.40372,0.32721,0.1742,0.1232,0.021195,-0.28482,-0.15732,0.021195,0.072198,1.6278,0.68424,0.1487,-0.080812,0.22521,-0.15732,-0.61635,-0.46334,-0.43783,0.35272,0.021195,0.93925,0.55673,0.046696,-0.25932,-0.51434,0.60773,0.60773,0.76074,0.55673,-0.38683,-0.51434,-0.080812,-0.080812,0.1742,0.0977,0.70974,0.63323,0.58223,0.0977,-0.31033,-0.15732,0.1742,0.58223,-0.080812,-0.23382,-0.029808,0.1742,0.1232,0.32721,0.50573,0.27621,0.1742,-0.28482,0.25071,-0.004307,-0.31033,0.58223,0.42922,0.68424,0.48022,0.27621,0.50573,-0.28482,-0.69285,-0.84586,-0.43783,0.42922,0.91375,0.1487,0.68424,0.70974,0.55673,-0.029808,-0.59084,0.046696,0.1742,0.40372,0.65874,0.1232,-0.004307,-0.080812,-0.18282,-0.13181,-0.029808,0.35272,0.58223,0.37822,0.19971,-0.004307,0.1742,0.27621,0.45472,0.0977,0.0977,0.072198,0.32721,-0.05531,-0.59084,-0.76936,0.42922,0.55673,0.76074,0.65874,0.27621,-0.48884,-0.51434,-0.61635,-0.029808,0.0977,0.22521,1.0668,0.73524,0.93925,0.1742,-0.31033,-0.23382,-0.76936,0.86275,0.42922,0.072198,-0.23382,0.046696,0.45472,0.1487,-0.15732,-0.31033,-0.05531,0.42922,-0.23382,-0.05531,0.30171,0.35272,0.58223,0.86275,0.42922,-0.15732,0.1232,0.32721,-0.004307,0.021195,-0.080812,-0.41233,0.072198,0.22521,0.53123,0.37822,0.1232,-0.28482,-0.20832,0.53123,0.45472,-0.38683,-0.10631,0.1232,0.37822,0.53123,0.53123,0.19971,-0.05531,-0.029808,0.1232,0.60773,0.65874,0.68424,-0.10631,-0.61635,-0.48884,-0.46334,0.1742,-0.080812,0.63323,0.32721,0.1232,0.072198,0.76074,0.60773,-0.36133,0.1742,0.046696,-0.48884,-0.004307,0.30171,0.1742,-0.029808,0.50573,1.0668,1.3218,-0.10631,-0.92237,-0.94787,-0.36133,0.40372,0.1232,-0.48884,0.25071,0.88825,1.1433,0.55673,0.50573,0.021195,-0.23382,0.1232,0.1232,-0.18282,-0.28482,0.1487,-0.080812,-0.31033,0.021195,0.65874,0.83725,0.046696,-0.05531,-0.05531,0.072198,-0.029808,-0.004307,0.046696,0.65874,0.60773,0.48022,-0.36133,-0.20832,0.19971,-0.004307,-0.080812,0.37822,0.50573,0.86275,0.1742,0.1232,-0.05531,-0.28482,-0.25932,-0.41233,0.42922,0.021195,0.88825,0.32721,0.1232,0.1232,-0.029808,-0.004307,0.072198,-0.38683,0.30171,0.32721,0.53123,0.96476,0.73524,0.072198,-0.31033,-0.69285,-0.38683,-0.080812,0.27621,0.32721,0.32721,0.50573,0.37822,0.1232,0.072198,-0.004307,0.27621,0.53123,0.60773,-0.23382,-0.004307,0.021195,-0.25932,-0.48884,0.48022,0.22521,0.58223,0.48022,0.1232,0.1232,0.19971,0.1742,-0.05531,-0.05531,0.1487,-0.20832,0.50573,0.30171,-0.33583,-0.15732,0.046696,0.53123,0.83725,0.25071,-0.080812,-0.28482,-0.20832,0.021195,0.021195,0.42922,0.22521,0.53123,0.50573,0.19971,-0.13181,-0.029808,0.42922,0.42922,0.50573,0.19971,-0.15732,-0.080812,-0.28482,-0.05531,0.1742,0.58223,0.021195,-0.05531,0.1232,0.32721,0.53123,0.58223,0.42922,0.25071,-0.13181,-0.20832,-0.15732,-0.13181,0.1232,0.1742,-0.28482,0.60773,0.99026,0.046696,-0.15732,0.22521,-0.029808,-0.18282,-0.004307,0.53123,0.93925,-0.25932,-0.46334,-0.36133,0.55673,0.78624,0.37822,-0.18282,-0.10631,0.072198,0.072198,0.40372,0.0977,0.32721,-0.33583,0.48022,-0.004307,-0.46334,-0.71835,-0.10631,0.32721,0.60773,0.83725,0.70974,0.35272,0.1487,-0.33583,-0.64185,-0.46334,0.1232,0.48022,0.60773,0.60773,0.30171,0.021195,-0.28482,-0.20832,-0.18282,-0.10631,0.1232,0.55673,0.1232,0.046696,0.35272,1.0158,0.45472,-0.029808,-0.18282,-0.080812,-0.029808,0.0977,-0.18282,0.072198,0.22521,0.86275,-0.15732,-0.28482,-0.25932,0.35272,0.60773,1.1688,0.81175,0.1487,-0.25932,-0.64185,-0.99887,-0.64185,0.27621,0.83725,0.83725,0.73524,0.63323,0.32721,-0.13181,-0.23382,-0.15732,0.0977,0.48022,0.27621,0.32721,-0.10631,0.0977,0.32721,0.63323,0.1232,-0.10631,-0.69285,-0.71835,0.19971,0.73524,1.0158,0.45472,-0.36133,-0.18282,-0.05531,0.42922,0.1742,0.1487,0.046696,0.25071,-0.28482,0.48022,0.0977,0.021195,0.99026,-0.25932,-0.18282,-0.080812,0.046696,-0.004307,-0.080812,0.072198,0.1232,0.35272,0.48022,0.53123,0.1742,0.37822,0.65874,1.0158,0.0977,-0.43783,-0.69285,-0.82036,-0.23382,0.021195,0.1742,0.35272,0.19971,0.45472,0.63323,0.96476,0.93925,0.1487,-0.13181,-0.41233,-0.31033,-0.13181,0.42922,-0.23382,0.046696,-0.43783,0.32721,0.81175,0.22521,0.37822,0.021195,-0.05531,0.1742,0.021195,-0.10631,-0.080812,0.072198,0.1487,0.021195,0.68424,-0.10631,1.9083,0.046696,-0.99887,-0.87136,-0.080812,0.42922,0.42922,0.22521,0.021195,0.22521,0.25071,0.50573,0.22521,0.19971,0.19971,-0.080812,0.0977,0.021195,0.072198,0.072198,-0.28482,-0.33583,-0.004307,0.32721,0.30171,0.32721,0.0977,0.1742,0.48022,0.70974,0.42922,0.072198,-0.080812,-0.004307,0.1232,0.1487,0.1232,-0.10631,-0.48884,-0.20832,0.60773,0.0977,0.40372,0.55673,0.27621,0.1232,0.021195,-0.029808,-0.33583,0.021195,0.42922,1.1433,0.86275,-0.61635,-0.004307,-0.20832,-0.74385,-0.43783,-0.004307,0.88825,0.73524,0.22521,0.35272,0.53123,0.68424,0.25071,-0.004307,-0.36133,-0.59084,-0.38683,-0.029808,0.1742,0.30171,0.22521,0.1742,0.68424,0.53123,0.046696,0.1742,0.88825,0.60773,-0.20832,-0.51434,-0.33583,-0.31033,-0.25932,-0.33583,0.35272,0.65874,0.58223,0.53123,0.70974,0.86275,0.1232,-0.10631,-0.28482,-0.43783,-0.59084,-0.28482,0.42922,0.27621,0.072198,0.22521,0.73524,1.0668,-0.61635,0.78624,0.22521,-0.38683,-0.38683,-0.18282,-0.05531,0.1742,0.25071,0.072198,0.73524,0.73524,0.50573,0.32721,0.30171,0.0977,-0.28482,-0.61635,-0.43783,-0.53984,-0.080812
0.35272,0.1487,0.021195,-0.004307,0.021195,0.1487,0.25071,0.22521,0.19971,0.1487,0.0977,0.19971,0.1742,0.1232,0.072198,-0.004307,0.1232,0.22521,0.22521,0.30171,0.1742,0.0977,-0.004307,0.0977,0.0977,0.1232,0.22521,0.1742,0.22521,0.072198,0.1742,0.1742,0.1742,0.1487,0.0977,0.072198,0.046696,0.22521,0.30171,0.27621,0.22521,0.046696,0.046696,0.072198,0.1487,0.1487,0.19971,0.0977,0.1742,0.1742,0.1742,0.1232,0.1487,0.072198,0.0977,0.0977,0.1487,0.1487,0.19971,0.19971,0.22521,0.1232,0.0977,0.046696,0.046696,0.1487,0.27621,0.32721,0.22521,0.22521,0.22521,0.0977,-0.080812,0.021195,0.021195,-0.004307,0.1742,0.30171,0.30171,0.30171,0.22521,0.1232,0.072198,0.021195,0.046696,0.072198,0.19971,0.19971,0.1742,0.1487,0.1742,0.1742,0.1742,0.1487,0.046696,0.1742,0.1232,0.1742,0.22521,0.1487,0.1742,0.1232,0.1232,0.0977,-0.004307,0.021195,0.1232,0.1487,0.0977,0.0977,0.072198,0.072198,0.021195,0.0977,0.0977,0.0977,0.1742,0.25071,0.25071,0.1487,0.1487,0.0977,0.1487,0.072198,0.072198,0.072198,0.25071,0.27621,0.19971,0.22521,0.0977,0.0977,0.1232,0.072198,0.1232,0.1232,0.22521,0.1487,0.1232,0.22521,0.1487,0.1742,0.19971,0.1232,0.0977,0.021195,0.1487,0.1487,0.1487,0.22521,0.27621,0.1232,0.0977,0.072198,0.046696,0.046696,0.1232,0.19971,0.1232,0.19971,0.1487,0.1232,0.0977,0.0977,0.1232,0.1742,0.22521,0.22521,0.1742,0.0977,0.072198,0.1232,0.072198,0.19971,0.1487,0.19971,0.19971,0.1487,0.1742,0.1487,0.22521,0.22521,0.072198,0.021195,0.046696,0.1487,0.27621,0.19971,0.1232,0.0977,0.1742,0.1487,0.1742,0.1742,0.0977,0.072198,0.1232,0.19971,0.1742,0.1742,0.1742,0.0977,0.0977,0.0977,0.046696,0.1232,0.19971,0.1487,0.0977,0.0977,0.1232,0.046696,-0.029808,-0.004307,0.072198,0.1232,0.22521,0.1742,0.1232,0.25071,0.1232,0.19971,0.1232,0.32721,0.22521,0.1487,0.40372,0.1742,0.1487,0.021195,0.021195,0.30171,0.22521,0.072198,-0.10631,0.1487,0.021195,0.22521,0.35272,-0.18282,0.27621,-0.10631,0.1487,0.45472,0.45472,0.32721,-0.05531,-0.029808,0.0977,0.1742,0.42922,0.19971,-0.080812,-0.23382,0.32721,0.22521,-0.33583,0.072198,0.22521,1.0158,1.2708,-0.10631,-0.23382,-0.74385,-0.94787,-2.631,0.63323,5.453,2.6989,-0.76936,-1.9679,-4.4671,-0.64185,4.025,1.7043,0.072198,-4.5181,0.0977,7.2127,1.5258,-4.1866,-5.6912,0.68424,4.2035,-6.6602,6.3711,5.4785,1.3983,-5.9462,1.9083,0.83725,-3.5745,-0.92237,-1.1519,-0.23382,3.1324,-1.2539,5.0195,-4.3906,4.892,1.7808,-3.447,-14.923,7.4167,10.732,0.45472,-4.0846,-2.2995,-0.61635,-0.56534,-0.43783,-3.141,2.0358,3.0049,1.2198,-2.8095,-1.0499,1.4493,1.6278,1.2453,2.6734,2.8519,-4.0846,-5.6657,2.5969,0.42922,-2.5545,-3.141,8.1307,3.1579,-1.1264,-1.8659,0.76074,1.5513,-3.1155,1.4748,0.1232,-2.6055,0.1742,3.3109,-1.0244,-0.76936,-0.66735,1.7553,-2.784,-0.48884,-2.937,3.9484,1.1433,4.1525,3.1069,-2.2995,0.32721,0.99026,-2.1974,-0.10631,0.53123,-0.029808,-4.0591,-0.20832,1.3473,1.3473,0.53123,-0.53984,-0.61635,-0.13181,0.42922,0.1742,-0.15732,-0.36133,0.60773,1.5513,2.0868,0.81175,-0.18282,-0.66735,-0.18282,-0.13181,0.046696,-0.080812,-0.28482,-0.48884,-0.25932,-0.004307,-0.080812,0.40372,1.1433,1.1943,0.48022,-0.18282,-0.004307,0.072198,1.2198,0.0977,-0.71835,-0.74385,-0.43783,-0.28482,0.73524,0.22521,-0.05531,0.19971,-0.004307,0.1232,-0.05531,-0.029808,0.32721,0.58223,0.53123,-0.15732,1.3473,0.50573,-0.18282,-0.41233,-1.2029,-0.25932,-1.2284,1.2708,0.30171,1.5768,0.81175,-0.33583,-0.59084,-0.82036,-0.43783,-0.41233,-0.36133,0.1232,1.0668,1.4238,1.2198,0.63323,-0.13181,-0.004307,-0.89686,0.73524,1.2453,-0.41233,-0.004307,0.78624,-0.28482,-0.64185,-0.10631,-0.51434,-1.2539,-0.25932,0.072198,0.70974,1.2963,0.86275,0.53123,0.65874,-0.13181,-0.43783,-0.51434,-0.080812,0.1487,0.072198,0.60773,-0.080812,0.88825,0.45472,-0.43783,0.021195,0.1232,-0.59084,-0.87136,-0.46334,-0.28482,-0.13181,0.65874,0.99026,2.6734,1.5768,-1.2539,-2.1209,-0.59084,-0.10631,0.40372,0.45472,0.22521,0.1232,0.42922,0.86275,1.1943,0.1232,-0.43783,-0.69285,-0.13181,0.63323,0.63323,0.68424,-0.74385,0.35272,0.63323,-1.2029,1.0413,0.88825,-0.61635,-0.05531,-1.5854,0.86275,0.27621,-0.69285,0.021195,0.50573,0.37822,0.81175,1.1433,1.0158,0.27621,-0.48884,-0.69285,-0.029808,-0.080812,0.25071,0.1742,-0.15732,0.021195,-0.20832,0.021195,0.53123,0.25071,1.1178,-0.004307,-0.20832,-0.31033,0.93925,0.50573,0.1232,0.072198,-0.59084,-0.56534,-0.10631,-0.13181,0.40372,-0.20832,0.73524,0.68424,-0.029808,-0.38683,1.5003,1.5768,0.1742,-0.82036,-0.87136,-0.48884,-0.029808,0.27621,0.27621,-0.004307,0.1742,0.63323,0.68424,-0.080812,-0.05531,0.53123,0.91375,0.072198,-0.18282,-0.33583,-0.46334,-0.36133,-0.31033,0.63323,-0.20832,1.0158,1.4238,0.22521,0.021195,-0.87136,-1.0754,-0.18282,-1.1009,2.4438,0.1232,1.0158,0.58223,-0.41233,-1.2284,0.27621,0.37822,-0.10631,-0.46334,0.22521,-0.66735,0.30171,1.1178,2.1633,1.3728,0.25071,-0.53984,-1.0754,-1.1774,-1.0754,-0.51434,0.50573,1.3218,0.63323,0.55673,0.78624,0.70974,0.45472,-0.13181,-0.61635,-0.79486,-0.66735,-0.004307,-0.10631,0.35272,0.88825,1.1943,1.4748,1.0158,-1.4579,-1.9169,-0.82036,0.81175,0.32721,0.58223,0.32721,0.42922,0.19971,0.072198,-0.25932,-0.31033,0.27621,0.1742,0.1232,0.32721,0.83725,0.37822,0.22521,0.021195,-0.080812,0.0977,0.32721,-0.080812,-0.10631,-0.05531,-0.41233,-0.74385,-0.029808,0.35272,-0.080812,0.78624,0.48022,2.2398,0.046696,-0.92237,-0.48884,-0.18282,-0.43783,-0.10631,0.1232,0.76074,0.65874,0.53123,0.021195,-0.13181,0.30171,0.30171,0.48022,0.046696,-0.53984,-1.4324,0.37822,0.68424,0.48022,0.91375,0.70974,0.046696,0.072198,-0.28482,-0.31033,-0.18282,0.32721,0.99026,0.76074,-0.53984,0.1232,-0.080812,-0.18282,0.072198,-0.15732,0.81175,0.53123,-0.23382,-0.18282,-0.004307,0.78624,0.58223,0.50573,-0.31033,-0.64185,0.0977,0.19971,0.86275,0.32721,0.046696,-0.38683,-0.23382,0.021195,0.021195,0.40372,0.42922,0.35272,0.1487,-0.004307,0.1487,0.55673,0.53123,0.73524,0.1232,-0.97337,0.072198,-0.13181,-0.48884,-0.15732,-0.36133,0.1742,0.42922,1.5003,0.1232,-0.33583,-0.10631,0.1232,1.0668,-0.13181,-0.38683,0.32721,-0.38683,-0.66735,-0.38683,0.37822,0.83725,0.27621,0.35272,0.55673,0.86275,0.48022,-0.080812,-0.76936,-0.51434,-0.029808,0.99026,0.73524,-0.080812,-0.28482,-0.43783,0.021195,0.072198,0.0977,0.42922,0.76074,0.19971,-0.004307,0.35272,0.32721,1.0413,1.5258,-0.004307,-0.79486,-1.0499,-0.99887,-0.82036,-0.15732,0.072198,0.48022,0.1487,0.96476,-0.05531,1.3473,1.0158,0.50573,0.22521,0.30171,0.42922,-0.20832,-0.99887,-1.2539,-0.33583,-0.66735,-0.56534,-0.46334,1.1433,0.81175,0.70974,0.63323,0.73524,1.0158,0.73524,-0.66735,-1.1009,-0.38683,1.2198,0.35272,-0.05531,-0.080812,-0.029808,0.27621,0.021195,0.22521,0.30171,-0.05531,0.32721,0.1742,0.83725,1.0923,0.32721,-0.25932,-0.18282,-0.029808,-0.20832,0.1487,0.021195,-0.23382,-0.25932,0.25071,0.60773,0.73524,0.48022,0.83725,0.0977,-0.59084,-0.23382,1.1433,0.76074,-0.51434,-0.28482,-0.15732,0.22521,-0.20832,0.1487,0.0977,-0.029808,-0.41233,0.30171,0.1742,0.53123,0.58223,0.88825,0.1487,-0.28482,-0.13181,-0.080812,0.072198,-0.15732,-0.46334,-0.28482,0.046696,0.50573,0.68424,0.55673,0.046696,0.32721,0.73524,0.1742,-0.48884,0.60773,-0.13181,-0.89686,-0.15732,0.60773,-0.080812,-0.15732,0.072198,0.37822,0.99026,1.0413,0.32721,-0.004307,-0.48884,-0.59084,0.046696,0.40372,0.70974,0.53123,0.22521,-0.31033,-0.38683,-1.4069,0.83725,0.35272,0.32721,0.86275,0.55673,0.32721,-0.31033,-0.41233,-0.38683,-0.004307,-0.004307,-0.25932,0.50573,0.63323,-0.13181,0.73524,1.1433,1.1433,1.0923,-0.48884,-0.82036,-0.92237,-0.61635,-0.59084,-0.15732,0.40372,0.58223,1.3728,0.73524,-0.15732,0.1742,0.046696,-0.18282,-0.20832,0.021195,0.0977,0.1487,0.072198,0.73524,0.58223,0.81175,0.35272,-0.31033,-0.029808,0.0977,-0.029808,-0.004307,0.37822,-0.23382,0.0977,0.65874,0.27621,0.1487,0.45472,0.83725,0.021195,-0.97337,0.0977,0.88825,0.42922,0.55673,0.48022,-0.46334,-0.43783,-0.13181,0.42922,-0.080812,0.072198,0.1232,-0.10631,-0.20832,0.65874,0.58223,0.27621,0.072198,0.021195,0.021195,0.021195,-0.13181,0.50573,0.50573,0.30171,0.58223,0.021195,0.021195,-0.004307,0.32721,0.046696,-0.20832,-0.05531,-0.25932,0.55673,0.50573,0.1232,0.40372,0.96476,0.27621,0.1487,-0.20832,-0.13181,-0.31033,0.1232,0.072198,0.1742,0.73524,0.53123,0.046696,0.1232,0.19971,0.45472,0.37822,-0.48884,-0.38683,0.53123,0.73524,0.88825,-0.029808,0.50573,0.22521,-0.20832,-0.43783,-0.53984,-0.48884,-0.004307,0.93925,0.60773,-0.004307,0.046696,0.58223,0.1487,-0.15732,-0.38683,-0.080812,0.021195,0.91375,0.1742,0.40372,-0.05531,0.19971,0.25071,-0.10631,0.22521,0.42922,-0.029808,-0.59084,-0.25932,0.32721,0.42922,0.65874,0.32721,0.072198,0.1487,0.1487,-0.05531,0.1487,0.072198,0.22521,-0.029808,-0.004307,0.1742,0.27621,0.35272,0.50573,0.40372,-0.029808,-0.05531,-0.029808,0.0977,-0.28482,-0.53984,0.25071,0.42922,0.19971,0.32721,0.22521,0.45472,0.76074,0.35272,-0.36133,0.88825,-0.20832,0.1232,-0.13181,0.046696,-0.33583,-0.48884,-0.89686,0.27621,0.78624,0.91375,0.58223,0.19971,-0.004307,-0.10631,-0.004307,-0.18282,-0.13181,-0.080812,0.22521,0.22521,0.42922,0.30171,0.73524,0.37822,0.046696,0.021195,0.021195,-0.13181,-0.51434,0.1487,0.37822,0.42922,0.1232,0.27621,0.37822,0.22521,-0.92237,-0.82036,1.0158,0.60773,0.60773,0.0977,-0.10631,0.1232,0.072198,-0.029808,0.22521,0.1742,1.2453,0.42922,-0.25932,-0.59084,-0.33583,-0.28482,0.35272,0.48022,0.55673,1.0668,0.96476,0.48022,-0.20832,-0.74385,-0.74385,-0.51434,0.072198,-0.004307,0.1232,-0.51434,0.73524,0.96476,0.86275,0.78624,1.3473,-0.05531,-1.1519,-1.9169,0.19971,0.48022,-0.51434,1.1178,0.30171,-0.18282,-0.080812,0.27621,1.2708,0.58223,0.42922,-0.10631,-0.25932,0.50573,0.072198,-1.9169,1.6278,0.76074,-1.2539,2.3163,-0.56534,-1.2029,-1.1009,-1.0754,-0.28482,0.046696,0.91375,1.8573,0.76074,1.0158,0.83725,1.6278,0.021195,-0.61635,-0.46334,-0.66735,-0.99887,-0.61635,-0.89686,-0.36133,0.65874,1.1433,0.91375,0.96476,0.046696,-0.33583,-0.20832,0.30171,0.93925,-0.080812,-0.41233,-0.56534,-0.46334,-0.25932,-0.56534,2.8519,1.7553,-0.029808,-1.1009,-0.48884,-0.18282,-0.05531,0.35272,-0.15732,0.27621,-0.05531,-0.05531,-0.20832,0.83725,0.63323,0.32721,-0.10631,-0.31033,0.35272,0.32721,1.0668,-0.18282,0.25071,-0.004307,-0.51434,-0.89686,-0.94787,0.40372,0.48022,-0.41233,0.73524,0.86275,0.70974,0.046696,-0.05531,0.42922,0.22521,-0.13181,0.1232,0.046696,0.0977,0.30171,0.1487,0.072198,0.1487,0.32721,-0.10631,-0.20832,0.046696,0.37822,0.76074,0.42922,-0.029808,-0.13181,0.58223,0.40372,-0.18282,0.1487,-0.18282,-0.20832,0.021195,0.1742,0.48022,0.37822,0.0977,0.021195,0.19971,0.73524,0.27621,-0.23382,-0.43783,-0.53984,-0.31033,0.1232,0.55673,0.22521,0.1232,1.0413,0.30171,-0.46334,-0.61635,1.0668,0.93925,0.30171,-0.05531,0.19971,0.072198,-0.36133,-0.23382,-0.41233,-0.23382,0.50573,0.83725,0.55673,0.22521,-0.004307,-0.13181,-0.05531,-0.18282,-0.080812,0.48022,0.35272,-0.004307,-0.004307,0.96476,0.40372,0.021195,0.32721,0.1487,-0.28482,-0.66735,-0.82036,-0.53984,0.046696,0.60773,0.73524,0.76074,0.55673,0.1742,-0.33583,0.32721,0.072198,-0.53984,-0.080812,1.4493,1.6023,0.1232,-0.84586,-0.48884,-0.43783,-0.23382,-0.48884,-0.82036,0.32721,0.76074,0.68424,1.1433,0.0977,1.1943,0.19971,-0.10631,-0.53984,-0.69285,0.0977,-0.61635,1.2453,0.68424,-0.10631,-0.13181,-0.48884,-0.53984,-0.71835,0.58223,0.83725,0.58223,0.32721,0.19971,0.63323,0.1232,-0.38683,-0.13181,-0.080812,0.53123,0.25071,0.19971,0.27621,-0.029808,0.046696,0.021195,-0.43783,-0.05531,0.65874,0.86275,0.48022,-0.080812,-0.004307,0.68424,0.35272,0.19971,-0.18282,-0.28482,-0.56534,-0.13181,-0.10631,0.45472,1.1433,1.5003,0.65874,0.0977,0.0977,-0.18282,-0.48884,-0.53984,0.19971,0.30171,0.70974,0.50573,0.072198,0.072198,-0.080812,-0.10631,-0.53984,0.93925,0.83725,0.63323,0.021195,-0.33583,-0.43783,1.3473,0.1232,-0.48884,-0.69285,-0.59084,-0.51434,0.22521,0.32721,0.32721,0.68424,0.63323,0.32721,-0.10631,0.021195,-0.28482,1.0158,0.88825,0.19971,0.70974,0.53123,0.021195,-0.89686,-0.76936,-0.69285,-0.23382,-0.41233,0.19971,0.70974,0.91375,0.76074,0.58223,-0.13181,0.021195,-0.51434,-0.31033,0.83725,0.60773,0.1232,0.19971,0.30171,0.27621,0.22521,0.0977,-0.36133,0.60773,0.1487,-0.28482,-0.18282,0.22521,0.021195,-0.029808,-0.69285,0.1487,0.78624,1.0668,0.55673,0.86275,0.78624,0.50573,-0.28482,-0.64185,-0.84586,-0.94787,-0.51434,-0.10631,0.76074,1.5003,1.1433,0.30171,0.1232,-0.10631,0.42922,-0.13181,-0.31033,-0.10631,0.22521,0.40372,0.63323,-0.13181,-0.28482,-0.029808,-0.18282,-0.13181,0.27621,0.40372,0.35272,0.0977,0.22521,0.65874,0.42922,-0.080812,-0.41233,-0.10631,0.1742,0.91375,0.86275,0.1232,-0.36133,-0.69285,-0.43783,0.19971,0.046696,0.1487,0.25071,0.88825,0.81175,0.32721,0.32721,0.19971,0.25071,0.072198,-0.029808,-0.64185,-0.92237,0.63323,0.93925,0.50573,-0.029808,-0.029808,-0.13181,0.32721,0.40372,0.37822,0.046696,-0.33583,-0.59084,0.1487,0.55673,0.45472,0.63323,0.60773,0.78624,0.072198,-0.84586,-1.0244,-0.94787,-0.33583,0.83725,0.96476,0.68424,0.30171,0.046696,0.27621,0.19971,-0.004307,0.50573,0.32721,-0.74385,-0.28482,-0.10631,-0.38683,-0.15732,0.22521,0.32721,0.50573,0.76074,0.68424,0.32721,-0.080812,-0.080812,-0.080812,0.22521,0.1742,-0.20832,-0.25932,-0.33583,-0.89686,0.76074,0.50573,-0.029808,0.68424,0.58223,0.27621,-0.080812,-0.18282,-0.25932,-0.080812,-0.029808,0.30171,0.83725,-0.20832,0.0977,-0.10631,0.021195,0.0977,0.63323,0.1232,0.0977,0.072198,0.021195,-0.20832,-0.029808,0.1742,0.1742,0.35272,0.58223,0.22521,0.0977,0.1487,-0.004307,-0.15732,0.1742,0.1232,0.27621,-0.48884,0.32721,0.22521,0.30171,0.45472,0.30171,-0.029808,-0.05531,-0.080812,-0.46334,-0.25932,0.42922,0.83725,0.70974,0.37822,-0.10631,-0.20832,-0.004307,0.1487,0.50573,0.40372,-0.41233,0.60773,0.55673,-0.38683,-0.15732,0.1232,-0.10631,-0.33583,-0.41233,0.1487,0.63323,0.99026,0.50573,0.072198,0.19971,-0.41233,-0.13181,-0.080812,-0.20832,0.0977,0.83725,1.4493,0.55673,-0.61635,-0.46334,-0.20832,0.021195,0.60773,0.072198,0.046696,-0.029808,-0.23382,-0.23382,0.1742,0.48022,0.70974,0.19971,0.19971,0.60773,-0.080812,0.021195,0.021195,0.0977,-0.53984,0.1742,1.0413,0.73524,-0.13181,-0.82036,-0.23382,-0.05531,-0.004307,-0.004307,0.046696,0.58223,0.32721,0.42922,0.53123,0.55673,0.1742,-0.05531,-0.59084,-0.51434,0.22521,0.40372,0.53123,0.072198,0.0977,-0.080812,-0.33583,0.40372,0.22521,0.48022,0.53123,0.37822,0.48022,-0.029808,-0.18282,-0.28482,0.42922,0.40372,-0.004307,-0.13181,-0.13181,-0.004307,0.1742,0.32721,0.35272,0.0977,-0.13181,1.0923,0.55673,0.1487,-0.05531,0.1232,-0.029808,-0.43783,-0.33583,-0.36133,-0.18282,0.25071,0.78624,0.22521,0.65874,0.27621,0.42922,0.42922,0.0977,-0.18282,-0.31033,-0.18282,-0.13181,0.48022,0.73524,0.93925,0.22521,-0.23382,-0.51434,-0.31033,0.072198,-0.004307,0.22521,0.50573,0.32721,0.48022,0.1232,0.30171,-0.25932,-0.61635,0.32721,-0.10631,-0.28482,0.91375,1.2453,1.0923,-0.23382,-0.28482,-0.36133,-0.36133,-0.43783,-0.74385,0.37822,0.50573,0.40372,0.35272,0.48022,0.25071,0.046696,0.25071,0.35272,0.78624,0.072198,-0.41233,-0.05531,0.19971,0.021195,-0.18282,0.1487,-0.029808,-0.23382,0.046696,0.1487,0.072198,0.19971,0.30171,0.37822,0.19971,0.25071,0.55673,0.42922,-0.080812,0.65874,0.046696,-0.31033,-0.080812,-0.18282,1.1943,0.32721,-0.31033,-0.71835,-0.56534,-0.10631,-0.18282,0.1232,0.1742,0.32721,1.0413,0.70974,0.072198,0.76074,0.1742,-0.080812,-0.13181,-0.10631,-0.13181,-0.25932,-0.10631,0.35272,0.81175,0.68424,0.30171,0.021195,-0.13181,-0.31033,-0.23382,0.072198,0.37822,0.40372,0.1742,0.072198,-0.13181,0.22521,0.35272,0.40372,0.42922,-0.080812,-0.05531,0.021195,-0.004307,-0.10631,-0.05531,0.1232,0.27621,0.78624,0.53123,0.86275,-0.79486,0.27621,-0.28482,-0.38683,-0.23382,0.021195,0.48022,1.1943,0.70974,-0.38683,0.1487,0.27621,-0.20832,-0.51434,-0.13181,0.046696,0.32721,0.65874,0.58223,0.1742,0.1742,0.32721,0.046696,-0.43783,-0.25932,0.25071,0.37822,0.88825,-0.080812,-0.48884,-0.20832,0.046696,-0.13181,-0.004307,0.27621,0.65874,0.86275,0.70974,-0.20832,-0.46334,-0.33583,0.27621,0.27621,-0.004307,0.50573,-0.05531,-0.15732,0.37822,0.63323,0.1487,-0.13181,-0.25932,-0.029808,0.30171,0.60773,0.19971,-0.004307,-0.15732,0.1487,0.50573,-0.15732,-0.18282,-0.029808,0.25071,0.1232,0.37822,0.83725,0.86275,-0.05531,-0.25932,0.046696,-0.23382,-0.38683,-0.28482,-0.080812,0.27621,0.35272,0.37822,0.32721,0.1742,-0.23382,0.53123,0.30171,-0.15732,-0.23382,0.22521,0.42922,0.55673,0.68424,0.27621,-0.13181,0.25071,-0.18282,-0.05531,-0.18282,-1.1009,1.0158,0.40372,-0.46334,-0.10631,0.072198,0.53123,0.53123,0.42922,0.072198,0.046696,0.072198,0.1487,0.1487,0.1742,0.40372,0.45472,0.65874,0.0977,-0.31033,-0.56534,-0.43783,-0.15732,0.50573,0.93925,0.55673,0.32721,-0.05531,-0.38683,-0.25932,-0.36133,0.021195,0.55673,1.2453,0.83725,0.32721,-0.004307,-0.43783,-0.84586,0.1742,0.55673,0.58223,0.072198,-0.029808,0.50573,0.22521,-0.004307,0.046696,-0.33583,-0.28482,0.1487,0.73524,0.63323,0.42922,0.45472,-0.18282,-0.25932,-0.080812,-0.080812,-0.05531,0.19971,0.1232,0.32721,0.046696,1.5003,0.99026,-0.029808,-0.25932,-0.66735,-0.74385,-0.05531,0.072198,0.021195,-0.18282,0.072198,0.35272,0.78624,0.65874,0.0977,0.046696,0.19971,0.072198,0.22521,0.021195,-0.18282,0.072198,0.60773,0.58223,-0.080812,0.25071,0.22521,-0.20832,-0.59084,-0.33583,-0.080812,0.19971,0.42922,0.40372,-0.28482,1.0413,0.81175,0.55673,0.046696,0.021195,0.021195,0.19971,-0.33583,-0.71835,-0.51434,0.37822,1.1178,1.1178,0.27621,-0.31033,-0.51434,-0.38683,-0.31033,-0.080812,0.27621,0.50573,0.76074,0.30171,0.35272,0.1487,-0.15732,0.1487,0.19971,0.65874,-0.05531,-0.56534,-0.48884,-0.33583,0.1232,0.32721,0.81175,0.60773,0.81175,0.42922,-0.080812,-0.38683,-0.23382,-0.20832,-0.13181,-0.10631,0.1232,1.4493,1.1433,0.072198,-0.28482,-0.38683,-0.41233,-0.48884,0.1742,0.37822,0.48022,0.73524,0.19971,-0.20832,-0.23382,0.0977,0.32721,0.58223,0.27621,-0.05531,-0.18282,0.0977,-0.25932,-0.23382,0.76074,0.27621,0.32721,0.30171,0.1232,0.58223,0.55673,0.1232,-0.28482,-0.74385,-0.43783,-0.25932,0.072198,0.32721,0.58223,0.93925,0.53123,0.50573,0.88825,0.91375,-0.15732,-0.28482,-0.51434,-0.28482,0.072198,0.0977,-0.05531,-0.15732,0.046696,0.50573,0.65874,0.48022,0.45472,0.072198,0.1232,-0.41233,0.19971,-0.10631,-0.10631,0.1232,0.19971,0.63323,0.1742,0.73524,0.37822,0.68424,-0.33583,-0.76936,-0.66735,-0.48884,-0.20832,0.1232,-0.05531,1.2198,2.4694,0.60773,-0.20832,-0.28482,-0.080812,-0.13181,-0.15732,-0.53984,-0.48884,-0.15732,0.53123,0.86275,0.25071,0.1742,0.1487,0.25071,0.30171,-0.029808,-0.029808,0.072198,0.63323,0.35272,-0.18282,0.072198,-0.004307,0.021195,-0.05531,0.30171,0.19971,-0.080812,-0.15732,0.30171,0.60773,0.91375,0.63323,-0.15732,0.1232,-0.36133,-0.41233,-0.080812,-0.51434,0.73524,0.27621,0.40372,0.58223,-0.004307,-0.05531,0.37822,0.40372,-0.029808,0.1742,0.1232,0.1232,0.0977,0.1487,0.32721,0.1487,-0.51434,0.73524,0.32721,0.25071,0.021195,-0.38683,-0.56534,-0.31033,0.046696,0.22521,0.63323,0.68424,0.73524,0.96476,0.48022,-0.33583,-0.82036,-1.2284,-0.20832,0.88825,0.81175,0.50573,0.046696,-0.13181,-0.15732,-0.28482,-0.05531,0.1742,0.19971,0.58223,0.65874,0.40372,0.55673,0.30171,0.78624,0.32721,-0.59084,-0.94787,-0.79486,-0.23382,0.25071,0.58223,0.68424,0.68424,0.27621,-0.13181,-0.43783,-0.51434,-0.71835,-0.10631,0.1232,1.0668,1.2963,1.2453,0.53123,0.1487,-0.33583,-0.23382,-0.20832,-0.38683,-0.28482,-0.43783,1.0923,0.88825,0.30171,0.072198,-0.080812,0.072198,-0.10631,-0.080812,0.0977,-0.080812,-0.31033,0.32721,0.48022,0.88825,0.35272,-0.15732,-0.31033,-0.41233,-0.18282,0.27621,0.30171,0.021195,0.50573,0.40372,0.88825,0.27621,-0.18282,-0.23382,-0.05531,-0.23382,-0.76936,-0.28482,0.27621,1.4493,0.93925,-0.10631,-0.31033,-0.25932,-0.10631,0.072198,0.32721,0.50573,0.45472,0.32721,0.1742,0.25071,0.1742,-0.18282,-0.13181,-0.029808,-0.080812,-0.15732,-0.10631,-0.20832,1.3473,0.68424,-0.18282,-0.25932,0.60773,0.55673,0.1232,-0.38683,-0.46334,0.046696,0.22521,0.32721,0.27621,0.046696,-0.029808,0.046696,0.1232,0.48022,0.37822,1.2453,0.81175,-0.004307,-0.46334,-0.43783,-0.56534,-0.20832,0.021195,0.55673,0.25071,-0.029808,0.072198,0.25071,0.072198,-0.46334,0.45472,0.83725,0.35272,-0.15732,0.99026,0.37822,-0.28482,-0.31033,-0.080812,0.046696,-0.13181,-0.10631,0.021195,0.30171,0.40372,0.68424,0.53123,-0.28482,-0.43783,-0.25932,0.021195,0.53123,0.65874,0.22521,-0.029808,-0.15732,-0.79486,0.55673,0.42922,0.072198,0.42922,0.65874,0.1232,-0.25932,-0.38683,-0.41233,-0.004307,0.27621,1.0668,1.3728,1.1688,0.0977,-0.46334,-0.66735,-0.48884,-0.41233,-0.33583,0.1232,0.45472,0.60773,0.40372,0.76074,0.58223,1.1178,0.55673,-0.38683,-0.79486,-0.28482,-0.31033,0.046696,0.27621,-0.029808,0.30171,0.32721,0.55673,0.22521,-0.33583,0.27621,-0.48884,0.63323,0.1487,0.53123,0.93925,0.021195,0.021195,0.1232,-0.18282,-0.51434,-0.23382,-0.28482,-0.48884,0.25071,0.83725,0.96476,0.91375,0.93925,0.1487,-0.10631,-0.61635,-0.41233,-0.28482,-0.33583,-0.029808,0.53123,1.1943,1.1688,0.072198,-0.36133,-0.48884,-0.23382,0.021195,0.32721,0.63323,0.68424,0.27621,-0.20832,-0.20832,0.1232,0.046696,0.55673,0.42922,0.021195,0.1487,-0.004307,0.0977,-0.15732,-0.080812,0.021195,0.021195,0.27621,0.25071,-0.28482,0.86275,1.1943,1.1433,-0.53984,-0.87136,-0.87136,-0.46334,-0.080812,0.63323,0.73524,-0.43783,0.60773,0.53123,0.1487,0.22521,0.1487,-0.05531,0.072198,-0.20832,1.3473,0.37822,-0.18282,-0.41233,-0.15732,0.046696,0.35272,0.0977,-0.28482,-0.15732,0.37822,0.32721,0.42922,0.1232,0.30171,0.27621,0.32721,0.1232,0.1232,0.0977,0.1487,0.55673,0.30171,0.19971,-0.10631,-0.20832,-0.20832,-0.05531,0.1742,0.50573,0.30171,-0.029808,0.1232,0.32721,0.86275,0.0977,-0.05531,-0.10631,-0.33583,-0.31033,-0.029808,0.30171,0.63323,0.27621,0.021195,0.021195,-0.13181,0.73524,0.19971,0.40372,0.1487,-0.59084,0.22521,0.53123,0.32721,0.021195,-0.13181,-0.13181,-0.13181,-0.13181,-0.080812,0.19971,0.60773,0.45472,0.37822,0.32721,-0.029808,-0.20832,0.021195,0.45472,0.76074,0.68424,-0.080812,-0.33583,-0.48884,-0.13181,0.046696,0.27621,0.37822,0.25071,0.1487,-0.05531,0.046696,0.22521,0.22521,0.48022,0.35272,-0.05531,-0.15732,-0.10631,0.35272,0.76074,0.60773,0.021195,-0.004307,-0.51434,-0.48884,0.30171,0.19971,0.0977,0.27621,0.42922,0.35272,0.19971,-0.59084,0.58223,0.32721,0.22521,0.1487,0.1487,0.35272,0.32721,-0.13181,0.19971,-0.20832,-0.10631,-0.029808,0.73524,0.60773,-0.029808,-0.48884,-0.13181,0.37822,0.78624,0.37822,0.0977,0.046696,0.1232,-0.38683,-0.48884,-0.05531,0.30171,0.93925,0.68424,0.42922,0.1487,0.021195,-0.18282,-0.05531,-0.20832,-0.080812,-0.004307,0.072198,0.65874,0.70974,0.50573,0.27621,-0.31033,-0.004307,-0.13181,-0.029808,0.021195,0.32721,0.021195,0.046696,0.021195,0.27621,0.45472,0.83725,-0.15732,0.45472,-0.25932,-0.31033,0.1232,0.0977,0.0977,0.1487,0.1742,0.0977,0.072198,0.1232,0.25071,0.32721,-0.59084,0.30171,0.30171,0.93925,-0.004307,0.1487,0.40372,0.32721,-0.10631,-0.15732,-0.10631,-0.33583,-0.20832,0.072198,0.1742,0.73524,0.53123,0.58223,-0.23382,-0.080812,0.55673,0.65874,0.1232,-0.25932,-0.33583,-0.25932,-0.029808,0.58223,0.1742,0.1232,0.0977,0.0977,0.42922,0.35272,-0.18282,0.35272,0.58223,0.0977,-0.10631,-0.15732,-0.25932,0.0977,0.58223,0.30171,-0.28482,-0.38683,-0.66735,0.91375,1.2198,0.99026,0.27621,-0.48884,-0.38683,0.1742,-0.004307,0.1232,-0.15732,-0.18282,0.19971,0.32721,-0.080812,-0.23382,0.0977,0.27621,0.68424,0.19971,0.22521,0.55673,-0.36133,-0.31033,0.35272,0.22521,0.046696,-0.10631,0.021195,-0.05531,0.0977,0.35272,0.48022,0.83725,-0.05531,-0.23382,-0.28482,-0.38683,0.86275,0.53123,-0.41233,-0.33583,-0.080812,0.55673,0.96476,1.0923,-0.15732,-0.71835,-0.28482,-0.20832,0.30171,0.48022,0.27621,0.22521,-0.10631,-0.004307,0.072198,0.19971,0.22521,0.072198,0.27621,0.37822,0.40372,0.19971,0.40372,0.25071,0.63323,0.1232,-0.33583,-0.66735,-0.71835,-0.56534,0.072198,1.0668,1.2708,0.27621,-0.029808,-0.10631,-0.029808,-0.38683,0.25071,0.48022,0.73524,0.55673,0.48022,0.19971,-0.36133,-0.25932,-0.56534,0.55673,0.37822,-0.080812,-0.05531,0.021195,-0.004307,0.1232,0.30171,0.32721,0.25071,-0.029808,0.42922,1.5768,0.37822,-0.23382,-0.10631,-0.28482,-0.48884,-0.25932,-0.029808,0.27621,0.50573,0.53123,0.1487,0.046696,0.19971,0.22521,0.35272,0.0977,0.1487,0.27621,0.35272,0.072198,-0.05531,-0.05531,0.73524,0.88825,0.50573,0.072198,-0.53984,-0.61635,-0.56534,-1.1009,0.45472,0.96476,0.73524,0.58223,0.32721,0.37822,0.021195,-0.15732,-0.18282,0.22521,0.27621,0.53123,0.35272,-0.10631,0.35272,-0.25932,0.1232,-0.33583,-0.33583,0.48022,0.73524,0.30171,0.046696,0.22521,0.65874,0.1232,-0.38683,-0.56534,-0.48884,-0.029808,0.50573,0.50573,0.37822,0.35272,0.22521,0.19971,0.1487,0.22521,0.1742,0.25071,-0.029808,-0.029808,-0.18282,-0.029808,0.30171,0.0977,-0.05531,-0.18282,0.0977,0.35272,-0.15732,0.021195,0.1232,0.45472,0.37822,-0.05531,0.0977,0.1487,0.021195,0.0977,0.25071,0.70974,0.072198,-0.029808,-0.31033,-0.31033,-0.13181,0.32721,0.1742,0.22521,0.1742,0.19971,0.22521,0.046696,0.30171,-0.10631,0.1487,-0.029808,0.1487,0.37822,0.58223,0.53123,0.19971,0.30171,-0.28482,-0.53984,-0.41233,-0.080812,0.072198,0.27621,0.1232,-0.31033,1.2453,0.53123,0.32721,0.42922,0.35272,0.73524,0.0977,-0.13181,-0.61635,-0.64185,-0.48884,-0.28482,-0.10631,0.1487,0.22521,0.68424,1.1433,1.4748,0.91375,-0.080812,-0.36133,-0.46334,-0.66735,-0.46334,-0.23382,0.22521,0.73524,0.40372,0.25071,0.1232,0.25071,0.1742,0.27621,0.046696,0.046696,0.48022,0.37822,0.1232,-0.15732,-0.004307
0.046696,0.046696,0.19971,0.25071,0.1232,0.1232,0.22521,0.1487,0.1232,0.19971,0.046696,0.021195,0.046696,0.1742,0.1487,0.1742,0.1487,0.19971,0.1232,0.1487,0.1487,0.1487,0.22521,0.27621,0.25071,0.32721,0.25071,0.19971,0.1742,0.1742,0.1232,0.072198,0.19971,0.30171,0.25071,0.27621,0.25071,0.19971,0.19971,0.072198,0.072198,0.072198,0.072198,0.32721,0.30171,0.25071,0.27621,0.22521,0.0977,0.046696,-0.004307,0.072198,0.1232,0.22521,0.27621,0.30171,0.25071,0.1232,0.0977,-0.029808,-0.004307,0.072198,0.1742,0.27621,0.25071,0.19971,0.1742,0.1232,0.1487,0.0977,-0.004307,-0.004307,0.021195,0.1232,0.19971,0.22521,0.19971,0.1232,0.1232,0.1232,0.072198,0.1232,0.19971,0.25071,0.1742,0.072198,0.072198,-0.004307,0.072198,0.046696,0.021195,0.021195,0.1232,0.19971,0.1742,0.1487,0.1232,-0.004307,0.021195,-0.004307,0.0977,0.046696,0.1742,0.22521,0.19971,0.25071,0.19971,0.1487,0.22521,0.1487,0.072198,0.072198,0.046696,0.1487,0.1742,0.0977,0.0977,0.19971,0.1232,0.046696,-0.004307,-0.05531,-0.004307,0.22521,0.1232,0.1742,0.1232,0.072198,0.0977,0.072198,0.046696,-0.004307,0.021195,0.1232,0.19971,0.22521,0.25071,0.072198,0.1232,0.1232,0.0977,0.1232,0.19971,0.32721,0.25071,0.22521,0.25071,0.0977,0.1232,0.0977,0.19971,0.072198,0.22521,0.27621,0.32721,0.0977,-0.004307,0.0977,0.22521,0.1487,0.25071,-0.029808,0.021195,-0.004307,-0.05531,-0.13181,0.0977,0.19971,0.50573,0.32721,0.1742,-0.029808,-0.05531,0.19971,0.30171,0.63323,0.1487,0.27621,0.1742,0.0977,0.25071,-0.28482,-0.46334,-0.029808,-0.05531,0.40372,0.60773,0.22521,0.32721,-0.13181,-0.51434,0.81175,0.81175,0.37822,-0.31033,-0.76936,-1.1009,3.9229,1.3728,-1.9679,-0.64185,0.046696,-0.38683,-0.13181,-0.79486,-4.1866,3.5659,9.6353,2.7244,-2.682,-6.3032,-2.1464,2.5714,0.73524,0.93925,-5.3597,2.8774,0.40372,5.7081,1.5768,-4.3906,1.9848,-1.0244,0.58223,3.1579,-3.9826,-1.2284,-4.2631,7.3402,-2.529,1.5768,3.9994,-1.7129,-0.89686,3.8974,-1.9169,-2.988,-4.5691,1.8828,2.8774,2.3928,-4.0591,3.7699,-1.9934,1.5003,3.1579,-3.141,3.3619,0.42922,-2.6055,0.32721,-0.61635,-0.13181,-0.28482,0.1232,5.1725,1.7553,-9.8224,4.6115,4.3055,1.1433,-2.7585,-4.7731,4.5605,-3.3195,-1.6619,1.0668,-0.66735,0.70974,2.3673,2.7499,4.7135,-3.039,-1.1774,1.5513,-1.3814,0.021195,0.58223,-0.69285,-3.141,1.4748,0.99026,-0.61635,-0.28482,-1.7129,3.7189,4.739,-2.478,2.4694,-5.9207,0.072198,2.6734,1.6023,0.76074,0.40372,0.021195,-0.82036,-0.74385,-0.69285,-0.18282,0.072198,0.88825,0.88825,0.32721,0.1742,-0.41233,-0.080812,0.25071,0.35272,0.35272,0.68424,0.1232,0.1232,0.072198,0.65874,0.1232,-0.20832,-0.38683,-0.61635,-0.64185,-1.0754,2.0868,0.53123,0.1232,0.37822,0.70974,0.32721,0.48022,0.32721,-1.3049,1.8828,-1.5854,-1.1519,0.19971,1.8573,0.73524,-0.15732,0.25071,-0.38683,-0.59084,0.65874,0.1742,0.48022,0.1232,-0.05531,0.25071,-0.61635,-0.71835,0.27621,1.5768,0.88825,0.1742,0.53123,0.30171,-2.325,2.2398,0.27621,-1.6109,-1.2284,-0.76936,1.2963,0.046696,0.50573,0.96476,0.42922,0.1487,0.76074,0.25071,-0.92237,-0.59084,0.35272,0.40372,0.072198,-0.53984,0.78624,1.4238,0.37822,-2.631,2.2398,-0.41233,-0.15732,-0.51434,-0.48884,0.1487,-0.18282,0.65874,0.65874,0.48022,0.76074,0.45472,0.83725,-0.43783,0.83725,-4.0591,2.0868,0.1487,-0.79486,-0.05531,0.27621,1.0158,0.81175,-0.79486,-0.87136,-0.080812,0.1742,0.0977,0.25071,0.53123,0.93925,0.58223,1.3983,1.6023,0.37822,-0.61635,-1.1009,-1.4324,-2.2995,0.22521,0.25071,0.40372,0.70974,0.65874,-0.46334,2.3928,1.7553,-0.59084,-0.41233,-0.43783,-0.31033,-2.5035,2.2653,0.021195,0.021195,-0.080812,-0.080812,-3.447,3.8719,0.88825,0.1487,-1.0754,-1.3814,-0.46334,0.32721,0.37822,1.6788,0.072198,0.1742,1.8063,0.30171,-0.74385,-0.28482,-0.20832,-0.82036,-0.82036,-0.87136,0.072198,0.68424,2.4183,-1.2029,-1.3049,2.7244,1.7808,-0.71835,-0.20832,-0.64185,-0.89686,0.072198,0.58223,0.93925,0.60773,0.1487,-0.18282,-0.51434,-0.48884,-0.15732,0.0977,1.3473,0.1232,-0.76936,1.5513,0.42922,0.48022,-0.029808,-0.61635,1.6023,0.99026,-0.71835,-1.4324,0.55673,0.1487,-0.87136,0.27621,1.2963,0.96476,-0.13181,-0.029808,-0.69285,-0.64185,0.35272,0.22521,1.1688,1.9338,-0.46334,-1.7129,0.25071,0.76074,0.40372,0.73524,0.73524,-0.13181,-0.05531,-0.36133,-0.25932,-0.61635,0.19971,0.91375,1.5003,0.86275,-0.31033,-0.59084,0.35272,0.53123,0.55673,-2.3505,1.4748,1.3983,-0.28482,0.35272,0.53123,0.046696,-1.6364,0.25071,-0.84586,-0.18282,1.2708,1.8318,1.2708,-0.31033,-0.61635,-0.64185,-0.33583,-0.18282,0.32721,0.83725,0.35272,0.53123,-1.9169,3.2344,0.88825,0.0977,0.072198,-0.61635,-0.71835,-0.48884,0.046696,0.63323,1.3728,-0.18282,-0.61635,-0.46334,-0.25932,-0.20832,0.072198,0.22521,0.83725,0.99026,0.48022,0.1232,-0.66735,-1.6874,0.48022,1.1943,0.25071,0.19971,0.40372,0.65874,-1.5599,1.9338,-1.0499,2.1633,0.22521,-0.53984,-0.46334,-0.28482,-0.89686,-0.82036,-0.18282,-0.48884,0.42922,1.0158,1.2963,1.7043,1.2963,-0.76936,-0.28482,-0.28482,0.35272,-0.029808,-0.28482,-0.15732,-0.41233,0.53123,0.40372,0.96476,0.73524,0.91375,0.22521,-0.76936,-1.4324,-0.69285,-0.51434,0.021195,0.83725,1.6023,1.0923,0.32721,-0.41233,-0.10631,-1.8914,2.0103,0.55673,-0.13181,0.70974,0.83725,-0.10631,-0.71835,-1.4834,-0.89686,0.45472,0.63323,0.0977,0.40372,-0.20832,-0.029808,-0.05531,-0.33583,0.35272,0.1232,0.1232,0.0977,-0.23382,1.1688,0.88825,0.91375,0.48022,0.50573,0.32721,-0.004307,-1.5854,-1.1774,-0.84586,-0.31033,0.81175,0.50573,0.53123,-2.1974,1.5513,0.50573,0.1232,0.19971,-0.10631,-0.15732,-0.28482,0.021195,0.55673,0.76074,1.3473,0.76074,0.25071,0.45472,-0.31033,-0.61635,-0.97337,-0.25932,0.30171,0.55673,-0.13181,0.072198,-0.029808,0.76074,0.25071,-0.71835,-0.66735,0.0977,0.83725,1.1943,-0.59084,0.55673,1.2963,-0.28482,-0.69285,0.27621,0.19971,-0.56534,2.1888,0.0977,-0.18282,-0.029808,-0.029808,-0.41233,-0.41233,0.40372,-0.004307,-0.18282,-0.10631,1.3218,0.68424,0.22521,0.50573,-0.25932,-0.79486,-0.18282,0.63323,0.50573,0.53123,0.35272,-0.36133,-0.029808,-0.10631,0.1487,-0.38683,1.0668,0.78624,-0.23382,-0.79486,-0.38683,0.0977,0.60773,0.22521,0.19971,-0.59084,0.1487,0.27621,0.88825,0.32721,-0.23382,0.27621,-0.15732,0.1232,0.42922,0.1232,0.19971,-0.05531,-0.41233,-0.15732,-0.18282,0.93925,1.2453,-0.029808,0.27621,0.19971,-0.43783,-0.05531,0.35272,0.30171,0.40372,0.37822,0.1232,-0.66735,0.1742,-0.080812,-0.66735,0.021195,0.53123,1.0413,-0.10631,1.8828,-0.13181,-0.76936,-0.51434,-0.25932,-0.20832,-1.2029,1.7043,1.0413,0.19971,0.53123,0.27621,0.021195,0.30171,0.42922,0.1232,0.046696,0.19971,0.046696,-0.43783,-0.41233,1.2963,0.40372,0.40372,-0.31033,-0.05531,-0.53984,-0.46334,0.1232,0.1232,0.50573,0.86275,0.73524,0.93925,0.68424,-0.10631,-0.61635,-0.56534,-0.48884,0.25071,0.99026,0.22521,1.0923,0.1232,-0.64185,-0.004307,-0.25932,-0.43783,-0.13181,0.22521,0.78624,0.99026,1.4493,1.0668,-0.41233,-0.84586,-0.89686,-0.69285,-0.56534,-0.10631,0.32721,0.91375,0.37822,0.32721,0.55673,0.40372,0.1232,-0.004307,-0.080812,0.58223,0.40372,0.32721,-0.51434,-1.0754,-0.51434,-0.15732,0.68424,0.42922,0.76074,1.0668,0.78624,-0.029808,-0.89686,-0.33583,-0.18282,1.2198,1.1178,0.0977,0.046696,0.19971,-0.33583,0.0977,0.42922,0.30171,0.37822,-0.25932,-0.18282,-0.89686,1.2708,0.42922,-0.28482,-0.080812,0.58223,1.5003,-0.31033,-0.53984,-0.080812,0.19971,-0.69285,0.19971,-0.13181,-0.25932,1.8573,1.5003,0.40372,-0.56534,-0.71835,-0.56534,-0.20832,0.1742,0.0977,0.42922,0.35272,0.35272,-0.004307,-0.46334,0.83725,0.76074,0.27621,-0.13181,-0.87136,-0.23382,0.021195,-0.41233,1.0158,1.1178,0.63323,0.021195,-0.38683,-0.66735,-0.51434,0.072198,0.1742,0.42922,-0.41233,0.48022,0.88825,0.1742,0.65874,1.1178,0.37822,-0.029808,-0.36133,-0.05531,-0.18282,-0.28482,-0.080812,-0.18282,0.42922,-0.004307,-0.080812,-0.28482,0.42922,0.86275,0.96476,0.45472,0.021195,0.19971,-0.43783,-0.15732,-0.18282,-0.080812,0.0977,0.046696,0.22521,0.78624,0.1487,-1.0499,0.60773,0.86275,0.48022,0.68424,0.65874,0.27621,-0.38683,-0.64185,-0.51434,-0.46334,-0.080812,0.1742,0.046696,0.60773,0.63323,0.42922,0.35272,0.1232,0.32721,0.58223,0.70974,0.021195,-0.36133,-0.48884,-0.05531,-0.18282,-0.28482,-0.43783,0.42922,0.70974,0.73524,0.42922,0.27621,0.32721,1.0923,-0.56534,-2.0189,0.19971,-0.080812,0.22521,0.30171,1.6788,0.86275,0.32721,-0.28482,-0.84586,-0.080812,-0.41233,-0.53984,-2.376,3.1834,1.8063,0.88825,0.35272,-0.43783,-0.79486,-0.89686,-0.38683,0.046696,0.1742,0.53123,0.32721,-0.25932,1.0413,0.68424,-0.38683,-0.43783,-1.7384,1.7553,0.96476,-0.46334,0.25071,0.93925,0.96476,0.78624,0.55673,-1.4069,-1.3049,-0.25932,0.19971,0.88825,0.1487,-0.46334,-0.28482,0.1232,0.99026,0.58223,-0.10631,1.5003,1.4238,0.83725,-0.38683,-1.0499,-0.89686,-0.13181,-0.51434,0.37822,-0.25932,-0.36133,0.73524,0.96476,0.65874,0.55673,0.27621,-1.1774,0.0977,0.88825,-0.029808,-0.38683,0.30171,0.35272,0.68424,0.021195,0.32721,-3.192,2.0868,0.53123,0.27621,-0.51434,-0.69285,-0.31033,0.046696,0.58223,0.45472,0.58223,0.32721,-0.43783,0.0977,0.40372,0.78624,0.40372,0.37822,0.42922,-0.28482,-0.74385,0.021195,-0.05531,0.0977,0.53123,1.1688,0.27621,-1.2794,-0.029808,0.021195,0.53123,0.60773,0.046696,-0.66735,-0.51434,-0.004307,-1.0754,1.3983,1.0158,0.55673,0.22521,0.1232,0.58223,0.48022,0.73524,0.32721,-0.18282,-0.25932,-0.89686,0.83725,0.99026,-1.0499,-0.66735,-0.080812,1.4238,0.48022,0.48022,-0.20832,-0.61635,-0.10631,0.1232,0.45472,-0.029808,1.6278,0.86275,-0.23382,0.27621,-0.31033,-0.029808,-0.05531,-1.0244,-0.10631,0.22521,0.60773,1.1943,1.2198,0.55673,-0.23382,-0.64185,-0.94787,-1.2284,-1.5599,1.6023,1.9083,1.7553,0.83725,-0.33583,-0.46334,-0.69285,-0.89686,-0.69285,0.0977,0.68424,0.63323,1.1433,0.45472,0.30171,0.37822,0.27621,-0.05531,-0.61635,-0.28482,-0.28482,-0.31033,0.1232,0.50573,0.73524,0.48022,0.072198,0.1232,-0.36133,0.37822,0.1487,0.30171,-0.080812,0.42922,0.76074,0.55673,-0.23382,-0.53984,-0.61635,-0.56534,0.73524,0.0977,0.65874,0.35272,-0.080812,-0.48884,3.4894,0.53123,-0.66735,-0.97337,-0.18282,-0.029808,-0.13181,0.99026,0.32721,-0.36133,-0.10631,-0.28482,0.1487,0.37822,0.32721,0.91375,0.91375,1.1178,-0.18282,-0.89686,-0.69285,-0.33583,-0.69285,-0.66735,0.42922,0.35272,0.73524,0.68424,0.70974,-0.28482,-0.33583,0.40372,0.48022,-0.15732,0.58223,0.32721,-0.51434,0.42922,-0.31033,-0.25932,-0.080812,0.32721,0.55673,0.27621,-0.080812,0.40372,0.40372,0.22521,-0.05531,-0.51434,-0.18282,0.072198,1.0923,0.63323,0.40372,-1.1774,1.3728,-0.48884,0.1232,-0.64185,0.0977,0.37822,0.30171,0.021195,-0.38683,-0.029808,0.25071,1.5258,0.76074,1.6788,0.046696,-0.79486,-0.84586,-0.41233,-0.43783,0.25071,-0.79486,0.50573,-0.029808,-0.13181,0.73524,-0.13181,-0.25932,1.1433,0.45472,0.83725,0.021195,-0.15732,-0.029808,-0.029808,0.1487,0.27621,0.40372,-0.25932,-0.10631,-0.080812,-0.20832,0.046696,1.1433,1.6023,0.81175,0.22521,-0.76936,-1.2029,-1.1774,-2.4015,0.40372,0.99026,0.73524,1.3473,0.65874,-0.029808,0.60773,0.63323,0.42922,0.42922,0.1232,-0.28482,-0.33583,-0.74385,-0.69285,-0.20832,-0.029808,-0.25932,1.1433,-0.10631,1.2453,1.8063,0.0977,-0.33583,-0.05531,0.65874,0.76074,-0.029808,-0.029808,-0.36133,-0.38683,-0.61635,-0.029808,-0.15732,0.22521,0.78624,0.73524,0.35272,-1.0499,1.8573,0.65874,-0.080812,-0.31033,0.072198,0.50573,-0.20832,0.1487,-0.41233,-0.004307,-0.20832,0.046696,0.27621,0.63323,0.25071,0.1232,0.19971,0.32721,0.60773,-0.15732,-0.10631,-0.18282,0.19971,0.58223,-0.029808,-0.080812,-0.43783,-0.31033,0.22521,0.76074,0.83725,1.6533,0.42922,-0.36133,0.072198,-0.33583,-0.69285,-1.1009,-1.0499,0.68424,1.0158,1.1178,0.70974,0.1742,-0.15732,-0.46334,-0.15732,1.1178,1.7298,0.70974,-0.46334,-1.1519,-1.3304,0.40372,0.25071,-0.05531,0.19971,0.70974,0.32721,0.072198,0.0977,0.1487,0.42922,0.93925,1.0668,-0.05531,-0.69285,-0.66735,-0.38683,0.27621,0.50573,0.40372,0.35272,0.021195,0.37822,-0.23382,0.22521,0.1487,-0.79486,-0.23382,-0.13181,0.63323,2.0358,0.93925,-0.13181,-0.004307,-0.029808,0.53123,-0.33583,-1.0244,-0.74385,-0.56534,0.32721,1.4493,0.91375,0.78624,0.40372,0.91375,-0.31033,-0.66735,-0.97337,-0.10631,0.37822,0.27621,0.30171,0.40372,0.76074,0.63323,0.32721,-0.05531,0.072198,0.072198,-0.05531,-0.59084,-0.53984,0.40372,0.32721,1.3728,0.83725,0.072198,-0.10631,0.021195,-0.84586,-1.2029,-0.38683,0.93925,1.3983,1.1178,0.1232,0.83725,-0.33583,-0.28482,-0.10631,0.55673,1.0668,0.37822,-0.23382,-0.74385,-0.66735,-0.36133,0.37822,-0.004307,0.45472,0.63323,1.6533,2.0358,0.65874,-0.25932,-1.0499,-1.2029,-0.69285,-0.23382,0.40372,0.53123,-0.080812,-0.28482,-0.28482,0.32721,0.58223,1.1688,0.81175,1.0668,-0.41233,-0.61635,-1.1519,-0.48884,0.19971,0.81175,0.93925,0.55673,0.32721,-0.48884,-0.38683,-0.43783,-0.51434,0.65874,2.1123,1.0413,0.58223,-0.029808,-1.1264,0.046696,0.32721,0.27621,0.1742,-0.59084,-1.3814,0.40372,1.2453,1.3473,1.0668,0.68424,0.021195,-0.84586,-1.1264,-0.59084,-0.13181,0.83725,0.81175,0.48022,0.22521,0.25071,0.55673,0.45472,0.76074,0.22521,-0.10631,0.1487,-0.59084,0.0977,-0.25932,-0.48884,-0.10631,-0.33583,-0.23382,0.1487,-0.080812,2.6734,1.4238,0.63323,-0.20832,-0.46334,-0.23382,-0.25932,-1.0754,0.1232,-0.18282,-2.529,2.0868,2.1888,1.6533,0.30171,-0.51434,-0.23382,-0.13181,-0.080812,-0.13181,-0.18282,-0.15732,0.50573,0.1487,0.58223,0.32721,0.22521,0.88825,0.53123,0.53123,-0.25932,-0.87136,-0.99887,0.19971,-0.48884,-0.05531,0.1232,0.63323,0.78624,2.0358,0.53123,-0.71835,0.58223,-0.79486,-1.1264,-0.51434,-1.2029,0.91375,0.88825,0.58223,0.65874,-0.080812,0.37822,0.63323,0.072198,-0.51434,-0.25932,-0.029808,0.32721,0.25071,0.1487,0.70974,-0.31033,-0.64185,0.1232,0.78624,0.35272,0.0977,-0.10631,0.73524,0.48022,-0.15732,0.072198,-0.48884,-0.15732,0.1742,0.73524,0.60773,-0.10631,0.32721,0.32721,-0.18282,-0.36133,-0.23382,0.30171,0.55673,0.32721,0.42922,0.1742,-1.2029,1.9083,0.70974,0.021195,-0.64185,-0.53984,-0.28482,-0.31033,-0.25932,-0.56534,1.5003,0.88825,1.5768,0.30171,-1.0244,-0.71835,-0.38683,-0.029808,1.2198,0.88825,0.1232,-0.38683,-0.41233,-0.15732,0.60773,0.60773,-0.18282,-0.28482,0.021195,0.19971,0.30171,-0.28482,0.50573,0.58223,1.2963,0.22521,-0.66735,-0.94787,-0.13181,0.83725,0.42922,-0.10631,-0.43783,-1.3559,0.37822,1.2198,1.9083,0.76074,0.1487,-0.33583,-0.48884,-0.69285,-0.28482,-0.25932,0.55673,1.0923,0.73524,0.35272,0.021195,0.021195,-0.20832,-0.05531,-0.36133,0.22521,0.55673,0.58223,0.91375,0.88825,0.32721,0.30171,-0.31033,-0.71835,-0.66735,-0.18282,-0.61635,0.55673,0.32721,1.2963,1.9338,0.83725,-0.004307,0.021195,0.021195,0.0977,-0.51434,-0.99887,-1.0244,-2.6565,2.2908,3.2854,0.81175,0.27621,-0.31033,-0.41233,-0.004307,-2.1719,0.27621,0.76074,0.58223,0.1232,0.48022,1.2453,1.4493,-0.18282,-0.18282,-1.4069,-1.3049,0.0977,-0.029808,3.1579,0.73524,-4.4926,2.1123,1.1433,-1.1774,0.58223,1.1178,-0.99887,-0.004307,1.0413,0.60773,0.81175,0.25071,-0.080812,-0.79486,-0.61635,-0.51434,-0.004307,0.42922,-0.20832,0.1487,0.68424,1.1178,1.7808,0.32721,-0.25932,-0.36133,0.42922,1.1688,0.55673,-0.53984,-0.43783,-0.66735,-0.89686,-1.6874,-1.1009,-0.13181,2.3928,3.1069,1.3983,0.83725,-0.33583,-0.48884,-0.28482,0.072198,-0.99887,-0.92237,1.1433,-1.3814,-1.0499,-0.87136,3.4639,2.0103,0.55673,-0.38683,0.30171,-0.25932,-0.28482,-0.28482,-0.18282,-0.18282,-0.59084,-0.23382,-0.18282,-1.2284,0.91375,1.2708,1.1433,1.1178,0.83725,0.58223,-0.36133,-0.69285,-0.89686,-0.97337,-0.080812,0.072198,0.68424,0.65874,-0.38683,-0.41233,0.88825,1.0158,0.91375,0.25071,-0.53984,1.7043,-0.20832,-1.1519,-2.1974,-0.20832,-0.029808,1.7043,1.6278,0.27621,-0.46334,-0.76936,-0.38683,-1.1519,1.6023,1.6278,0.35272,0.072198,-0.18282,-0.15732,0.046696,0.50573,0.48022,-0.15732,-0.74385,-0.76936,-0.18282,0.40372,-0.31033,1.9848,0.55673,-0.080812,0.22521,0.1742,-0.15732,-0.28482,-0.28482,-0.004307,-0.51434,-0.46334,-0.33583,0.0977,0.86275,0.88825,0.81175,0.48022,0.0977,0.42922,-0.05531,-0.15732,0.40372,0.40372,-0.82036,0.65874,0.40372,-1.2029,-0.66735,0.32721,0.25071,-0.080812,0.1232,1.1178,0.42922,-0.28482,-0.53984,-0.05531,0.42922,0.40372,0.45472,0.30171,1.3983,0.50573,-0.31033,-0.53984,-0.10631,-0.029808,0.0977,0.1487,0.35272,-0.23382,-0.15732,0.30171,0.63323,0.072198,-0.004307,-0.25932,-0.36133,-0.28482,0.072198,0.99026,1.3218,0.60773,0.53123,-0.13181,-0.36133,-0.59084,-0.33583,-0.080812,-0.25932,0.32721,0.88825,1.4748,0.42922,0.021195,-0.080812,-0.48884,-0.28482,-0.20832,0.32721,0.1742,0.37822,0.68424,-0.05531,1.7553,0.48022,-0.84586,-0.66735,0.072198,0.37822,-0.05531,-0.20832,-0.46334,-0.20832,0.22521,0.65874,0.60773,1.1178,0.58223,0.1232,-0.05531,-0.10631,-0.69285,-1.2794,0.30171,0.50573,0.50573,0.53123,0.1232,-0.28482,-0.18282,0.48022,0.32721,0.021195,0.1742,0.83725,0.63323,-0.029808,0.046696,-0.28482,-0.51434,-0.029808,0.42922,0.58223,0.83725,0.70974,-0.59084,0.1232,-0.31033,-0.43783,-0.43783,0.48022,0.40372,0.046696,-0.13181,0.19971,0.53123,0.53123,0.53123,1.9593,0.60773,-0.71835,-0.89686,-0.89686,0.021195,0.55673,-0.23382,-0.31033,-0.28482,0.83725,0.78624,0.63323,0.30171,0.19971,-0.74385,-0.43783,1.0413,0.35272,0.32721,0.32721,-0.18282,0.22521,0.35272,0.1742,-0.61635,0.19971,0.50573,0.021195,-0.15732,-0.74385,0.91375,0.48022,0.93925,0.1232,-0.20832,-0.18282,-0.36133,0.32721,0.072198,-0.56534,0.046696,0.91375,0.81175,0.68424,0.046696,-0.20832,0.27621,0.53123,0.072198,0.021195,-0.38683,-0.20832,-0.15732,0.48022,0.76074,0.0977,0.0977,-0.13181,0.072198,0.19971,0.91375,0.88825,0.19971,-0.41233,-0.64185,-0.79486,-0.43783,0.1742,0.93925,0.88825,1.1688,0.072198,-0.080812,-0.25932,-0.28482,-0.51434,-0.61635,0.50573,0.60773,0.55673,0.45472,0.76074,0.25071,-0.13181,-0.10631,0.0977,-0.15732,0.046696,0.1232,0.99026,-0.23382,0.32721,0.32721,-0.029808,-0.28482,-0.31033,-0.20832,0.35272,0.45472,0.88825,0.25071,-0.61635,-0.080812,1.1943,0.046696,-0.18282,-0.59084,-0.004307,0.42922,0.76074,0.1742,-0.46334,-0.38683,-0.28482,-0.004307,0.19971,1.0413,0.91375,0.55673,0.55673,0.63323,-0.20832,-0.15732,-0.43783,0.1487,-0.23382,-0.53984,-0.13181,0.1232,0.37822,0.27621,1.1433,0.40372,-1.3049,0.78624,0.40372,0.37822,0.40372,-0.18282,-0.28482,-0.66735,-0.41233,0.072198,0.42922,0.53123,0.78624,0.78624,0.48022,0.0977,-0.31033,0.1742,0.63323,0.32721,0.1232,-0.64185,-0.53984,-0.004307,0.19971,0.046696,0.046696,0.30171,-0.029808,0.30171,0.68424,0.76074,0.32721,0.50573,-0.15732,0.76074,0.27621,0.072198,-0.23382,-0.71835,0.78624,0.0977,-0.69285,-0.53984,-0.25932,0.25071,0.88825,1.2708,0.30171,0.046696,0.40372,0.021195,0.48022,0.45472,0.30171,0.0977,-0.20832,-0.10631,-0.43783,0.48022,0.30171,0.1742,0.1232,0.73524,0.19971,0.072198,-0.10631,0.88825,-0.25932,-0.56534,-0.66735,-0.36133,-0.13181,0.63323,0.42922,1.0413,1.1178,0.40372,0.0977,-0.82036,0.73524,-0.080812,-0.79486,-0.56534,-0.004307,0.45472,-0.05531,-0.029808,0.60773,0.91375,0.50573,0.1742,0.19971,0.76074,0.81175,-0.004307,-0.82036,-0.84586,-0.59084,-0.23382,0.25071,0.53123,0.48022,0.53123,0.48022,0.0977,-0.13181,-0.31033,0.81175,0.86275,0.25071,0.072198,-0.13181,-0.31033,-0.28482,-0.33583,-0.33583,0.19971,0.76074,0.0977,0.1742,0.1487,0.021195,0.22521,-1.2029,1.3473,0.046696,1.6278,0.1487,-0.43783,-0.38683,-0.28482,0.021195,-0.38683,-0.48884,0.65874,1.2198,0.046696,-0.20832,-0.10631,0.25071,0.40372,0.83725,0.60773,0.072198,-0.20832,-0.33583,0.021195,0.37822,0.40372,0.86275,-0.029808,-0.080812,-0.13181,-0.66735,-0.33583,-0.33583,-0.080812,0.48022,0.73524,1.1433,1.3983,-0.13181,-0.48884,-0.46334,-0.080812,0.45472,0.25071,0.65874,0.021195,-0.79486,0.0977,0.021195,0.50573,0.68424,1.6278,0.55673,0.021195,-0.84586,-0.92237,-0.94787,-0.92237,0.021195,1.2708,0.76074,0.81175,0.0977,-0.18282,-0.10631,0.1742,0.32721,0.22521,0.88825,1.3983,0.88825,-0.56534,-0.99887,-0.84586,-0.51434,-0.080812,0.072198,0.22521,1.1943,1.6023,0.96476,0.021195,-0.69285,-0.89686,0.0977,0.55673,-0.53984,0.45472,-0.28482,-1.4324,1.6788,0.32721,-0.38683,0.86275,1.2453,1.5513,0.68424,-1.4579,-1.2539,-1.1264,-0.69285,-0.080812,0.1742,1.0413,0.58223,1.5258,1.1178,-0.029808,-0.25932,-0.080812,0.19971,0.1742,-0.05531,-0.41233,-0.25932,-0.38683,0.0977,0.53123,0.91375,0.55673,0.73524,0.072198,-0.59084,-0.92237,-0.36133,0.30171,0.99026,0.63323,0.60773,0.1232,0.55673,-0.080812,-0.61635,-0.84586,-0.66735,0.1742,0.70974,2.1123,0.78624,-0.18282,-0.38683,-0.23382,0.35272,0.30171,-0.64185,-0.48884,0.25071,0.0977,0.021195,0.1487,0.83725,0.83725,0.83725,0.30171,-0.28482,-1.0244,0.88825,0.1487,0.25071,-0.13181,-0.25932,0.1487,0.73524,-0.13181,0.35272,0.1232,-0.25932,-0.23382,0.22521,0.30171,0.37822,0.1232,0.40372,0.22521,0.96476,0.40372,-0.33583,-0.080812,-0.13181,-0.004307,-0.15732,0.37822,0.27621,-0.46334,-0.41233,0.22521,1.3218,0.50573,0.76074,-0.05531,-0.48884,-0.69285,-0.56534,-0.46334,1.3218,1.2708,0.68424,0.1232,-0.080812,0.046696,-0.28482,-0.51434,-0.48884,-0.10631,0.60773,0.37822,-0.080812,0.25071,0.88825,0.1742,0.1232,-0.029808,-0.004307,0.22521,-0.20832,-0.13181,0.55673,0.50573,0.48022,0.27621,-0.41233,-0.74385,-0.18282,-0.004307,0.45472,0.32721,-0.20832,1.3728,1.0923,0.45472,-0.05531,-0.28482,-0.38683,-0.41233,-0.18282,0.42922,0.58223,0.73524,-0.080812,-0.20832,0.046696,-0.080812,0.1742,-0.25932,-0.18282,0.32721,0.1232,-0.080812,0.45472,1.1433,1.4493,0.32721,-0.53984,-0.56534,-0.46334,-0.28482,-1.3559,1.3983,0.93925,0.1742,0.96476,0.35272,0.021195,-0.28482,-0.25932,-0.10631,0.45472,0.32721,-0.15732,-0.10631,0.072198,0.40372,0.1742,-0.23382,-0.18282,0.99026,1.4748,0.50573,-0.87136,0.40372,0.046696,-1.1519,0.58223,-0.46334,-0.080812,0.27621,0.48022,0.63323,0.35272,0.1232,0.046696,-0.28482,-0.25932,0.1487,0.63323,1.0158,0.27621,-0.080812,-0.20832,0.1487,0.25071,-0.31033,0.70974,-0.31033,-0.05531,-0.13181,-0.23382,0.021195,0.1742,0.37822,0.48022,0.35272,0.53123,0.1487,0.60773,0.27621,-1.1009,0.1232,0.1487,0.50573,0.32721,0.42922,-0.69285,0.76074,-0.080812,-0.28482,0.42922,0.45472,0.42922,-0.28482,-0.38683,-0.43783,-0.41233,-0.15732,0.73524,1.9593,0.63323,-0.004307,0.1742,0.19971,0.68424,-0.18282,-0.28482,-0.74385,-0.48884,0.1232,-0.25932,1.3218,0.27621,0.19971,0.60773,0.32721,-0.15732,-0.33583,-0.28482,-0.18282,-0.05531,0.32721,0.48022,0.55673,0.40372,0.072198,0.45472,0.88825,0.53123,-0.13181,-0.25932,-0.61635,0.27621,0.63323,-0.029808,-0.48884,0.42922,0.45472,-0.029808,-0.05531,-0.25932,0.1742,0.32721,0.73524,0.27621,-0.20832,-0.20832,0.0977,-0.10631,0.99026,0.32721,0.60773,-0.15732,-0.28482,-0.080812,-0.080812,0.072198,-0.080812,0.021195,0.83725,0.48022,0.1742,-0.28482,-0.25932,0.0977,0.25071,-0.080812,1.1943,0.45472,-0.004307,0.1232,0.072198,0.19971,-0.74385,-0.38683,-0.31033,0.63323,0.1742,-0.05531,0.27621,0.072198,0.072198,0.32721,0.50573,0.91375,0.27621,0.42922,0.42922,-0.18282,-0.43783,-0.23382,-0.48884,-0.25932,0.30171,0.19971,0.73524,0.37822,0.0977,-0.029808,0.19971,-0.004307,0.021195,0.81175,0.73524,-0.004307,-0.31033,0.19971,0.1742,-0.28482,-0.28482,0.072198,0.32721,1.2453,0.48022,-0.13181,-0.28482,0.40372,-0.10631,-0.080812,0.96476,0.0977,0.1487,-0.004307,-0.28482,0.072198,-0.080812,0.0977,0.021195,0.40372,0.48022,0.40372,0.072198,0.19971,-0.33583,-0.18282,-0.20832,0.1232,0.021195,0.78624,0.58223,0.1232,0.30171,0.50573,0.55673,-0.004307,-0.20832,-1.6874,0.55673,0.30171,-0.18282,0.53123,0.60773,1.0668,0.42922,-0.89686,-0.69285,0.40372,0.58223,0.53123,-0.10631,0.60773,0.73524,0.19971,-0.080812,-0.080812,0.0977,0.25071,0.1487,-0.029808,-0.05531,-0.10631,0.1232,0.1742,0.30171,0.30171,0.32721,-0.029808,0.021195,0.22521,0.32721,0.48022,0.32721,0.22521,0.1742,0.072198,-0.25932,-0.31033,-0.25932,0.35272,0.50573,0.65874,0.046696,0.0977,0.53123,0.1232,-0.20832,-0.18282,-1.3559,1.7043,0.58223,0.021195,0.072198,-1.2794,1.0668,1.2708,-0.66735,-0.69285,-0.36133,0.48022,0.58223,0.35272,0.45472,0.22521,0.42922,1.0923,-0.080812,0.30171,-0.10631,-0.64185,-0.46334,-0.28482,0.42922,0.50573,0.68424,0.53123,0.046696,0.19971,-0.10631,-0.48884,-0.080812,0.1232,0.73524,0.0977,0.072198,0.1487,0.19971,-0.05531,0.0977,0.072198,0.53123,0.83725,0.55673,-0.029808,-0.31033,-0.18282,-0.080812,-0.080812,0.22521,0.1742,0.45472,0.30171,0.072198,-0.69285,0.30171,0.73524,0.22521,0.0977,-0.10631,-0.43783,1.2453,0.50573,0.81175,0.83725,-0.25932,-0.64185,-1.0499,0.021195,-0.31033,0.73524,0.30171,0.22521,-0.05531,-0.05531,0.25071,0.58223,0.78624,0.1742,-0.13181,0.046696,0.22521,0.32721,0.046696,0.68424,0.35272,-0.28482,-0.48884,-0.38683,-0.13181,0.27621,0.78624,0.58223,0.50573,0.42922,0.1232,-0.48884,-0.84586,-0.69285,-0.23382,0.96476,0.76074,0.32721,0.93925,0.25071,-0.029808,0.78624,-0.31033,-0.79486,-0.51434,0.072198,0.60773,0.53123,-0.41233,0.63323,0.50573,-0.029808,-0.05531,0.1742,0.1232,0.58223,0.40372,0.53123,0.021195,-0.41233,-0.79486,-0.71835,-0.69285,1.0413,1.3473,0.35272,-0.13181,0.1742,0.30171,0.30171,-0.004307,0.25071,0.22521,0.0977,-0.13181,-0.15732,-0.48884,0.83725,1.7553,0.60773,-0.18282,-0.94787,0.22521,-0.38683,-0.59084,-0.15732,-0.029808,0.37822,0.1742,0.60773,0.42922,1.1943,1.0413,1.3473,0.22521,-0.92237,-0.76936,-1.1519,-0.92237,0.1487,0.37822,0.68424,0.86275,0.63323,0.40372,0.1742,-0.18282,-0.38683,0.021195,0.35272,1.0158,0.45472,-0.05531,-0.20832,-0.13181,0.37822,0.072198,0.072198,0.30171,0.40372,0.0977,-0.59084,-0.28482,-0.33583,-0.89686,0.45472,0.55673,0.96476,1.0413,0.55673,0.27621,-0.029808,-0.28482,-0.28482,-0.48884,-0.28482,-0.41233,1.3728,0.76074,0.27621,0.072198,-0.029808,0.072198
0.072198,0.1232,0.27621,0.19971,0.19971,0.19971,0.1742,0.1742,0.1487,0.1487,0.0977,0.19971,0.25071,0.32721,0.19971,0.19971,0.1232,0.0977,0.072198,0.046696,-0.05531,0.072198,0.046696,0.19971,0.25071,0.0977,0.22521,0.27621,0.1232,0.046696,0.021195,-0.004307,0.19971,0.22521,0.25071,0.1232,0.1232,-0.029808,-0.080812,-0.029808,-0.029808,0.072198,0.1742,0.1742,0.1487,0.1742,0.1232,0.072198,0.021195,0.046696,0.046696,0.021195,0.046696,0.22521,0.1487,0.19971,0.19971,0.0977,0.1232,0.046696,0.021195,0.0977,0.22521,0.27621,0.19971,0.1487,0.1742,0.072198,0.0977,0.1487,0.1232,0.1232,0.1232,0.25071,0.0977,0.1232,0.1487,0.1487,0.0977,0.0977,-0.004307,0.072198,0.1487,0.22521,0.1742,0.35272,0.1742,0.1232,0.046696,0.0977,0.046696,0.0977,0.19971,0.22521,0.22521,0.1232,0.0977,0.021195,-0.004307,0.072198,-0.05531,0.021195,0.1232,0.1742,0.1487,0.22521,0.1742,0.072198,0.046696,0.046696,0.0977,0.072198,0.1742,0.22521,0.27621,0.27621,0.1232,0.0977,0.0977,0.072198,0.021195,0.1232,0.22521,0.19971,0.27621,0.1232,0.1232,0.0977,0.072198,0.046696,0.046696,0.021195,0.1232,0.1742,0.30171,0.30171,0.1487,0.1742,0.1742,0.1232,0.1487,0.1487,0.22521,0.32721,0.30171,0.27621,0.25071,0.1487,0.1742,0.1232,0.021195,0.0977,0.19971,0.22521,0.25071,0.19971,0.19971,0.046696,-0.004307,-0.004307,-0.004307,0.072198,0.072198,0.1487,0.1487,0.1742,0.22521,0.19971,0.1232,0.22521,-0.004307,-0.029808,0.1232,0.30171,0.30171,0.25071,0.22521,0.1487,-0.004307,0.22521,0.021195,0.1232,0.072198,-0.004307,0.021195,0.25071,0.42922,0.19971,0.22521,0.1487,-0.05531,0.1742,-0.029808,0.072198,0.25071,0.35272,-0.029808,-0.004307,-0.080812,0.50573,0.42922,0.30171,0.22521,-0.18282,0.27621,0.19971,-0.33583,0.63323,1.0158,-0.84586,-1.9679,3.5149,1.0413,-0.71835,-1.3559,-1.1009,-0.31033,0.021195,-1.8149,1.2453,3.5149,-2.937,4.2545,8.8448,1.0668,-3.9571,-5.4107,-9.8479,-1.3559,8.0797,-3.549,4.9175,6.2181,-3.1665,-3.345,5.9376,1.6533,-2.529,-3.498,0.63323,0.60773,6.6261,-0.05531,-6.8642,2.1888,-7.1958,-3.0645,7.8502,0.68424,3.7954,1.1178,-2.529,-5.7677,1.2198,1.8573,-2.988,4.178,7.6972,-3.6765,-8.4453,0.046696,4.9685,-0.05531,5.7081,1.8063,-3.8551,2.6224,-3.3195,-4.5946,0.63323,2.1123,2.9794,-1.6364,-8.2158,-5.3852,7.4422,3.9229,6.1416,0.53123,-0.004307,-3.2685,2.6224,4.178,-9.8734,1.8318,1.8573,0.021195,-0.18282,-3.2175,2.3673,4.6115,-4.1101,-2.682,1.7043,2.5714,3.1834,-3.1155,4.8155,1.1688,-1.8404,-2.988,-4.6201,0.37822,4.433,-0.36133,1.5003,-3.9061,2.8519,1.6278,-3.7785,-3.651,4.2545,3.2854,1.6788,-0.25932,0.42922,0.58223,-5.0026,-3.243,0.76074,2.0868,1.0158,0.072198,-0.43783,-0.94787,0.68424,1.6788,1.5258,0.40372,-0.64185,0.83725,-0.87136,-2.4015,1.7043,0.53123,1.6533,-0.004307,-0.71835,-0.10631,-0.23382,-0.69285,-0.66735,0.27621,4.1015,-2.5035,-1.4579,2.0868,2.2908,1.0413,-0.18282,-0.15732,-1.7639,0.1742,0.63323,1.1433,0.42922,0.53123,-2.1974,0.76074,-0.53984,-1.0244,-2.5035,-0.38683,5.8866,0.63323,-0.48884,-0.76936,0.021195,-0.48884,1.1433,0.1232,-0.74385,1.1943,1.1178,0.27621,-0.43783,-0.31033,-0.28482,-0.080812,-0.28482,-0.51434,0.046696,1.6278,4.433,-2.1719,-1.5854,-2.1209,2.6479,0.73524,-0.20832,-1.3049,0.30171,0.072198,1.0923,0.48022,-1.3049,-1.8149,0.63323,0.99026,2.4694,1.8573,0.83725,-0.080812,0.072198,-0.33583,-0.38683,-1.2284,-1.2794,-2.0699,1.0923,-1.0754,4.025,-2.1209,1.0668,1.0413,0.19971,-0.89686,-1.0244,-0.87136,0.81175,1.6788,-0.46334,0.42922,-0.10631,0.63323,0.63323,0.072198,0.50573,-1.0754,-2.1209,-1.4834,-0.004307,2.1123,0.91375,0.53123,0.93925,0.76074,0.32721,-0.25932,-1.1774,1.6023,-0.10631,0.32721,0.27621,0.35272,0.42922,-2.0444,3.0304,0.83725,-0.97337,-0.99887,-0.10631,-0.43783,0.55673,0.37822,0.93925,-2.325,-1.2029,1.4493,2.9029,3.1324,0.42922,-0.97337,-2.1464,-1.7129,-0.31033,0.78624,0.1232,0.63323,0.88825,0.53123,-0.080812,-0.31033,-0.48884,-0.99887,1.3983,0.68424,-0.53984,1.0668,-0.46334,-1.7894,1.9848,0.45472,-0.31033,-0.28482,0.42922,-0.28482,-0.18282,0.0977,-0.10631,0.32721,0.50573,1.0158,0.35272,0.86275,-0.004307,-0.59084,-0.31033,-0.31033,0.27621,0.50573,-0.43783,0.25071,0.53123,0.45472,-0.18282,0.40372,-0.05531,-0.080812,0.91375,0.53123,-0.33583,-0.31033,-0.15732,-0.23382,0.48022,0.50573,-0.41233,-1.5599,2.0358,1.2708,-0.61635,-0.66735,-0.20832,-0.28482,-0.15732,0.27621,0.76074,0.96476,-0.48884,-0.080812,0.73524,0.53123,0.83725,-0.48884,0.25071,0.1487,0.0977,-0.43783,-1.0499,-0.59084,0.22521,0.81175,-0.05531,1.2198,0.88825,-0.13181,-0.84586,-0.38683,0.30171,0.046696,0.48022,0.42922,0.48022,0.40372,0.76074,0.19971,-0.53984,-0.66735,0.32721,0.70974,-0.004307,-0.48884,-0.46334,0.1232,1.2453,1.5513,0.37822,-0.33583,-0.33583,-0.080812,0.0977,-0.18282,-0.23382,-0.87136,0.27621,1.7553,-2.0699,2.1633,0.50573,0.021195,-0.38683,-0.029808,-0.33583,-0.76936,-0.56534,0.072198,0.53123,0.1487,0.70974,0.88825,0.53123,0.1487,0.32721,-0.48884,0.046696,0.45472,0.73524,0.78624,-0.23382,-0.43783,-0.43783,-0.31033,0.1232,1.0158,-0.18282,-0.25932,0.072198,0.046696,-0.10631,-0.20832,0.32721,0.63323,0.93925,-0.53984,1.0668,0.37822,0.0977,-0.56534,0.072198,0.68424,0.27621,0.021195,-0.15732,-0.38683,0.1487,-0.15732,-0.029808,0.78624,1.1943,0.1487,-0.69285,-1.0754,0.0977,0.58223,0.76074,1.3473,0.35272,0.27621,-0.59084,-0.92237,-0.69285,-0.15732,0.22521,0.50573,0.99026,0.45472,-0.59084,0.30171,0.53123,0.1232,-0.13181,0.88825,1.3983,0.1487,-0.080812,-0.23382,-0.18282,-0.87136,-0.51434,-0.41233,-0.004307,0.76074,0.53123,0.35272,0.35272,0.22521,0.60773,1.5003,0.58223,-0.64185,-1.3304,0.072198,0.50573,0.22521,-0.48884,-0.080812,0.48022,-0.20832,0.55673,1.1433,-0.05531,-0.10631,-0.10631,0.37822,0.22521,0.45472,-0.23382,-0.69285,-0.10631,0.046696,0.021195,-0.28482,0.072198,0.60773,1.8828,1.7043,0.30171,-0.10631,-0.080812,-0.51434,-0.59084,-0.71835,-0.69285,-0.20832,0.45472,0.68424,1.1943,0.83725,1.0158,-0.23382,-0.51434,-0.53984,-0.05531,-0.15732,-0.61635,1.3218,1.0923,0.32721,-0.25932,-0.76936,-0.13181,0.021195,0.19971,0.88825,1.2708,-0.18282,-0.66735,-0.28482,-0.004307,-0.10631,0.072198,0.55673,0.1487,1.1943,0.81175,0.40372,-0.43783,-0.28482,-0.28482,-0.20832,-0.28482,-0.13181,0.1232,0.27621,0.48022,0.1742,0.27621,0.32721,0.32721,0.27621,1.3218,0.37822,-0.43783,-0.79486,-0.71835,0.1232,0.48022,0.68424,0.021195,-0.004307,0.021195,0.35272,0.021195,-0.15732,1.0413,-0.66735,0.93925,0.76074,-0.10631,-0.15732,-0.48884,0.30171,0.63323,0.50573,-0.15732,-0.84586,-0.15732,0.32721,0.42922,-0.28482,-0.10631,0.22521,0.58223,0.1487,0.0977,0.45472,0.1742,-0.28482,-0.13181,-0.25932,0.32721,0.86275,0.83725,0.021195,-0.13181,-0.36133,-0.080812,-0.31033,-0.28482,0.1742,0.68424,0.25071,0.81175,0.53123,-0.080812,-0.15732,-0.13181,0.19971,0.48022,0.30171,-0.97337,-0.59084,0.1232,0.93925,0.22521,0.1232,0.25071,0.0977,-0.43783,0.27621,1.1433,1.6023,-0.25932,-0.51434,-0.56534,-0.46334,-0.28482,-0.15732,0.1232,0.35272,1.1178,0.88825,0.0977,0.021195,-0.13181,-1.2284,0.42922,0.63323,1.1433,0.1487,-0.28482,-0.25932,-0.18282,-0.59084,0.072198,0.27621,-1.0499,0.99026,0.63323,0.96476,0.40372,0.93925,0.32721,-0.33583,-0.64185,-0.46334,0.1232,-0.05531,0.45472,0.1742,0.072198,0.22521,0.22521,0.42922,0.32721,0.1487,-0.15732,-0.05531,-0.15732,0.021195,0.27621,0.53123,0.32721,0.60773,0.53123,0.1487,-0.33583,0.021195,0.19971,0.22521,-0.64185,0.021195,1.3218,1.3983,0.55673,-0.66735,-0.33583,-0.69285,-0.46334,0.22521,0.53123,0.45472,0.68424,0.25071,0.37822,-0.53984,0.1487,-0.28482,-0.13181,0.83725,0.1487,-0.080812,-0.080812,-0.18282,0.22521,-0.28482,1.0413,0.45472,0.046696,0.0977,-0.15732,-0.59084,0.60773,0.19971,-0.59084,-0.87136,0.25071,1.2198,0.73524,-0.23382,0.021195,0.0977,-0.18282,0.55673,0.30171,0.48022,-0.13181,-0.33583,-0.029808,-0.080812,0.48022,0.96476,0.55673,0.25071,-0.05531,-1.2029,0.1232,0.0977,0.1487,0.53123,-0.05531,0.48022,0.0977,0.55673,0.1487,-0.029808,0.072198,-1.1009,-0.004307,-0.05531,0.021195,0.53123,0.55673,0.37822,-0.080812,0.73524,0.1742,-0.10631,0.1487,0.1742,0.27621,-0.59084,-0.31033,-0.20832,-0.004307,0.22521,0.1232,0.25071,0.45472,0.27621,0.40372,-0.20832,0.65874,-0.46334,0.19971,0.0977,-0.25932,-0.080812,-0.43783,-0.004307,0.58223,0.37822,0.37822,0.55673,0.68424,-0.080812,-0.28482,-0.51434,-0.13181,0.27621,0.37822,1.4748,0.27621,-0.029808,-0.15732,-0.36133,-0.004307,-0.20832,0.76074,-0.080812,0.021195,-0.004307,0.30171,0.40372,1.0668,0.48022,-0.31033,-0.080812,0.19971,0.021195,-0.15732,0.072198,-0.48884,1.2963,0.63323,0.19971,-0.33583,-0.18282,0.22521,-0.05531,-0.38683,0.55673,0.53123,1.0413,0.35272,-0.05531,-0.20832,0.072198,-0.59084,-1.6874,0.93925,0.93925,1.0158,0.83725,0.072198,-0.23382,-0.53984,-0.41233,-0.43783,-0.36133,-0.25932,0.45472,1.0923,0.50573,0.27621,-0.23382,-0.36133,0.1487,0.91375,0.48022,0.42922,0.27621,0.1232,-0.33583,-0.23382,-0.46334,-0.38683,-0.28482,0.1487,-0.080812,1.2198,-0.029808,0.1232,0.48022,1.1433,0.50573,0.30171,-0.71835,-0.23382,0.1742,-0.31033,-0.59084,0.55673,0.88825,0.48022,0.37822,0.53123,0.55673,-0.23382,-0.79486,-0.82036,-0.31033,0.81175,0.76074,0.30171,0.072198,-0.33583,0.70974,0.1232,0.81175,0.45472,0.42922,0.021195,-0.05531,-0.36133,-0.15732,0.021195,-0.51434,-0.33583,0.32721,0.65874,0.83725,0.25071,-0.28482,-0.15732,0.40372,1.2198,1.0158,-0.080812,-0.31033,-0.25932,-1.1009,-0.69285,-0.004307,0.58223,0.42922,0.68424,-0.18282,0.50573,1.0413,0.072198,-0.004307,-0.25932,-0.20832,-0.080812,-0.18282,0.021195,-0.029808,-0.46334,0.53123,1.0158,0.83725,0.27621,0.35272,0.58223,-0.20832,-0.56534,-0.53984,-0.48884,-0.23382,0.32721,1.3983,0.58223,-0.029808,-0.029808,-0.23382,-0.33583,-0.029808,0.1742,0.32721,0.65874,0.65874,0.78624,0.50573,-0.36133,-0.43783,-0.10631,0.32721,0.1487,-0.080812,-0.31033,-0.004307,0.25071,0.0977,0.27621,0.1742,0.63323,0.27621,0.45472,0.25071,0.046696,-0.38683,-0.43783,-0.31033,0.021195,0.046696,1.4493,0.58223,-0.029808,-0.76936,0.072198,0.78624,0.50573,0.1487,-0.53984,-0.25932,-0.004307,-0.029808,-0.51434,0.35272,1.1178,2.1123,0.63323,-0.18282,-0.33583,-0.36133,-0.51434,-0.59084,-0.28482,-0.28482,0.45472,1.4493,1.0413,-0.41233,-0.004307,-0.28482,-0.31033,-0.15732,-0.004307,0.1232,0.42922,0.65874,0.48022,0.27621,0.35272,0.37822,-0.33583,-0.10631,-0.53984,0.27621,0.32721,0.50573,0.65874,-0.13181,-0.13181,-0.28482,-0.05531,-0.10631,0.35272,0.19971,0.1232,0.046696,-0.13181,-0.31033,0.1487,0.55673,0.93925,0.37822,0.021195,0.1232,0.86275,0.22521,-0.31033,-0.18282,0.072198,0.072198,0.1232,-0.28482,-0.15732,-0.18282,0.22521,0.53123,0.60773,0.1232,0.37822,0.072198,-0.56534,-0.28482,1.0923,-0.69285,0.50573,0.88825,1.3473,0.1742,-1.1009,-1.2794,-0.61635,0.072198,0.42922,0.63323,0.45472,0.1487,0.65874,0.86275,0.86275,0.0977,-0.92237,-0.61635,-0.10631,0.0977,0.1232,0.30171,0.78624,0.53123,0.1232,-0.10631,-0.029808,0.73524,0.58223,-0.05531,-0.15732,0.32721,0.63323,0.072198,-0.74385,-0.71835,-0.13181,-1.1774,1.1433,0.93925,0.83725,0.45472,0.58223,0.58223,-0.31033,-0.74385,-0.48884,-0.23382,0.22521,0.70974,0.96476,-0.28482,-0.25932,0.0977,0.48022,0.27621,0.072198,-0.10631,0.021195,0.22521,0.32721,0.42922,-0.004307,0.19971,-0.10631,0.021195,0.35272,0.70974,0.021195,0.1487,-0.05531,-0.15732,-0.15732,-0.10631,-0.004307,0.27621,0.99026,0.55673,-0.53984,-0.28482,-0.23382,1.3473,0.1232,-0.28482,-0.38683,1.2708,0.55673,-0.25932,-0.28482,-0.33583,-0.28482,-0.10631,0.1232,0.021195,0.68424,0.55673,0.73524,0.50573,-0.10631,-0.18282,0.1232,0.53123,-0.46334,-0.97337,0.40372,0.91375,0.83725,-0.28482,-0.28482,-0.10631,-0.51434,-0.25932,0.48022,1.0413,0.88825,-0.029808,-0.33583,-0.10631,0.81175,0.58223,0.046696,-0.004307,0.0977,-0.004307,-0.05531,-0.13181,-0.38683,0.27621,0.55673,0.40372,-0.004307,-0.10631,-0.36133,0.30171,0.50573,1.2453,0.55673,-0.28482,-1.0244,-0.76936,0.60773,0.81175,0.63323,0.046696,-0.18282,-0.10631,-0.10631,0.0977,-0.004307,0.1487,0.48022,0.53123,0.83725,0.32721,0.19971,-0.23382,-0.20832,-0.28482,0.27621,0.60773,0.37822,-0.20832,0.072198,0.37822,0.021195,-0.33583,-0.15732,0.37822,0.65874,0.1487,-0.56534,-0.51434,0.42922,0.60773,0.83725,1.1433,0.58223,-0.71835,0.27621,-0.76936,-0.99887,-2.0699,1.6533,1.8063,0.70974,0.48022,0.072198,-0.13181,0.021195,-0.18282,0.021195,-0.31033,-0.41233,-0.05531,-0.33583,-0.25932,0.48022,2.3163,2.2398,1.7553,-0.74385,-6.3032,2.3673,3.0559,-0.28482,-0.79486,-0.97337,0.1232,-1.0244,-0.56534,0.32721,0.19971,0.93925,1.1943,1.7553,0.88825,-0.23382,-0.15732,-0.10631,-0.46334,-0.69285,0.021195,1.1433,0.68424,1.0668,0.1232,-0.59084,-1.0754,0.96476,0.1232,-1.4834,0.60773,0.93925,0.25071,-0.48884,2.1888,2.9794,0.76074,-0.97337,-4.0591,1.7043,-0.76936,-1.3559,-0.61635,0.63323,1.2963,1.2198,0.1232,0.40372,0.22521,0.1232,0.70974,1.3983,-0.31033,-0.23382,-0.28482,-0.99887,-0.13181,-0.10631,-0.92237,-0.51434,0.60773,1.4493,1.5513,0.73524,-0.33583,-0.23382,0.021195,0.046696,-0.36133,-0.79486,0.22521,0.70974,0.50573,-0.029808,0.91375,0.55673,0.53123,0.1487,-0.48884,-0.13181,-0.23382,-0.28482,0.046696,-0.004307,0.021195,4.076,-0.28482,-1.0499,-0.82036,0.27621,-0.05531,-1.1264,-0.15732,0.22521,0.50573,0.22521,0.35272,0.60773,1.0413,0.81175,0.30171,0.27621,-0.69285,-1.1519,-0.15732,0.30171,0.021195,0.70974,0.63323,0.58223,0.88825,0.35272,-1.0754,-0.46334,0.48022,0.19971,-0.18282,0.96476,0.68424,0.021195,-0.94787,-0.31033,-0.25932,0.30171,0.37822,1.4238,0.32721,-0.43783,-0.33583,-0.004307,0.37822,0.046696,0.072198,0.1487,-0.05531,0.22521,0.37822,0.0977,0.072198,0.60773,0.53123,0.42922,0.60773,0.68424,-0.36133,-0.69285,-0.69285,-0.18282,-0.46334,0.45472,0.76074,0.58223,0.68424,0.046696,-0.43783,-0.10631,0.27621,0.93925,-0.36133,0.0977,-0.13181,-0.53984,0.1232,0.96476,1.0158,0.99026,-0.23382,-1.2029,-0.79486,0.70974,-0.13181,-0.15732,0.021195,0.60773,0.91375,1.0413,-0.004307,-0.10631,-0.15732,-0.46334,-0.05531,0.55673,0.55673,-0.10631,-0.15732,-0.31033,-0.080812,0.30171,0.35272,0.40372,0.1232,0.1487,0.0977,-0.18282,2.5714,0.1232,-0.25932,-0.15732,0.60773,0.1487,-0.89686,-1.2794,-0.38683,-0.18282,0.27621,0.60773,0.88825,0.91375,0.65874,0.76074,-1.0499,0.19971,-0.33583,0.70974,0.48022,-0.080812,-0.99887,-0.23382,-1.1009,1.8828,1.3218,0.83725,-0.84586,-0.36133,0.046696,0.1232,0.021195,-0.080812,-1.1519,1.8318,0.93925,0.19971,-0.71835,-0.66735,-0.76936,0.81175,-1.8404,-3.7275,3.1069,4.28,2.0613,2.1378,1.7553,-1.5854,-0.82036,-3.8296,-4.1866,-0.31033,2.6479,3.7954,2.5714,0.68424,-0.029808,-1.3559,-1.0244,-0.82036,0.81175,1.1178,-0.41233,-2.2229,0.70974,0.63323,0.072198,3.0304,1.8063,0.83725,-0.99887,-2.5035,1.1433,-1.0499,-2.0444,0.70974,2.0613,1.1433,0.40372,0.68424,-3.5235,-0.18282,1.4748,0.1487,1.0413,0.88825,-0.25932,0.30171,0.1232,0.19971,-0.36133,0.046696,-0.64185,-0.20832,0.22521,0.27621,0.55673,2.8009,0.93925,-0.89686,-1.4069,-0.87136,-0.25932,-0.51434,0.88825,2.3928,1.0923,0.1487,-0.080812,-0.05531,-0.56534,-1.2794,-0.18282,1.0413,1.8828,0.58223,0.55673,1.2198,-4.0336,-2.1719,0.65874,2.0613,1.3473,-1.1519,-0.004307,1.3473,1.2453,1.0668,-0.029808,0.1232,0.046696,-0.05531,-0.46334,-1.3304,-0.89686,0.072198,1.1943,0.021195,-1.1009,-1.2029,2.5204,1.7808,0.73524,-0.31033,0.0977,0.0977,-1.3814,1.8828,0.91375,-0.46334,-0.69285,-0.18282,-0.23382,-0.10631,-0.53984,1.1688,1.3728,0.40372,-0.53984,-1.0499,-0.23382,0.76074,0.58223,-0.25932,0.1487,0.1232,-0.25932,0.53123,0.58223,0.22521,1.2453,-0.029808,-1.8404,-0.87136,0.53123,1.0158,0.96476,0.63323,-0.20832,-0.20832,0.1232,0.32721,1.8573,-1.2284,-1.4579,-0.48884,0.27621,0.42922,0.86275,0.58223,0.88825,0.65874,-0.13181,-1.2284,-0.59084,0.53123,0.63323,0.32721,0.021195,0.0977,0.0977,0.072198,-0.10631,0.19971,-0.36133,-0.33583,-0.05531,0.37822,0.30171,0.63323,0.32721,0.35272,0.27621,0.35272,-0.36133,-0.004307,0.19971,0.1232,0.22521,-0.029808,0.25071,-0.59084,0.32721,0.70974,0.76074,-0.10631,-0.38683,0.40372,0.50573,0.45472,1.0668,-0.28482,-0.56534,-0.33583,-0.23382,0.072198,0.40372,0.63323,0.86275,0.42922,0.76074,0.73524,0.1487,-0.74385,-0.92237,-0.36133,-0.92237,-0.029808,1.2453,1.4748,0.86275,0.42922,-0.080812,-0.69285,-0.66735,-0.080812,-0.05531,0.42922,0.58223,0.76074,-0.10631,-0.48884,-0.28482,1.3473,-0.51434,-0.51434,0.63323,0.37822,0.30171,0.53123,0.1742,0.68424,0.50573,0.1487,-0.48884,-0.51434,-0.20832,-0.080812,0.25071,-0.029808,0.60773,1.2453,0.50573,0.1487,0.19971,-0.46334,-1.0754,0.25071,0.53123,-0.31033,0.37822,0.42922,0.55673,-1.2794,0.70974,1.2453,0.91375,-0.41233,-0.080812,-0.38683,-0.36133,0.30171,0.83725,1.2198,-0.15732,-0.53984,-0.61635,-0.51434,-0.28482,0.27621,0.40372,0.91375,1.1433,0.42922,0.021195,-0.18282,0.0977,0.25071,0.1742,0.22521,-0.004307,0.1232,-0.18282,1.3983,0.50573,-1.0244,-0.51434,0.072198,0.81175,0.27621,-0.029808,0.1742,-0.13181,-0.029808,-0.029808,0.76074,-0.33583,-0.82036,1.0413,0.48022,-0.029808,0.40372,0.25071,-0.05531,0.32721,0.50573,-0.029808,-0.53984,-0.99887,0.25071,0.19971,1.1433,0.68424,0.55673,0.48022,-0.43783,-0.79486,-0.59084,-0.18282,0.68424,1.0668,0.40372,-0.74385,-0.94787,0.40372,0.78624,0.021195,0.35272,0.83725,0.91375,-0.71835,-0.56534,-0.05531,0.53123,-0.53984,0.072198,0.60773,0.63323,-0.64185,-0.15732,2.0868,0.1232,-0.38683,-0.48884,-0.48884,-1.0499,0.35272,0.58223,0.88825,0.55673,0.22521,-0.53984,-1.0754,0.30171,1.0413,1.1433,0.76074,0.42922,-0.18282,-0.46334,-0.92237,-0.41233,-0.23382,0.60773,0.37822,-0.004307,0.22521,0.27621,0.50573,0.37822,0.53123,0.22521,0.35272,-1.0244,-1.1264,-0.25932,1.4748,0.63323,0.96476,1.2198,0.55673,-0.004307,-0.59084,-1.3559,-0.71835,0.42922,0.88825,0.48022,0.35272,-0.20832,-1.0499,-0.33583,0.40372,1.0158,1.1433,1.1688,0.55673,-0.33583,-0.69285,-0.97337,-0.79486,-0.13181,0.53123,0.93925,0.73524,0.40372,0.072198,0.046696,0.37822,-0.61635,0.072198,0.30171,-0.13181,0.072198,0.1232,1.1943,0.22521,-0.46334,-0.10631,0.1742,-0.004307,-0.84586,0.22521,0.58223,0.50573,0.42922,1.7553,-0.36133,-1.7894,0.22521,0.70974,0.68424,0.93925,0.96476,-0.18282,-0.18282,-0.48884,-0.56534,-0.18282,0.55673,0.50573,0.70974,-0.53984,-0.66735,0.0977,0.48022,0.53123,0.63323,0.22521,0.1232,0.1742,0.021195,0.1232,0.072198,-0.51434,0.046696,0.1742,0.25071,0.021195,-0.05531,0.30171,0.48022,0.91375,0.45472,-0.89686,0.27621,0.53123,-0.004307,-0.43783,-0.66735,0.27621,1.1433,1.0668,0.25071,-0.46334,-0.46334,-0.48884,-0.18282,0.27621,0.48022,0.22521,0.35272,0.58223,0.1742,-0.23382,0.021195,0.1232,0.63323,0.021195,0.072198,-0.56534,0.53123,0.83725,0.37822,0.58223,-0.05531,-0.05531,-0.13181,0.021195,0.046696,0.021195,0.30171,0.25071,-0.029808,0.1232,-0.10631,-0.080812,0.021195,0.40372,0.50573,0.48022,0.072198,0.27621,0.1742,0.19971,-0.69285,-0.18282,1.0413,1.5258,0.072198,-0.69285,-0.79486,-0.82036,-0.46334,0.68424,0.68424,0.1742,0.35272,0.25071,0.70974,0.30171,0.021195,-0.13181,-0.20832,0.58223,0.65874,0.40372,-0.36133,0.072198,0.046696,-0.61635,-0.31033,0.22521,0.19971,0.53123,0.53123,0.60773,0.27621,-0.33583,-0.31033,-0.029808,0.93925,0.58223,0.48022,0.1232,-0.25932,-0.48884,0.0977,-0.004307,0.40372,-0.029808,0.50573,0.55673,0.19971,-0.25932,-0.004307,-0.20832,0.021195,0.22521,0.32721,0.37822,0.68424,0.63323,0.1232,0.27621,0.072198,-0.33583,-0.48884,0.30171,0.40372,0.32721,0.1487,-0.18282,0.30171,0.1487,0.1742,0.32721,-0.20832,-0.20832,-0.080812,0.1232,0.32721,0.60773,0.27621,-0.92237,-0.10631,0.55673,0.91375,0.96476,0.68424,-0.080812,-0.69285,-0.89686,0.19971,0.021195,0.55673,0.35272,0.0977,0.021195,-0.080812,-0.10631,0.25071,0.45472,0.63323,-0.05531,-0.23382,-0.25932,0.27621,-0.004307,0.68424,0.83725,0.30171,-0.05531,-0.28482,-0.18282,0.072198,-0.029808,1.0413,0.48022,-0.28482,-0.41233,-0.48884,-0.79486,0.45472,0.50573,0.63323,0.046696,0.1487,0.1742,0.42922,0.55673,0.50573,-0.97337,0.27621,-0.18282,-0.41233,0.48022,0.83725,0.88825,0.48022,-0.05531,-0.18282,-0.79486,-0.18282,0.25071,0.046696,0.046696,0.99026,0.73524,0.0977,-0.56534,0.0977,1.2708,-0.28482,-0.71835,0.32721,0.65874,-1.0754,1.9848,0.45472,-0.59084,-0.76936,-0.15732,-0.61635,-0.51434,0.32721,1.0923,1.0158,0.78624,-0.18282,-0.46334,-0.10631,-0.28482,-0.029808,0.83725,0.58223,-0.38683,-0.004307,1.1178,1.0413,0.22521,0.27621,-0.71835,-1.6109,-0.66735,0.1487,0.55673,0.81175,0.81175,0.27621,0.27621,0.1487,0.22521,-0.029808,0.65874,0.30171,-0.029808,0.22521,-0.56534,-0.61635,0.021195,0.35272,0.1742,0.58223,-0.029808,0.78624,0.60773,0.40372,0.37822,-0.41233,-0.51434,0.046696,0.0977,-0.13181,-0.28482,-0.23382,0.1742,1.1943,0.1232,-0.18282,0.30171,0.50573,0.1232,-0.10631,0.0977,-0.080812,0.021195,0.55673,0.42922,-0.080812,-0.51434,-0.46334,-0.28482,0.1232,0.93925,1.1433,0.19971,0.021195,-0.13181,-0.33583,0.22521,-0.029808,-0.31033,-0.004307,0.68424,0.81175,0.30171,-0.080812,0.53123,0.86275,-0.71835,-1.1774,-1.0244,0.63323,0.35272,-0.15732,0.68424,0.76074,0.22521,0.0977,0.22521,0.40372,0.32721,-0.46334,-0.53984,-0.080812,0.60773,1.3728,0.99026,-0.05531,-0.66735,-0.94787,0.072198,0.0977,0.25071,0.45472,0.50573,0.58223,0.37822,0.1487,-0.25932,-0.84586,-0.61635,0.0977,1.2198,0.73524,-0.05531,-0.38683,0.1232,0.81175,0.58223,-0.13181,-0.13181,0.22521,-0.004307,-0.15732,-0.53984,-0.28482,0.1487,0.58223,1.0923,0.65874,-0.28482,-0.10631,0.22521,-0.029808,-0.33583,0.072198,0.78624,0.76074,0.30171,-0.029808,-0.38683,-0.33583,-0.23382,-0.25932,0.072198,0.68424,1.2198,0.58223,-0.38683,-0.080812,0.19971,0.40372,-0.10631,0.021195,-0.20832,-0.080812,0.25071,-0.28482,-0.18282,0.27621,0.73524,0.83725,0.53123,0.55673,0.1232,-0.61635,-0.56534,-0.43783,0.58223,0.63323,0.27621,-0.15732,-0.10631,0.22521,0.1742,0.1232,0.1742,0.1232,0.32721,-0.15732,-0.05531,-0.029808,-0.004307,-0.004307,0.32721,0.30171,0.86275,1.1433,1.0413,-0.080812,-0.61635,-0.28482,-0.31033,-0.28482,-0.46334,-0.15732,-0.25932,0.42922,0.60773,1.2453,-0.33583,0.93925,0.30171,-0.15732,-0.48884,-0.31033,0.27621,0.32721,0.55673,0.1232,-0.38683,-0.43783,0.072198,0.91375,0.63323,-0.080812,-0.080812,0.27621,-0.28482,0.35272,0.53123,-0.080812,0.27621,-0.15732,-0.41233,-0.10631,0.1232,0.70974,0.93925,0.48022,0.0977,-0.23382,-0.59084,-0.080812,0.1232,0.58223,0.50573,0.58223,-0.05531,0.22521,0.25071,-0.28482,0.0977,0.1232,-0.05531,0.25071,0.37822,0.48022,-0.10631,-0.51434,-0.10631,-0.53984,0.021195,0.78624,1.5513,0.76074,0.32721,-0.029808,-0.25932,-0.48884,-0.53984,-0.20832,0.45472,0.25071,0.25071,0.0977,0.19971,0.88825,0.81175,0.1232,0.021195,0.072198,0.27621,-0.13181,-0.64185,0.42922,0.021195,-0.20832,-0.15732,0.1487,0.53123,0.0977,-0.05531,0.22521,0.42922,0.40372,0.22521,0.58223,0.32721,0.021195,0.19971,0.37822,0.32721,0.021195,-0.23382,-0.61635,-0.18282,0.22521,-0.029808,0.27621,0.072198,0.0977,0.22521,0.58223,1.0668,0.45472,-0.080812,-0.41233,0.072198,0.30171,0.021195,-0.15732,-0.004307,-0.029808,-0.029808,0.0977,0.19971,0.40372,0.70974,1.1688,-0.25932,-0.59084,-0.029808,0.60773,0.1232,0.072198,0.55673,0.63323,0.35272,-0.18282,-0.46334,-0.74385,-0.48884,-0.029808,0.40372,0.58223,0.072198,0.65874,0.45472,0.27621,0.91375,0.1487,0.32721,-0.18282,-0.59084,-0.64185,0.25071,0.35272,-0.05531,0.021195,-0.15732,-0.71835,0.19971,1.2198,1.9338,0.70974,-0.10631,-0.59084,-0.080812,-0.33583,-0.25932,-0.48884,0.30171,0.76074,0.27621,0.30171,0.19971,0.021195,0.25071,0.1232,0.27621,-0.28482,0.072198,0.70974,0.78624,-0.15732,-0.31033,-0.13181,0.27621,0.35272,-0.38683,-0.41233,0.1232,1.3218,0.93925,0.35272,-0.69285,-0.31033,0.40372,-0.080812,0.1742,0.32721,0.19971,0.0977,-0.080812,0.1742,-0.53984,0.53123,0.1487,-0.05531,0.1487,0.22521,0.63323,1.6788,0.55673,-1.0244,-0.79486,-0.59084,-0.18282,0.0977,-0.13181,0.78624,0.55673,1.0158,0.48022,-0.029808,-0.46334,0.37822,-0.15732,-0.13181,-0.51434,0.48022,0.58223,0.27621,-0.080812,0.32721,-0.84586,0.30171,0.35272,0.27621,0.27621,0.63323,0.32721,0.27621,0.0977,0.30171,0.37822,-0.13181,-0.31033,-0.31033,0.32721,0.30171,0.046696,0.48022,0.45472,0.53123,-0.36133,-0.33583,0.1232,-0.05531,0.19971,-0.18282,1.1943,0.021195,0.91375,-0.23382,0.19971,-0.25932,-0.53984,-0.004307,0.32721,-0.28482,-0.46334,0.1232,0.81175,0.78624,0.0977,0.30171,-0.004307,0.37822,-0.080812,-0.20832,-0.15732,0.35272,0.1742,0.37822,0.1742,-0.080812,0.22521,-0.10631,-0.36133,-0.79486,0.55673,0.53123,0.42922,0.53123,0.1487,0.35272,0.32721,0.072198,-0.33583,0.30171,0.22521,0.55673,-0.05531,0.046696,-0.23382,-0.13181,-0.080812,0.27621,-0.18282,0.0977,0.73524,1.7298,0.37822,-0.18282,-0.53984,-0.43783,0.1232,0.32721,0.48022,0.88825,0.1232,-0.36133,0.48022,0.86275,-0.10631,-0.15732,0.046696,0.072198,-0.05531,-0.28482,-0.25932,0.32721,0.88825,0.53123,0.021195,-0.23382,0.37822,0.072198,0.27621,-0.05531,0.48022,0.1487,0.046696,0.072198,0.55673,0.40372,-0.46334,-0.79486,-0.53984,-0.029808,0.19971,-0.23382,0.32721,0.81175,0.93925,1.1688,0.32721,0.42922,-0.18282,-0.51434,-0.33583,-0.51434,-0.15732,0.021195,0.30171,0.27621,0.32721,0.19971,0.88825,0.25071,0.37822,0.53123,-0.41233,0.1232,-0.080812,0.1487,-0.080812,0.1742,0.046696,-0.28482,-0.56534,0.86275,1.5513,0.55673,0.046696,-0.64185,-0.080812,0.046696,0.19971,-0.080812,0.1742,0.1232,-0.28482,-0.31033,0.0977,0.68424,0.60773,0.072198,0.30171,-0.004307,-0.080812,0.0977,-0.25932,-0.18282,-0.05531,0.072198,0.021195,-0.05531,0.32721,0.63323,0.91375,0.25071,0.046696,0.27621,0.42922,-0.13181,-0.36133,-0.23382,0.046696,-0.15732,-0.080812,-0.05531,0.021195,-0.05531,1.1178,0.50573,0.40372,0.53123
0.021195,0.22521,0.22521,0.1487,0.1742,0.22521,0.072198,0.0977,0.1742,0.0977,0.021195,0.19971,0.25071,0.25071,0.1742,0.0977,0.0977,0.19971,0.1232,-0.004307,-0.004307,0.19971,0.27621,0.1742,0.0977,0.1487,0.1742,0.1232,0.0977,-0.029808,0.1232,0.22521,0.19971,0.1232,0.22521,0.30171,0.1232,0.072198,0.072198,0.072198,0.0977,0.22521,0.1232,0.072198,0.1487,0.1742,0.32721,0.1487,0.42922,0.021195,-0.029808,0.1232,-0.080812,0.0977,-0.080812,0.19971,0.65874,0.40372,-0.18282,0.072198,0.22521,0.30171,0.1742,0.072198,0.046696,0.1487,0.25071,0.60773,-0.080812,-0.25932,-0.20832,0.0977,0.0977,0.45472,0.35272,0.32721,0.30171,0.45472,-0.004307,-1.1009,1.0158,1.4493,1.1178,-0.28482,0.021195,-3.8551,1.5003,3.5914,-0.004307,-1.3559,-2.529,-0.20832,0.91375,-0.59084,-1.1519,-0.82036,1.9338,-6.3797,5.6316,12.338,1.3983,-3.8551,-3.7785,-1.3559,-0.76936,-2.937,-1.0754,-0.79486,2.5714,1.2963,1.5768,1.0923,-5.9207,-0.92237,8.8703,4.739,-1.5344,-1.5089,-1.0499,-2.682,-1.3049,-1.9424,-0.59084,0.046696,0.78624,1.3473,1.8318,1.2708,0.99026,0.73524,0.1487,-0.38683,-0.51434,0.0977,0.60773,-0.10631,-0.59084,-0.43783,-0.51434,0.63323,0.96476,0.53123,-0.64185,-1.5599,0.73524,1.9848,-0.31033,3.0304,-0.48884,-2.1719,-1.3559,-0.004307,1.1433,0.48022,0.021195,-0.029808,0.1487,0.78624,0.96476,-0.48884,0.53123,0.48022,-0.05531,-0.33583,0.55673,-0.029808,-0.48884,0.50573,0.73524,-0.59084,-0.36133,-0.004307,0.40372,0.35272,-0.10631,-0.59084,-0.080812,-0.029808,0.37822,0.40372,0.55673,0.021195,0.68424,1.0413,0.78624,0.1487,0.32721,-0.28482,-0.36133,-0.71835,0.60773,0.30171,0.1232,-0.61635,0.1232,0.1487,0.60773,0.0977,-0.05531,-0.18282,0.0977,0.58223,0.1487,0.1232,0.22521,0.1487,0.1232,0.0977,0.19971,0.1232,-0.10631,0.32721,0.25071,0.32721,0.40372,0.046696,-0.46334,0.40372,0.27621,0.48022,-0.23382,-0.79486,0.021195,0.42922,0.32721,0.1232,-0.004307,0.22521,0.65874,0.45472,0.30171,0.072198,0.68424,-0.004307,0.60773,0.1487,-0.74385,-0.33583,-0.18282,-0.10631,0.1232,0.76074,0.45472,-0.080812,-0.05531,0.73524,-0.28482,0.27621,0.45472,0.40372,-0.25932,-0.029808,-0.05531,0.072198,-0.029808,0.83725,0.58223,-0.10631,-0.59084,0.48022,-0.20832,0.22521,0.42922,0.53123,0.48022,0.45472,0.1232,-0.64185,-0.79486,0.1487,0.30171,0.021195,0.55673,0.37822,0.37822,0.86275,0.81175,0.32721,-0.05531,-0.56534,-0.71835,-0.36133,0.42922,0.88825,0.48022,0.046696,-0.004307,-0.18282,0.22521,-0.13181,-0.18282,0.25071,0.22521,0.35272,0.37822,0.22521,0.53123,0.83725,-0.080812,0.27621,-0.25932,-0.004307,-0.15732,-0.004307,0.19971,0.45472,0.25071,-0.59084,-0.46334,0.30171,0.53123,-0.13181,1.0923,0.93925,1.1943,-0.61635,-0.61635,-0.10631,-0.25932,-0.31033,-0.38683,0.22521,0.53123,0.021195,1.2198,0.86275,0.072198,-0.33583,-0.51434,0.35272,-0.10631,-0.46334,0.19971,0.19971,-0.28482,0.78624,0.76074,0.27621,0.30171,-0.33583,-0.82036,-0.029808,0.88825,0.37822,-0.53984,-0.18282,0.1232,0.1232,0.86275,0.86275,0.25071,0.32721,-0.05531,-0.46334,0.046696,0.072198,-0.13181,-0.05531,-0.20832,0.1742,0.1487,0.63323,0.30171,-0.31033,0.1232,0.53123,1.6023,0.42922,-0.43783,-0.18282,-0.43783,-0.05531,-0.029808,-0.080812,-0.94787,0.40372,0.73524,0.48022,1.1433,0.046696,-0.33583,0.021195,0.60773,0.27621,0.19971,0.1232,0.021195,-0.41233,0.1487,-0.05531,0.22521,-0.080812,0.37822,0.58223,0.68424,0.25071,-0.18282,-0.28482,-0.080812,0.0977,0.22521,0.021195,0.22521,0.046696,0.68424,0.1232,0.072198,-0.13181,-0.029808,-0.080812,0.42922,1.0668,0.35272,-0.20832,0.046696,0.19971,0.0977,-0.029808,-0.10631,-0.05531,0.40372,0.73524,0.1742,-0.31033,0.60773,1.2198,-0.33583,-0.46334,-0.28482,0.25071,0.81175,0.42922,-0.31033,-0.43783,-0.05531,0.32721,0.22521,0.1487,0.32721,0.1232,-0.05531,0.19971,0.32721,0.53123,0.22521,0.60773,-0.029808,-0.51434,-0.41233,-0.28482,0.1487,0.35272,0.30171,0.30171,0.30171,-0.029808,-0.28482,-0.080812,0.68424,0.48022,-0.20832,-0.10631,0.35272,0.58223,0.37822,0.046696,-0.59084,0.30171,0.32721,0.22521,0.22521,-0.61635,-0.33583,0.53123,1.1433,-0.004307,0.22521,-0.28482,0.0977,0.046696,0.1232,0.046696,0.42922,0.65874,0.32721,0.19971,0.0977,0.1232,0.021195,-0.41233,-0.25932,-0.20832,-0.28482,0.0977,0.81175,0.78624,0.42922,0.22521,0.25071,0.27621,0.45472,-0.080812,0.072198,-0.28482,-0.080812,0.1232,-0.10631,-0.20832,0.021195,0.072198,0.55673,0.48022,-0.029808,0.19971,0.48022,0.55673,0.37822,-0.69285,-0.10631,0.68424,0.1742,-0.13181,0.021195,0.1232,0.1742,0.1232,0.50573,0.27621,0.32721,0.32721,0.42922,0.1232,-0.18282,-0.20832,-0.25932,-0.18282,0.1487,0.1487,-0.080812,1.2708,0.60773,0.37822,-0.080812,-0.18282,0.35272,0.046696,-0.20832,-0.18282,-0.029808,0.25071,-0.15732,-0.080812,0.78624,0.81175,0.22521,0.1232,-0.48884,0.19971,0.73524,-0.10631,0.046696,0.48022,0.32721,-0.20832,-0.23382,-0.31033,-0.029808,0.50573,0.40372,0.58223,0.42922,0.27621,0.40372,0.1487,-0.25932,-0.48884,0.072198,0.55673,-0.28482,-0.36133,-0.10631,0.37822,0.1742,0.68424,0.60773,1.0413,0.27621,-0.43783,0.046696,0.1232,0.22521,-0.51434,-0.89686,-0.10631,0.30171,0.35272,0.40372,1.1178,0.30171,0.1487,0.1232,-0.004307,0.1232,0.25071,0.45472,0.42922,-0.23382,-0.38683,-0.31033,0.22521,0.1742,0.0977,0.0977,0.37822,0.53123,0.40372,-0.05531,-0.080812,-0.38683,0.91375,0.35272,-0.15732,0.37822,0.35272,0.021195,0.072198,-0.23382,-0.20832,-0.33583,-0.41233,-0.080812,0.1232,2.3163,1.1688,0.072198,-0.38683,-0.92237,0.1232,-0.05531,-0.23382,0.35272,0.37822,-0.080812,0.42922,0.65874,0.68424,0.22521,-0.28482,-0.59084,-0.48884,-0.28482,-0.43783,-0.41233,0.021195,2.7244,-0.20832,0.88825,0.50573,-0.28482,-0.92237,1.3983,0.30171,-0.48884,-0.46334,0.0977,-0.05531,-0.38683,-0.20832,0.58223,0.65874,-0.13181,0.0977,0.78624,1.0158,1.2708,0.58223,-0.23382,-0.33583,-0.31033,-0.48884,-1.5089,0.78624,1.3983,0.1487,-0.029808,-1.0244,0.76074,0.60773,-0.05531,-0.33583,-0.69285,-0.38683,0.78624,0.45472,-0.28482,0.42922,0.37822,0.42922,-0.18282,-0.13181,0.22521,1.0158,0.55673,0.58223,0.19971,0.93925,-0.080812,-1.2029,-1.1009,-0.15732,0.046696,0.50573,0.37822,0.58223,0.45472,0.32721,0.48022,0.45472,0.072198,0.021195,0.45472,-0.10631,-0.029808,0.1487,-0.36133,-0.28482,-0.13181,1.6788,-0.31033,-0.05531,1.3983,0.58223,0.1232,-0.080812,-0.38683,-0.23382,0.0977,-0.15732,-0.31033,0.42922,0.1487,0.53123,0.42922,0.42922,-0.71835,0.32721,1.1178,0.30171,0.1487,-0.20832,-0.33583,0.19971,0.50573,0.1742,-0.080812,0.30171,0.32721,0.0977,-0.31033,-0.64185,-0.13181,1.2963,0.40372,-0.38683,-0.25932,0.60773,1.6278,0.73524,-0.82036,-0.38683,0.22521,0.1487,-0.28482,0.53123,0.22521,-0.41233,0.35272,0.1232,0.0977,0.32721,0.93925,-0.080812,0.22521,0.35272,-0.76936,-1.0499,0.91375,1.0668,0.27621,-0.05531,-0.46334,0.072198,0.19971,0.19971,0.1742,0.30171,0.19971,0.60773,0.046696,-0.20832,-0.36133,0.25071,0.22521,0.072198,-0.13181,0.42922,1.1688,0.42922,-0.05531,0.072198,-0.13181,-0.13181,-1.0244,1.3218,0.68424,-0.15732,-0.18282,0.046696,-0.15732,0.25071,-0.33583,-0.10631,0.25071,0.73524,0.68424,0.50573,0.45472,1.3983,-0.56534,-0.89686,-0.48884,-0.28482,0.1232,0.55673,0.30171,0.1232,0.1742,0.072198,-0.20832,-0.23382,0.35272,0.021195,0.93925,0.78624,0.55673,-0.18282,-0.28482,-0.004307,-0.004307,-0.13181,-0.080812,0.27621,0.072198,0.22521,0.021195,0.19971,0.25071,0.45472,0.42922,0.53123,0.021195,-0.20832,0.1742,0.19971,0.35272,-0.41233,0.58223,0.42922,-2.427,0.93925,0.1232,-0.080812,0.70974,0.58223,0.27621,0.0977,-0.080812,0.021195,-0.23382,-0.004307,0.19971,0.1742,0.48022,0.30171,0.60773,0.78624,0.53123,-0.23382,-1.0244,-0.56534,-0.18282,0.53123,0.45472,0.37822,-0.13181,-0.029808,0.60773,0.53123,0.45472,-0.15732,-0.36133,0.1487,0.50573,-0.13181,-0.25932,0.48022,0.73524,-0.13181,-0.13181,-0.20832,-0.43783,0.88825,0.48022,0.1742,0.27621,-0.13181,0.60773,0.48022,0.021195,-0.28482,0.1232,0.37822,-0.20832,0.046696,0.021195,0.021195,0.91375,0.25071,0.072198,0.0977,0.021195,-0.23382,0.19971,0.25071,0.22521,0.0977,0.27621,0.0977,0.25071,-0.080812,0.046696,0.30171,-0.080812,-0.13181,0.25071,0.1487,-0.20832,1.0668,0.63323,-0.28482,-0.05531,-0.61635,1.4493,0.40372,-0.28482,-0.61635,-0.20832,0.42922,-0.20832,0.1232,0.1742,0.1487,0.37822,0.32721,-0.029808,-0.87136,0.63323,0.35272,0.19971,0.1232,0.86275,0.53123,-0.10631,-0.38683,0.32721,0.1487,0.60773,0.1487,-0.76936,-0.66735,0.30171,0.63323,0.22521,-0.89686,-0.36133,1.0923,1.5003,1.2453,0.19971,-0.69285,-0.76936,-0.20832,-0.10631,0.1232,0.1742,1.6533,1.0158,-0.64185,0.40372,0.37822,-0.48884,-1.3049,0.22521,0.81175,0.86275,0.40372,0.19971,-0.69285,-0.82036,0.35272,-0.05531,-0.51434,0.37822,1.0413,1.0158,1.0668,0.63323,-0.20832,-1.6619,-0.13181,-0.28482,-0.15732,0.1232,0.60773,0.22521,0.53123,0.55673,0.37822,0.021195,0.60773,0.25071,-0.10631,-0.41233,-0.31033,0.27621,0.19971,0.37822,0.96476,-0.080812,0.45472,-0.31033,-0.25932,-0.53984,-0.38683,0.30171,0.1742,0.73524,0.27621,1.9083,0.1742,-0.66735,-0.13181,-0.05531,0.40372,-0.029808,-0.51434,-0.48884,0.021195,0.22521,0.1232,0.27621,0.73524,0.86275,0.1742,-0.25932,0.63323,-0.20832,-0.28482,-0.080812,-0.61635,0.96476,1.1433,0.1487,-0.89686,-0.59084,-0.004307,0.1742,-0.41233,1.0413,0.76074,0.27621,-0.05531,0.27621,0.65874,0.32721,0.50573,-0.13181,-0.66735,-0.76936,-0.43783,0.046696,0.32721,0.32721,0.93925,1.0923,0.93925,0.1742,-0.25932,-0.43783,-0.33583,-0.43783,0.53123,0.40372,-0.10631,0.046696,-0.029808,0.021195,0.27621,0.81175,0.60773,0.1487,-0.080812,-0.15732,-0.25932,0.0977,0.1487,0.1487,-0.36133,0.81175,0.32721,0.19971,-0.05531,0.1487,0.60773,1.2198,-0.18282,-0.38683,-0.59084,-0.31033,-0.18282,-1.3304,0.50573,0.91375,0.76074,0.96476,0.65874,0.22521,-0.18282,-0.46334,-0.38683,-0.28482,0.32721,0.53123,0.27621,0.1742,0.046696,0.072198,0.1487,0.19971,-0.080812,0.072198,0.046696,0.91375,0.53123,-0.20832,-0.15732,0.19971,-0.13181,-0.080812,-0.029808,0.1487,0.27621,-0.25932,-0.46334,0.1487,1.1433,0.83725,0.42922,-0.43783,-0.43783,0.53123,0.68424,0.1487,0.072198,-0.46334,-0.28482,-0.13181,0.19971,0.27621,0.45472,0.30171,0.072198,0.42922,0.35272,0.1487,0.046696,0.50573,-0.004307,-0.15732,-0.05531,0.45472,0.35272,-0.10631,0.48022,-0.15732,0.072198,-0.080812,-0.33583,-0.51434,0.021195,0.53123,0.30171,0.48022,0.37822,0.96476,0.83725,0.19971,-0.51434,-0.15732,-0.97337,0.99026,0.19971,-0.080812,-0.004307,-0.080812,-0.004307,0.0977,0.32721,-0.080812,0.19971,0.35272,0.32721,0.35272,0.27621,0.1232,0.1487,0.48022,0.35272,-0.28482,0.68424,-0.56534,-0.76936,-0.61635,0.30171,0.78624,0.86275,0.32721,-0.004307,-0.28482,-0.69285,0.30171,0.55673,0.48022,0.99026,0.45472,0.32721,0.021195,-0.20832,-0.28482,-0.13181,0.1742,0.021195,0.046696,0.0977,0.19971,-0.029808,0.0977,0.63323,0.81175,0.021195,-0.18282,-0.15732,-0.10631,0.1742,0.45472,1.0668,0.48022,-0.05531,-0.004307,-0.38683,-0.74385,-0.23382,0.22521,1.1178,0.25071,0.1487,0.1742,0.0977,-0.20832,-0.20832,0.22521,0.40372,0.27621,0.1487,0.1742,-0.43783,0.70974,0.046696,0.53123,-0.10631,-0.10631,0.27621,-0.48884,0.73524,0.32721,-0.25932,-0.33583,-0.080812,-0.25932,0.93925,0.73524,-0.05531,0.046696,-0.004307,0.42922,0.40372,0.32721,0.32721,-0.080812,-0.10631,0.1232,-0.080812,-0.15732,0.30171,0.35272,0.37822,-0.53984,0.25071,0.32721,0.50573,-0.53984,0.68424,0.40372,0.021195,0.1487,0.046696,0.35272,0.19971,0.25071,-0.59084,-0.38683,-0.004307,0.1742,0.072198,0.55673,0.73524,0.55673,0.35272,-0.38683,-0.029808,0.76074,0.48022,-0.23382,-0.61635,0.072198,-0.05531,0.37822,0.40372,-0.13181,0.072198,0.81175,0.22521,0.30171,0.1232,-0.36133,-0.18282,-0.31033,-0.33583,0.1742,0.63323,0.63323,0.32721,0.37822,0.42922,0.22521,0.19971,-0.05531,-0.28482,0.1487,-0.004307,-0.33583,-0.004307,0.45472,0.73524,0.48022,0.40372,-0.029808,-0.20832,0.046696,-0.38683,0.42922,-0.20832,-0.18282,0.021195,-0.05531,0.35272,0.58223,0.0977,0.91375,0.27621,0.19971,0.1742,-0.029808,0.0977,-0.080812,0.22521,0.021195,0.072198,0.1232,0.021195,-0.080812,-0.10631,-0.10631,0.63323,0.53123,0.37822,0.30171,0.25071,0.1232,0.1487,0.046696,-0.080812,-0.36133,0.0977,-0.004307,0.021195,-0.004307,0.32721,-0.15732,1.0413,0.60773,0.27621,-0.31033,0.1232,0.50573,0.19971,-0.31033,-0.64185,0.53123,-0.31033,-0.20832,0.1232,0.27621,0.53123,0.48022,0.27621,0.1232,0.1742,0.40372,-0.029808,0.1232,-0.15732,0.30171,0.40372,-0.080812,-0.20832,-0.05531,0.1742,0.1742,0.37822,0.40372,0.22521,-0.15732,-0.004307,-0.18282,0.27621,0.63323,0.35272,0.046696,-0.13181,0.1487,0.40372,-0.004307,-0.33583,-0.20832,-0.029808,0.48022,0.27621,0.072198,0.50573,0.22521,0.046696,0.22521,0.0977,-0.23382,-0.004307,0.55673,1.0668,-0.029808,-0.51434,-0.25932,-0.20832,0.046696,-0.33583,-0.004307,0.35272,0.63323,0.60773,0.40372,0.22521,-0.28482,-0.080812,0.25071,-0.46334,0.70974,0.37822,-0.004307,-0.18282,0.27621,-0.25932,0.37822,0.1742,0.0977,-0.029808,-0.23382,0.30171,0.25071,0.1232,0.021195,0.42922,-0.05531,0.88825,0.40372,-0.004307,0.1742,0.42922,0.1742,-0.18282,-0.61635,-0.48884,0.1487,0.53123,0.32721,0.25071,0.78624,-0.004307,0.072198,0.19971,-0.13181,-0.10631,0.27621,0.63323,-0.029808,-0.23382,-0.029808,0.50573,0.1232,-0.13181,0.072198,-0.029808,0.27621,0.0977,-0.15732,0.25071,0.1487,-0.10631,0.046696,0.37822,0.1742,-0.10631,0.19971,0.55673,0.27621,0.1232,0.1232,0.072198,0.0977,0.1232,0.48022,-0.029808,-0.004307,0.046696,0.32721,-0.029808,-0.080812,0.27621,0.53123,0.1487,0.046696,0.021195,0.046696,0.60773,0.0977,0.22521,-0.004307,-0.10631,0.25071,0.22521,0.1232,-0.080812,-0.004307,-0.31033,0.73524,0.70974,0.22521,0.046696,0.37822,0.22521,-0.05531,-0.25932,-0.18282,-0.05531,0.1232,0.42922,0.50573,0.32721,0.35272,-0.004307,-0.18282,0.1487,0.27621,0.58223,0.40372,0.1487,-0.080812,-0.15732,-0.33583,0.046696,0.37822,0.68424,0.072198,-0.25932,-0.23382,0.0977,-0.48884,0.68424,0.45472,0.73524,0.0977,0.88825,0.1487,-0.43783,-0.029808,-0.080812,0.072198,0.1232,0.19971,0.1742,0.072198,-0.15732,0.1742,0.25071,-0.080812,1.0668,0.45472,-0.36133,0.046696,0.27621,0.60773,0.22521,-0.31033,-0.59084,-0.23382,0.37822,0.072198,0.1487,-0.004307,0.1232,0.25071,0.40372,0.45472,0.27621,0.30171,-0.23382,-0.05531,0.1232,0.27621,-0.43783,-0.51434,0.35272,0.40372,0.0977,0.58223,0.40372,0.48022,-0.10631,-0.46334,-0.25932,0.1742,0.30171,0.27621,0.48022,0.19971,0.30171,-0.10631,-0.10631,-0.28482,0.1487,0.48022,0.60773,0.1232,0.021195,0.1232,0.1742,0.19971,-0.25932,-0.36133,-0.10631,0.30171,0.53123,0.40372,-0.029808,-0.28482,0.30171,0.63323,0.25071,-0.029808,0.046696,0.22521,0.0977,-0.029808,0.19971,0.1742,0.072198,0.22521,0.68424,-0.13181,-0.080812,-0.05531,0.35272,-0.18282,0.53123,0.27621,-0.13181,-0.080812,-0.15732,0.1232,0.78624,0.65874,0.021195,-0.080812,0.30171,0.0977,0.072198,0.0977,-0.31033,-0.20832,0.072198,0.0977,0.32721,0.27621,0.1742,0.32721,0.22521,0.1487,0.19971,0.19971,-0.080812,-0.61635,-0.13181,-0.18282,0.30171,0.32721,0.83725,0.50573,1.2963,0.55673,-0.23382,-0.76936,-0.66735,-0.36133,-0.28482,-0.10631,0.1487,0.81175,0.83725,0.58223,0.63323,0.072198,0.072198,-0.23382,-0.56534,-0.51434,-0.004307,0.76074,0.30171,0.1487,-0.13181,-0.13181,-0.18282,0.42922,-0.23382,1.6278,0.35272,-0.28482,-0.18282,-0.28482,-0.004307,-0.18282,0.37822,-0.15732,-0.33583,0.32721,0.58223,1.0158,0.1742,-0.13181,-0.10631,-0.13181,0.25071,-0.28482,0.42922,0.68424,1.3218,0.22521,0.1742,-0.46334,-0.46334,-0.36133,-0.33583,-0.28482,0.046696,0.35272,0.55673,0.48022,0.53123,0.19971,0.1742,-0.029808,0.55673,0.65874,0.0977,-0.18282,-0.15732,-0.05531,-0.13181,-0.18282,0.046696,0.27621,-0.48884,0.91375,1.1943,0.60773,-0.33583,-0.20832,0.35272,0.0977,-0.25932,-0.51434,0.046696,0.50573,0.53123,0.25071,-0.029808,0.1742,0.48022,0.50573,0.22521,-0.004307,-0.69285,-0.20832,0.27621,0.48022,-0.004307,0.22521,0.22521,0.45472,0.37822,-0.36133,0.25071,0.1232,-0.004307,-0.48884,0.1742,0.55673,0.25071,-0.31033,-0.28482,0.55673,1.2453,0.45472,-0.13181,0.1742,0.046696,0.046696,-0.38683,-0.33583,-0.13181,0.27621,0.1232,0.42922,0.96476,0.55673,0.35272,0.37822,0.45472,-0.23382,-0.38683,-0.36133,-0.18282,0.021195,0.22521,0.22521,0.046696,0.58223,0.60773,1.2963,0.1232,-0.38683,-0.43783,-0.13181,0.0977,-0.10631,0.22521,0.021195,0.1232,0.1742,0.27621,0.19971,0.48022,0.53123,0.22521,-0.23382,-0.10631,-0.004307,0.021195,0.42922,0.32721,0.42922,0.37822,0.42922,0.046696,-0.71835,-0.69285,-0.15732,0.37822,0.32721,0.25071,0.19971,0.37822,0.58223,0.27621,0.021195,0.65874,0.021195,-0.28482,0.35272,0.45472,0.0977,-0.10631,-0.25932,-0.080812,-0.18282,-0.20832,-0.080812,0.0977,1.3473,0.48022,-0.004307,-0.53984,0.0977,0.76074,1.2198,0.046696,-0.41233,0.072198,-0.15732,-0.080812,-0.38683,0.0977,0.63323,0.55673,0.1742,0.1742,0.1487,-0.004307,0.48022,0.25071,0.40372,-0.25932,-0.080812,-0.10631,0.021195,0.55673,0.40372,-0.029808,0.021195,0.1487,0.0977,-0.36133,-0.28482,0.83725,0.22521,0.22521,0.42922,0.78624,-0.05531,-0.23382,-0.05531,0.1232,0.30171,0.22521,0.1232,-0.74385,0.53123,0.48022,0.32721,-0.41233,0.65874,0.50573,-0.029808,-0.33583,0.37822,-0.10631,-0.20832,-0.59084,0.37822,0.58223,0.42922,0.68424,0.22521,-0.23382,0.1487,0.0977,0.76074,0.32721,0.27621,-0.080812,-0.38683,-0.05531,0.27621,0.072198,-0.25932,0.1232,0.42922,0.30171,0.046696,-0.10631,0.25071,0.42922,0.22521,0.22521,0.50573,0.53123,0.32721,-0.38683,-0.33583,-0.20832,-0.20832,0.1487,0.32721,0.37822,0.60773,0.48022,0.1487,-0.004307,-0.10631,0.072198,0.35272,-0.28482,-0.080812,0.25071,0.1232,0.046696,0.32721,0.25071,0.60773,0.046696,-0.05531,-0.59084,-0.28482,0.046696,0.50573,0.25071,0.48022,0.73524,0.60773,0.0977,0.1232,-0.28482,0.42922,-0.28482,-0.41233,0.73524,0.19971,0.22521,0.53123,0.25071,-0.28482,-0.10631,-1.0499,0.86275,0.68424,0.046696,-0.05531,-0.004307,0.35272,0.55673,0.40372,-0.33583,-0.38683,-0.13181,0.27621,0.48022,0.68424,0.73524,0.83725,-0.28482,-0.87136,-0.56534,0.1232,-0.029808,-0.029808,0.021195,0.55673,1.0413,0.60773,-0.20832,-0.25932,0.30171,0.40372,0.1742,-0.23382,-0.10631,-0.53984,0.48022,1.2453,0.35272,-0.41233,-0.48884,-0.28482,1.0923,0.65874,0.22521,0.1742,-0.28482,-0.46334,-0.38683,0.1232,0.93925,0.58223,-0.080812,0.021195,0.30171,-0.029808,0.19971,0.1742,0.53123,0.30171,0.072198,-0.20832,-0.13181,0.1232,0.072198,-0.53984,0.65874,0.65874,0.32721,0.021195,0.22521,0.50573,0.27621,-0.10631,-0.41233,-0.43783,-0.05531,0.046696,0.30171,0.50573,0.68424,0.53123,0.65874,-0.10631,-0.31033,0.32721,0.53123,-0.31033,-0.31033,-0.28482,-0.33583,-0.05531,0.42922,1.2453,0.42922,-0.080812,-0.69285,0.50573,0.35272,-0.029808,0.021195,0.50573,0.53123,0.22521,0.19971,0.27621,-0.18282,-0.61635,-0.48884,-0.18282,0.32721,0.53123,-0.05531,-0.25932,0.53123,1.2453,0.76074,0.55673,0.0977,-0.080812,0.1742,-0.05531,-0.20832,-0.33583,-0.36133,0.0977,0.22521,0.072198,0.1742,0.19971,0.021195,0.1742,0.60773,0.96476,0.99026,-0.36133,-0.43783,-0.25932,-0.15732,-0.38683,0.1487,0.48022,0.19971,0.072198,0.50573,0.32721,0.1487,-0.10631,0.19971,0.42922,0.30171,0.22521,-0.46334,-0.36133,0.046696,0.021195,-0.20832,0.78624,0.93925,0.22521,0.021195,-0.004307,0.48022,-0.20832,-0.41233,-0.28482,0.1487,0.35272,-0.080812,-0.029808,0.27621,0.63323,0.83725,0.65874,0.072198,0.021195,-0.004307,-0.13181,0.1232,-0.18282,-0.080812,-0.004307,0.37822,0.1487,0.35272,0.60773,0.1232,-0.41233,-0.029808,0.73524,0.22521,-0.15732,-0.15732,-0.05531,0.072198,0.30171,0.40372,0.53123,0.1742,0.0977,0.19971,0.22521,-0.10631,-0.25932,0.021195,-0.080812,-0.18282,0.1232,0.37822,0.93925,0.19971,-0.05531,0.25071,0.42922,0.25071,-0.080812,-0.15732,0.22521,0.60773,-0.38683,-0.87136,-0.28482,0.63323,0.53123,0.32721,0.60773,0.32721,0.0977,0.32721,0.072198,0.021195,-0.23382,-0.48884,-0.61635,-0.15732,0.19971,0.65874,0.63323,0.73524,0.30171,0.42922,-0.05531,-0.38683,-0.10631,0.32721,0.40372,0.0977,0.35272,0.1487,0.22521,-0.029808,-0.13181,-0.029808,0.046696,0.0977,0.19971,0.83725,1.0668,0.37822,-0.20832,-0.56534,-0.080812,-0.080812,0.55673,-0.004307,-0.31033,-0.18282,0.30171,0.37822,0.1742,0.83725,1.5768,0.37822,-0.31033,-0.41233,-0.33583,-0.51434,0.021195,0.19971,0.35272,0.50573,0.1742,0.0977,0.42922,0.53123,0.63323,-0.10631,-0.74385,-0.20832,0.19971,0.072198,0.22521,0.91375,0.22521,-0.20832,-0.10631,-0.20832,0.45472,0.22521,0.63323,-0.004307,-0.004307,-0.004307,0.1742,0.0977,0.45472,0.37822,0.25071,-0.28482,-0.33583,-0.05531,0.19971,0.072198,0.22521,0.68424,0.63323,0.45472,-0.10631,-0.28482,-0.18282,0.37822,0.072198,0.046696,-0.05531,0.072198,0.22521,0.55673,0.70974,-0.05531,0.046696,-0.080812,0.19971,0.046696,0.046696,0.32721,0.1742,0.22521,0.63323,-0.029808,-0.13181,-0.38683,-0.33583,0.32721,0.42922,0.65874,0.1742,0.1742,0.046696,0.22521,-0.10631,-0.20832,0.072198,0.40372,0.072198,-0.004307,0.046696,0.1232,0.0977,0.046696,0.48022,0.37822,0.60773,0.046696,-0.13181,-0.13181,-0.080812,-0.029808,0.42922,0.53123,-0.20832,-0.15732,-0.38683,-0.18282,0.50573,0.86275,0.27621,0.50573,0.1742,-0.74385,0.27621,0.37822,0.48022,0.32721,-0.18282,-0.48884,-0.51434,0.1232,0.81175,0.25071,-0.10631,0.35272,0.40372,0.072198,0.1487,0.0977,0.30171,0.021195,-0.029808,-0.18282,0.25071,0.83725,0.58223,0.0977,-0.56534,0.30171,-0.13181,-0.20832,-0.36133,0.021195,-0.080812,0.32721,-0.13181,0.48022,0.60773,0.68424,0.42922,0.35272,-0.10631,-0.41233,-0.029808,0.45472,0.1487,-0.28482,0.046696,0.50573,0.60773,0.63323,0.046696,-0.61635,-1.1264,0.35272,1.1688,-0.004307,-0.23382,-0.080812,0.021195,0.0977,0.55673,0.70974,0.22521,0.046696,0.37822,0.046696,-0.20832,0.1232,0.27621,0.27621,-0.33583,-0.029808,-0.080812,0.60773,0.45472,0.30171,0.046696,-0.080812,0.1232,-0.080812,-0.18282,-0.029808,0.072198,0.32721,0.88825,0.48022,0.0977,0.37822,0.60773,0.046696,-0.64185,-0.64185,-0.36133,0.32721,0.96476,0.63323,0.25071,-0.029808,-0.004307,0.0977,0.27621,0.072198,-0.61635,0.55673,0.53123,0.1742,0.48022,0.072198,-0.029808,0.0977,-0.05531,0.1232,0.30171,0.1742,0.1232,0.1232,0.1742,0.40372,-0.18282,-0.20832,0.42922,0.55673,-0.18282,0.0977,0.021195,0.30171,0.19971,0.1487,-0.15732,-0.004307,-0.004307,0.30171,0.27621,-0.05531,0.27621,0.63323,0.22521,-0.004307,-0.080812,0.1232,0.27621,0.45472,0.19971,-0.18282,-0.28482,-0.13181,-0.004307,0.021195,0.42922,0.63323,0.40372,0.1487,-0.13181,0.1742,0.37822,0.1487,-0.38683,0.25071,0.37822,0.37822,-0.004307,0.021195,-0.080812,-0.05531,-0.18282,0.27621,0.0977,1.0413,0.25071,-0.080812,-0.05531,0.35272,-0.10631,-0.080812,0.1487,0.1487,0.22521,0.1232,0.48022,0.60773,0.072198,-0.18282,-0.080812,0.40372,0.1487,0.072198,0.42922,0.1232,-0.18282,-0.28482,-0.23382,-0.10631,0.48022,0.76074,0.35272,0.25071,0.63323,0.63323,-0.080812,-0.36133,0.27621,-0.13181,0.1232,-0.15732,-0.23382,0.1487,-0.23382,0.046696,0.53123,1.3983,-0.05531,-0.25932,-0.43783,-0.36133,0.37822,0.91375,0.27621,0.046696,0.35272,0.0977,-0.004307,-0.15732,0.1487,0.072198,0.50573,0.021195,-0.080812,-0.029808,0.25071,0.68424,0.42922,0.072198,-0.18282,-0.080812,-0.05531,0.30171,0.48022,0.37822,-0.28482,-0.48884,0.32721,0.35272,-0.23382,0.22521,0.22521,0.1232,0.63323,0.45472,0.22521,-0.029808,0.1232,0.48022,-0.004307,-0.23382,-0.20832,-0.31033,0.0977,0.50573,0.35272,0.53123,0.32721,0.072198,-0.41233,-0.43783,0.55673,0.96476,-0.28482,-0.43783,0.55673,0.42922,-0.05531,0.32721,0.22521,0.45472,0.55673,0.19971,-0.31033,-0.41233,0.0977,0.37822,0.1487,-0.38683,0.35272,0.40372,0.072198,0.42922,0.42922,0.42922,-0.080812,-0.43783,-0.41233,-0.18282,0.046696,0.45472,0.53123,0.37822,0.58223,0.046696,-0.004307,0.19971,0.1742,0.1232,0.50573,-0.029808,0.48022,0.27621,-0.33583,-0.18282,-0.15732,0.40372,0.25071,0.0977,-0.28482,0.68424,1.1178,-0.05531,-0.28482,0.1232,0.19971,0.25071,-0.080812,0.1742,0.35272,-0.004307,0.1742,0.1487,-0.31033,1.0413,1.0413,0.27621,0.42922,-0.10631,-0.48884,-0.080812,0.42922,-0.004307,-0.33583,-0.36133,0.22521,0.58223,0.53123,0.22521,-0.004307,0.1487,0.021195,-0.10631,0.1232,-0.029808,-0.029808,0.55673,1.2708,0.91375,-0.31033,-0.46334,-0.43783,-0.15732,0.1232,-0.004307,-0.38683,0.40372,0.86275,0.88825,-0.05531,-0.10631,-0.31033,-0.13181,0.27621,0.30171,0.68424,0.19971,-0.05531,-0.13181,-0.13181,-0.20832,-0.13181,0.99026,0.40372,-0.029808,-0.33583,-0.15732,0.021195,0.50573,0.53123,-0.38683,0.32721,0.42922,0.1487,0.0977,0.22521,0.58223,0.37822,-0.004307,-0.33583,-0.28482,-0.080812,0.35272,-0.080812,0.40372,0.27621,-0.13181,-0.18282,0.35272,0.78624,0.93925,-0.25932,-0.28482,-0.20832,0.1742,-0.004307,0.25071,0.42922,0.30171,-0.20832,-0.20832,0.32721,0.37822,0.40372,-0.15732,-0.25932,0.1487,0.45472,0.1742,0.25071,0.1232,0.072198,0.0977,0.30171,0.1232,-0.080812,-0.64185,-0.15732,0.58223,0.96476,0.046696,-0.004307,0.021195,0.42922,0.22521,0.22521,-0.004307,-0.004307,-0.05531,-0.46334,0.83725,0.40372,0.25071,0.32721,0.32721,-0.23382,-0.004307,0.22521,0.1742,0.021195,0.22521,0.73524,0.60773,0.072198,-0.66735,-0.59084,-0.31033,-0.004307,0.55673,1.0158,0.60773,0.021195,-0.080812,-0.15732,-0.080812,0.1487,0.25071,0.1742,0.19971,0.1232,0.45472,-0.029808,-0.080812,0.35272,0.73524,-0.029808,-0.10631,-0.20832,-0.15732,0.021195,0.19971,0.30171,0.021195,-0.004307,0.22521,0.32721,0.40372,0.22521,0.35272,-0.004307,0.0977,0.1487,0.22521,-0.69285,0.93925,0.65874,-0.10631,-0.23382,0.021195,-0.13181,-0.080812,-0.080812,-0.004307,0.25071,0.50573,0.25071,0.22521,0.25071,0.0977,0.22521,0.60773,0.42922,0.25071,-0.43783,-0.33583,-0.10631,0.27621,0.046696,0.072198,-0.004307,-0.080812,0.45472,0.58223,1.0158,0.40372,-0.23382,-0.20832,-0.41233,-0.18282,0.021195,0.0977,0.55673,0.68424,0.37822,-0.10631,-0.029808,0.021195,0.1742,0.42922,0.37822,-0.25932,-0.51434,-0.25932,0.60773,0.48022,0.0977,-0.38683,0.072198,-0.61635,1.0413,0.83725
0.1742,0.19971,0.1487,0.19971,0.1487,0.072198,0.072198,0.072198,0.1487,0.22521,0.22521,0.27621,0.19971,0.0977,0.1232,-0.004307,0.072198,0.1742,0.32721,0.27621,0.1487,0.19971,0.072198,0.021195,0.021195,0.072198,0.0977,0.1232,0.30171,0.27621,0.30171,0.1742,0.1232,0.021195,0.046696,0.021195,0.0977,0.1232,0.27621,0.25071,0.22521,0.1742,0.046696,0.046696,0.072198,0.0977,0.1742,0.19971,0.30171,0.19971,0.1487,0.1232,0.0977,0.0977,0.072198,0.072198,0.1487,0.22521,0.19971,0.1487,0.1742,0.1487,0.1232,0.0977,0.1742,0.1232,0.1232,0.19971,0.19971,0.1742,0.1742,0.0977,0.1232,0.0977,0.1487,0.0977,0.1232,0.1742,0.25071,0.1487,0.25071,0.1742,0.22521,0.1742,0.072198,0.072198,0.021195,0.072198,0.22521,0.27621,0.19971,0.0977,0.1232,0.1487,0.072198,0.021195,-0.004307,0.1487,0.30171,0.19971,0.1232,0.19971,0.0977,0.1742,0.072198,-0.029808,0.021195,0.1742,0.27621,0.22521,0.1232,0.1487,0.19971,0.1487,0.1232,0.046696,0.046696,0.0977,0.22521,0.25071,0.27621,0.1742,0.1487,0.072198,0.0977,0.046696,0.072198,0.1742,0.27621,0.19971,0.22521,0.1232,0.1232,0.0977,0.19971,0.046696,0.0977,0.0977,0.1487,0.1232,0.19971,0.1742,0.19971,0.1232,0.072198,-0.029808,0.0977,0.22521,0.19971,0.22521,0.1232,0.1742,0.0977,0.1232,0.1487,0.072198,0.0977,0.072198,0.1232,0.19971,0.22521,0.22521,0.19971,0.046696,0.0977,0.072198,0.19971,0.1742,0.1742,0.1232,0.1232,0.072198,0.046696,0.0977,0.072198,0.22521,0.1742,0.072198,0.0977,-0.004307,0.25071,0.50573,0.25071,0.021195,-0.004307,0.1232,0.021195,0.0977,0.1232,0.0977,-0.13181,0.021195,0.60773,0.50573,0.55673,-0.080812,-0.25932,-0.36133,0.1487,-0.15732,0.021195,0.25071,0.27621,0.19971,0.046696,0.27621,-0.080812,0.50573,-0.10631,-0.080812,-0.05531,0.58223,-0.59084,0.78624,-1.0499,0.63323,2.7244,2.3163,-3.3195,-3.9316,4.6625,1.5513,0.1232,-8.3688,8.0032,8.2072,-2.7075,-9.7459,-1.4579,-3.1155,0.55673,0.88825,3.4384,3.7699,-0.79486,-0.53984,-0.080812,-2.682,3.1834,9.0998,-0.74385,-4.9006,-4.4416,-1.3049,1.8573,0.42922,1.8318,9.7628,1.1688,-5.5382,-13.316,1.7553,9.5588,-0.74385,-2.8095,-0.38683,1.8828,1.9338,0.73524,0.32721,0.93925,-2.784,-4.2121,2.7244,1.1433,-1.4069,3.9994,4.6115,1.5768,-1.8149,-1.0499,-0.59084,-1.9679,2.3673,-0.31033,-1.1519,-0.82036,-0.20832,0.1232,-0.004307,-0.38683,1.3983,5.096,1.0668,-1.1264,-4.1611,2.7499,1.7043,-2.427,2.0358,-0.05531,-0.43783,-0.89686,-2.682,0.021195,1.6023,1.3983,0.37822,-0.20832,0.40372,0.60773,0.32721,-0.36133,-0.33583,0.40372,0.50573,0.35272,-0.15732,-0.004307,-0.25932,0.27621,0.1232,0.78624,0.0977,-0.43783,-0.23382,0.58223,0.53123,0.58223,-0.20832,-0.76936,-0.59084,-0.18282,0.65874,0.63323,0.53123,0.19971,0.046696,-0.33583,0.19971,0.42922,-0.080812,0.32721,1.5768,0.55673,-0.13181,-0.51434,0.58223,0.68424,-0.15732,-1.2284,-1.3559,-0.38683,-0.05531,0.40372,0.93925,0.45472,0.32721,0.73524,0.48022,0.58223,0.70974,0.58223,-0.48884,0.046696,-0.25932,-0.28482,0.37822,0.88825,0.0977,-1.2539,-0.10631,0.30171,0.86275,-0.36133,0.55673,2.3418,1.6023,-0.43783,-0.82036,-1.2029,-1.2029,-0.43783,0.88825,-0.31033,0.55673,0.70974,-0.080812,0.072198,0.25071,1.1178,1.1688,1.1178,0.1742,-0.92237,0.046696,0.81175,0.91375,0.30171,-0.28482,-0.56534,-0.87136,-1.0244,-0.51434,-0.20832,0.50573,0.0977,0.072198,0.1742,0.99026,1.3473,-0.20832,0.48022,1.3728,0.1487,-0.64185,-0.48884,0.072198,0.50573,0.27621,-0.79486,-0.61635,0.32721,0.48022,0.40372,-0.029808,-0.89686,1.6023,1.0158,-0.18282,-0.080812,0.22521,0.60773,0.91375,-0.20832,-0.18282,-0.84586,-0.79486,0.072198,0.046696,0.68424,0.73524,0.58223,-0.87136,0.48022,0.37822,1.3473,1.5258,-3.3195,1.9083,0.22521,-0.05531,-1.0499,-1.4324,0.046696,1.1688,2.6989,-0.029808,-1.2284,-1.3559,-0.66735,0.072198,0.86275,0.50573,0.60773,0.32721,-0.38683,0.70974,2.1633,0.25071,-0.51434,-0.31033,-0.25932,-0.31033,-0.10631,0.40372,-0.080812,0.42922,1.2963,0.30171,-1.5089,-0.92237,0.0977,0.88825,0.78624,0.40372,0.19971,-0.15732,-0.20832,-0.74385,0.93925,0.93925,0.046696,-0.28482,1.0158,0.27621,-0.28482,-0.56534,-0.18282,1.0923,-0.25932,-0.43783,-0.33583,-0.92237,0.55673,0.19971,0.30171,-0.004307,1.7808,1.8573,0.1487,-0.69285,-0.28482,-0.66735,-3.5235,3.0814,1.7298,-1.2284,-1.3559,-0.10631,1.0158,0.32721,0.35272,0.93925,0.1487,-0.51434,-0.94787,0.45472,1.1688,0.37822,0.78624,0.63323,0.25071,-0.61635,-0.59084,-0.71835,-0.79486,0.22521,0.86275,0.53123,-0.64185,1.0668,0.73524,0.48022,0.021195,0.19971,0.91375,-0.31033,-0.43783,-0.84586,0.1487,0.83725,-0.004307,-0.18282,0.35272,1.2453,0.65874,0.58223,-0.48884,-0.92237,-0.69285,-0.13181,0.32721,0.19971,0.78624,1.5513,0.58223,-0.43783,-0.38683,-0.31033,0.53123,0.25071,-0.38683,-0.20832,0.50573,0.78624,0.63323,0.25071,-0.56534,-0.28482,0.021195,-0.64185,0.53123,1.2198,-0.10631,-0.28482,-0.33583,-0.004307,0.88825,0.83725,0.83725,-0.33583,-0.38683,-0.38683,0.1487,0.1232,-0.004307,0.30171,-0.28482,-0.36133,1.9338,0.45472,-0.05531,0.35272,0.91375,-0.029808,-0.56534,-0.66735,-1.1519,-0.61635,0.45472,-0.029808,0.99026,1.1433,0.48022,-0.28482,-0.31033,-0.10631,0.021195,0.53123,1.3728,1.2453,-0.43783,-0.51434,-0.76936,0.30171,-0.15732,-0.18282,0.0977,0.76074,0.32721,0.046696,-0.64185,-0.46334,-0.31033,0.60773,1.9338,0.42922,-0.029808,0.046696,-0.25932,0.32721,-0.10631,-0.59084,-0.66735,-0.23382,0.1742,0.37822,0.40372,0.45472,0.76074,0.53123,0.30171,0.046696,0.48022,0.73524,0.021195,-1.2029,-0.10631,0.68424,-0.28482,-0.38683,-0.36133,-0.004307,0.73524,0.27621,-0.004307,0.65874,1.0923,0.021195,0.072198,0.1487,-0.080812,-0.23382,-0.10631,0.1487,0.1232,0.27621,0.1232,0.37822,0.73524,-0.10631,-0.23382,0.30171,0.48022,-0.029808,-0.51434,0.32721,0.19971,0.072198,-0.74385,1.3983,0.30171,0.35272,0.19971,0.021195,-0.48884,-0.080812,0.88825,0.58223,-0.18282,-0.48884,-0.10631,0.42922,0.99026,1.6533,0.0977,-0.53984,-0.69285,-0.79486,-0.51434,0.0977,0.35272,0.30171,0.40372,0.60773,0.73524,0.1232,0.35272,0.42922,0.81175,0.37822,0.40372,-0.84586,-1.0244,-0.74385,-0.38683,0.60773,-0.10631,0.42922,0.83725,0.42922,-0.10631,0.1742,0.27621,0.68424,0.50573,-0.18282,-0.28482,-0.84586,0.021195,0.93925,0.70974,0.0977,-0.43783,-0.13181,0.86275,-0.080812,0.30171,0.50573,0.37822,0.046696,-0.31033,0.021195,-0.029808,0.046696,-0.28482,-0.080812,0.68424,0.1487,0.48022,0.91375,1.2708,0.53123,-1.1009,-1.5599,-0.97337,-0.080812,0.48022,0.60773,0.93925,0.50573,0.22521,0.1232,0.73524,-0.66735,0.86275,0.53123,-0.13181,0.072198,-0.004307,0.30171,-0.029808,-0.029808,-0.97337,0.1232,0.37822,0.73524,0.53123,0.072198,-0.20832,-0.31033,0.32721,0.91375,0.35272,-0.20832,-0.33583,-0.64185,0.22521,1.1433,0.48022,0.021195,0.1742,0.19971,0.42922,0.19971,-0.029808,-0.10631,0.1232,0.88825,-0.029808,-0.38683,-0.080812,0.021195,0.1742,-0.20832,-0.10631,0.021195,-0.080812,0.27621,0.30171,0.99026,0.37822,-0.004307,-0.31033,0.1487,-0.029808,-0.53984,0.63323,1.1688,-0.13181,0.0977,0.072198,-0.18282,-0.20832,-0.13181,-0.74385,0.45472,0.50573,-0.99887,1.8318,1.6278,-0.004307,-0.31033,0.021195,0.53123,-0.64185,0.65874,-0.36133,-0.71835,-0.89686,-1.2029,0.83725,0.1742,3.4639,1.1178,-0.41233,-1.4324,-1.2029,1.0923,1.3218,0.42922,-0.31033,-0.69285,-0.53984,-0.10631,-0.05531,0.27621,0.32721,0.35272,0.1232,1.0413,0.42922,0.81175,0.37822,-0.05531,-0.36133,-0.43783,-0.28482,-0.36133,-0.10631,0.48022,0.22521,-0.36133,-0.15732,0.1487,0.22521,0.27621,0.70974,0.68424,0.53123,0.0977,0.046696,-0.46334,-0.25932,0.046696,-0.23382,0.70974,1.0158,-0.080812,0.60773,0.42922,-0.18282,-0.23382,-1.1519,0.58223,0.1742,0.32721,0.63323,0.35272,0.55673,0.32721,-0.69285,-0.97337,-0.004307,0.81175,0.25071,-0.71835,1.6533,1.0413,0.37822,-0.004307,-0.66735,-0.15732,0.1487,-0.31033,-0.46334,-0.080812,0.22521,0.88825,1.1178,0.78624,0.32721,0.1232,0.1487,-0.13181,-0.38683,-0.05531,-0.080812,0.1742,-0.080812,0.1742,0.76074,0.58223,-0.15732,-0.38683,-0.080812,0.25071,-0.79486,0.99026,0.50573,-0.18282,0.27621,1.0413,1.2198,-0.28482,-1.1519,-0.05531,-1.0754,0.93925,0.78624,0.30171,0.1742,0.40372,0.42922,-0.080812,-0.84586,-1.2539,0.50573,0.83725,0.22521,0.55673,1.0158,0.81175,-0.15732,-0.43783,-0.46334,-0.029808,-0.10631,-1.1774,0.70974,0.42922,1.1433,0.55673,0.046696,-0.13181,0.37822,-0.71835,0.78624,-0.029808,0.19971,-0.15732,-0.20832,0.1742,0.55673,0.37822,-0.41233,-0.79486,0.60773,1.1688,0.021195,0.83725,0.63323,0.42922,-0.48884,-0.74385,-1.6364,0.25071,-0.25932,0.91375,1.1943,0.63323,0.93925,0.53123,0.37822,-0.23382,-0.59084,-1.5089,-0.05531,0.73524,1.1943,0.63323,-2.9625,2.9284,1.5258,-0.61635,-1.1519,-0.99887,-0.13181,0.1742,0.072198,-0.20832,0.45472,1.2963,1.5258,0.93925,0.1742,0.35272,0.53123,-0.36133,-0.82036,-0.71835,-0.84586,-0.48884,-0.92237,1.7043,0.78624,-0.13181,0.046696,-0.53984,0.83725,2.0358,0.021195,-0.18282,1.1178,0.63323,-0.080812,-0.13181,-0.61635,-0.53984,-0.79486,0.45472,0.27621,0.1487,-0.10631,0.046696,0.83725,0.91375,0.0977,-0.23382,-0.080812,0.1487,-0.18282,0.30171,0.60773,1.0923,0.30171,-0.28482,-0.23382,-0.10631,1.0413,-0.029808,-1.0754,-0.43783,1.6533,0.83725,-0.51434,-0.36133,0.1232,0.25071,0.27621,-0.13181,1.2453,-0.23382,-0.89686,-1.7639,0.83725,0.93925,1.0923,0.42922,1.2453,0.63323,0.48022,-0.20832,-0.48884,-0.53984,-0.33583,-0.080812,0.0977,0.22521,-0.029808,-0.004307,0.99026,0.83725,0.50573,-0.23382,-0.31033,0.60773,0.0977,0.48022,0.55673,0.0977,0.83725,0.53123,-0.31033,0.046696,0.021195,-0.38683,-0.74385,0.0977,0.40372,0.42922,-0.080812,-0.004307,1.7553,1.1688,0.1742,-0.029808,-0.18282,-0.25932,-0.18282,-0.23382,-0.10631,0.25071,-0.10631,0.63323,-0.69285,1.6533,0.1742,-0.31033,-0.48884,1.5513,0.60773,-0.53984,-0.31033,-0.43783,-0.029808,0.42922,0.22521,0.1487,0.32721,-0.46334,-1.0754,0.53123,0.55673,0.76074,0.60773,0.45472,-0.23382,-0.13181,0.072198,0.1487,-0.15732,0.19971,0.48022,0.50573,-0.31033,-0.43783,-0.28482,0.53123,0.27621,0.021195,0.1232,-0.13181,-0.05531,0.37822,0.63323,0.32721,0.30171,-0.05531,0.19971,0.27621,0.45472,-0.004307,-0.20832,-1.3814,0.91375,1.1433,-0.79486,0.63323,1.0668,0.68424,-0.59084,-0.87136,-0.92237,-0.64185,-0.05531,0.48022,0.65874,0.42922,0.42922,0.60773,0.81175,0.53123,-0.59084,-0.46334,0.27621,0.60773,0.68424,0.30171,-0.25932,-0.25932,-0.20832,0.1742,0.50573,0.021195,0.046696,0.19971,-0.10631,0.42922,0.45472,0.30171,-0.13181,0.1232,0.48022,0.1232,-0.28482,-0.080812,0.40372,-0.10631,0.88825,0.53123,-0.029808,0.42922,-0.61635,0.81175,0.27621,-0.25932,-0.10631,-0.05531,0.78624,-0.080812,-0.15732,-0.28482,-0.05531,0.021195,0.48022,0.32721,0.53123,0.42922,0.30171,0.27621,0.046696,0.32721,0.0977,0.27621,-0.28482,-0.31033,-0.20832,0.30171,0.48022,0.68424,0.22521,0.1232,0.046696,-0.004307,-0.029808,0.1232,0.1487,0.81175,0.70974,-0.13181,-0.38683,-0.13181,0.27621,-0.029808,0.1232,-0.080812,0.32721,0.40372,0.19971,-0.25932,-0.029808,-0.28482,-0.05531,0.70974,0.83725,0.1232,0.76074,0.30171,0.021195,0.072198,-0.36133,-0.66735,-0.46334,0.19971,0.45472,0.40372,0.53123,0.32721,0.19971,0.32721,0.021195,0.1487,0.27621,0.072198,-0.53984,0.76074,0.25071,-0.15732,-0.15732,0.35272,0.65874,0.48022,-0.28482,-0.56534,0.021195,0.25071,-0.004307,0.55673,0.53123,-0.10631,0.19971,0.22521,0.22521,0.35272,0.32721,0.072198,-0.029808,-0.20832,0.021195,-0.05531,0.27621,0.35272,-0.080812,-0.25932,0.55673,0.65874,-0.029808,0.32721,0.072198,-0.33583,0.83725,0.88825,-0.029808,-0.33583,-0.080812,0.021195,0.021195,-0.05531,-0.004307,0.021195,0.83725,0.19971,-0.13181,-0.15732,0.32721,0.68424,0.1487,-0.23382,0.021195,0.0977,-0.13181,-0.74385,0.27621,-0.13181,0.45472,0.40372,0.32721,0.021195,0.30171,0.35272,0.45472,-0.13181,-0.23382,-0.69285,-0.87136,1.0413,2.1888,0.37822,-0.18282,0.021195,0.22521,0.27621,0.1487,-0.15732,-0.33583,-0.080812,0.021195,0.19971,1.0923,-0.25932,-0.36133,-0.23382,0.0977,0.021195,0.48022,0.072198,0.58223,0.27621,0.96476,-0.080812,-1.2029,0.53123,0.81175,0.60773,-0.33583,-0.64185,-0.004307,0.53123,0.22521,0.40372,0.55673,0.046696,-0.18282,-0.51434,0.0977,0.53123,-0.080812,-0.004307,1.1433,0.53123,-0.004307,-0.15732,0.021195,0.40372,0.42922,0.48022,-0.029808,-0.05531,0.1232,0.86275,0.32721,-0.33583,-0.38683,0.0977,0.1232,0.25071,-0.38683,-0.28482,0.1487,0.60773,-0.56534,0.19971,0.0977,0.40372,0.32721,-0.029808,-0.05531,0.60773,0.1487,-0.33583,0.0977,0.63323,-0.31033,-0.080812,-0.31033,0.0977,-0.25932,0.072198,-0.33583,-0.56534,1.6788,0.53123,-0.080812,0.25071,0.73524,0.0977,-1.6109,0.83725,0.1742,-4.2121,1.2708,4.586,0.072198,-2.1464,3.9484,2.9794,-2.1719,-2.835,-1.3814,-0.004307,-0.15732,-0.79486,-1.6109,0.27621,0.76074,1.3473,1.6788,1.3218,0.91375,0.91375,0.81175,-0.53984,-0.76936,-0.004307,0.40372,0.27621,0.072198,-0.25932,-0.20832,-0.51434,-0.20832,0.1487,-0.33583,-0.89686,1.2453,1.7298,-1.0244,0.19971,1.1688,0.55673,-0.10631,-0.64185,-0.004307,0.50573,0.55673,-0.36133,-1.7894,0.99026,0.96476,0.68424,0.021195,-0.66735,-0.029808,0.50573,0.73524,-0.48884,0.55673,0.35272,0.65874,-0.38683,-0.43783,-0.15732,0.072198,-0.59084,0.63323,0.42922,0.32721,0.1232,-0.15732,0.32721,0.78624,-0.080812,-0.82036,-0.48884,0.65874,1.3983,0.37822,0.30171,0.1232,-0.38683,-0.43783,-0.36133,-0.25932,-0.20832,0.25071,-0.029808,0.25071,0.68424,1.2453,0.88825,0.40372,0.1232,-0.080812,0.83725,-0.31033,-0.69285,-0.89686,-0.20832,0.55673,0.48022,0.42922,-0.10631,0.53123,0.50573,0.45472,-0.28482,-0.20832,-0.87136,0.42922,0.0977,-0.20832,-0.18282,0.78624,0.53123,0.58223,0.27621,0.70974,1.0158,0.021195,-0.53984,-0.23382,-0.004307,-0.28482,-0.87136,0.19971,0.88825,1.2708,0.42922,-0.38683,0.30171,0.0977,0.32721,0.046696,-0.48884,-0.05531,0.19971,-0.25932,-0.080812,0.1232,0.83725,0.93925,0.76074,-0.20832,-0.56534,0.19971,-2.325,2.3163,0.91375,-0.05531,0.22521,0.25071,-0.23382,-0.41233,-0.36133,-0.10631,0.22521,0.1232,0.50573,0.40372,0.35272,-2.0189,1.9083,1.5258,0.37822,-0.64185,-0.71835,-0.31033,-0.25932,-0.20832,0.19971,0.19971,0.45472,0.37822,0.072198,-0.05531,0.93925,0.58223,0.27621,0.58223,0.73524,-0.31033,-0.48884,-0.84586,-0.51434,-0.69285,0.76074,0.55673,0.45472,-0.004307,0.19971,-0.080812,0.27621,0.63323,-0.05531,0.1742,0.19971,0.1232,0.40372,0.1742,-0.029808,-0.82036,0.1487,0.63323,0.55673,0.73524,0.25071,0.25071,-0.38683,-0.004307,-0.13181,0.046696,0.072198,0.1232,-0.080812,-0.64185,0.88825,0.63323,-0.15732,-0.18282,0.48022,0.70974,0.63323,0.83725,-0.28482,-0.38683,0.021195,0.22521,-0.25932,-0.38683,-0.15732,-0.05531,0.1232,0.1232,0.021195,0.072198,1.0668,-0.25932,0.68424,0.88825,0.35272,0.68424,-0.23382,-0.97337,-0.33583,-0.18282,-0.31033,-0.004307,0.76074,0.81175,0.27621,0.35272,0.55673,0.50573,0.19971,-0.18282,-0.33583,-0.51434,-0.71835,0.37822,-0.33583,1.4238,0.68424,0.25071,-0.20832,0.072198,0.1742,0.27621,0.072198,0.1232,-0.59084,1.3218,0.81175,0.50573,-0.05531,-0.43783,-0.82036,-0.48884,-0.029808,0.81175,0.42922,-0.13181,0.1742,0.53123,0.35272,-0.15732,0.1232,0.42922,0.22521,-0.004307,-0.18282,0.25071,0.30171,0.32721,0.046696,0.58223,0.53123,0.1487,-0.28482,-0.64185,-0.20832,0.072198,-0.080812,-0.99887,0.19971,0.83725,1.2453,1.3473,0.78624,0.19971,-0.18282,-0.56534,-0.79486,-1.0754,0.93925,0.78624,-0.46334,0.65874,0.1232,0.76074,0.072198,-0.13181,-0.10631,-0.51434,-0.05531,0.42922,0.53123,-0.029808,-0.18282,0.0977,0.32721,0.65874,0.30171,0.046696,-0.38683,-0.53984,0.40372,0.91375,0.86275,0.32721,-0.25932,-0.080812,-0.20832,-0.080812,-0.43783,-0.59084,-0.25932,1.2453,1.1943,0.32721,0.30171,0.0977,-0.080812,-0.28482,-0.33583,-0.15732,-0.82036,0.83725,1.0923,1.4238,0.78624,0.1487,-0.080812,-0.51434,-1.0499,-0.61635,-0.23382,-0.20832,-0.46334,2.1378,1.5768,0.45472,-0.28482,-0.004307,0.072198,0.40372,-0.10631,-0.43783,-0.23382,0.25071,0.86275,0.046696,-0.080812,-0.53984,0.40372,0.63323,0.60773,-0.080812,-0.36133,0.021195,0.68424,0.63323,0.27621,-0.56534,0.60773,0.1487,-0.004307,0.072198,-0.05531,-0.18282,0.19971,-0.33583,0.021195,0.19971,1.3218,0.0977,0.046696,0.25071,0.50573,-0.080812,-0.15732,-0.28482,-0.15732,0.1487,0.50573,0.53123,1.4748,0.32721,-0.48884,-0.79486,-0.79486,-0.31033,0.22521,-0.48884,0.93925,0.35272,0.37822,0.32721,-0.18282,-0.080812,0.53123,0.32721,0.021195,-0.13181,0.93925,0.55673,0.50573,-0.18282,-0.43783,-0.38683,-0.28482,-0.029808,0.35272,0.0977,0.27621,0.65874,0.73524,0.25071,0.0977,0.0977,-0.029808,-0.080812,0.0977,-0.10631,-0.029808,0.32721,0.65874,0.70974,0.021195,-0.46334,-0.25932,-0.029808,-0.029808,0.53123,0.42922,-0.23382,0.50573,0.25071,0.73524,0.25071,-0.20832,0.48022,0.0977,0.1487,-0.41233,-0.15732,0.37822,0.40372,-0.53984,0.83725,0.83725,-0.94787,-0.82036,0.19971,0.78624,0.53123,-0.10631,0.072198,0.42922,0.50573,0.1232,-0.43783,-0.05531,0.22521,0.45472,0.0977,0.1232,0.35272,0.021195,0.32721,0.25071,0.19971,-0.20832,-0.15732,0.25071,0.22521,-0.004307,0.021195,0.63323,0.83725,-0.004307,-0.41233,-0.51434,1.0668,0.53123,-0.10631,-0.25932,-0.28482,0.1742,0.53123,-0.05531,0.40372,-0.13181,-0.080812,0.1742,0.55673,0.35272,0.021195,-0.004307,0.30171,0.19971,-0.080812,-0.28482,-0.15732,0.021195,0.86275,-1.1774,2.5459,0.96476,-0.10631,-0.66735,-0.33583,-0.46334,-0.66735,0.1742,-0.46334,-0.20832,0.1742,0.50573,0.88825,0.91375,-0.36133,-0.15732,0.27621,0.30171,0.1232,-0.28482,0.37822,0.88825,0.25071,-0.71835,-0.46334,-0.004307,0.78624,2.8774,0.55673,0.021195,-0.080812,-3.9571,3.0049,1.6278,-0.89686,-1.2029,-0.94787,-0.99887,-1.4324,-0.080812,-0.15732,-0.25932,1.3473,1.9338,2.0358,1.6278,0.99026,0.32721,-0.28482,-0.51434,-0.43783,-1.1009,-0.25932,0.63323,-0.18282,-0.15732,0.046696,-0.10631,0.99026,0.1487,-1.6109,0.53123,1.2453,0.27621,-0.28482,0.70974,0.55673,0.1487,-0.05531,-0.25932,-0.31033,-0.25932,0.072198,0.1742,0.27621,0.22521,0.27621,0.40372,0.65874,0.30171,-0.28482,0.30171,-0.004307,-0.004307,-0.31033,-0.029808,-0.029808,0.32721,0.58223,1.2198,0.58223,-0.94787,-0.74385,1.0923,-0.18282,-2.0189,0.91375,0.78624,-0.20832,0.1742,1.0413,1.4238,0.30171,-0.69285,-0.89686,-1.1009,0.25071,0.50573,0.53123,0.19971,-0.94787,1.3473,1.2453,0.072198,-0.080812,-0.25932,-0.080812,0.37822,0.22521,-0.029808,0.046696,0.1232,-0.13181,-0.18282,-0.13181,1.8573,0.91375,-0.97337,-0.05531,-0.080812,0.1742,0.45472,0.22521,0.1232,-0.31033,-0.51434,-0.029808,0.91375,0.81175,0.48022,0.1232,0.0977,-0.18282,-0.28482,-0.25932,-0.18282,0.25071,0.32721,0.25071,-0.71835,1.2963,0.42922,0.25071,0.021195,-0.10631,0.37822,0.30171,-0.61635,-0.13181,0.1487,0.1487,-0.28482,-0.92237,1.1178,1.8318,0.046696,0.53123,0.0977,-0.23382,-0.94787,0.37822,-1.2029,1.2198,0.60773,-0.25932,-0.71835,0.0977,0.86275,0.63323,0.35272,0.58223,0.42922,-0.080812,-0.20832,-0.51434,-0.41233,-0.28482,-0.13181,0.48022,1.4748,0.58223,-0.080812,-0.004307,0.19971,0.32721,0.45472,-0.10631,-0.51434,-0.28482,0.19971,0.32721,0.22521,-0.46334,1.5513,0.81175,-0.38683,-0.13181,0.19971,0.021195,-0.05531,0.48022,-0.18282,0.60773,0.021195,-0.029808,-0.23382,-0.43783,0.58223,0.99026,0.42922,-0.25932,0.1742,0.19971,-0.10631,-0.23382,-0.23382,0.1487,0.32721,-0.23382,0.88825,0.50573,0.53123,0.19971,-0.69285,-0.25932,0.35272,0.42922,0.072198,0.45472,0.40372,-0.20832,-0.41233,-0.20832,0.0977,0.30171,0.40372,0.19971,0.22521,0.021195,0.021195,0.53123,1.3728,0.046696,-0.31033,-0.029808,-0.23382,-0.23382,-0.56534,0.021195,0.78624,0.021195,-0.18282,0.19971,0.60773,-0.004307,0.1742,0.96476,-0.004307,1.0413,0.40372,-0.36133,-0.71835,-0.43783,-0.20832,0.27621,-0.15732,0.0977,0.27621,0.65874,0.70974,0.76074,0.30171,-0.080812,0.78624,-0.10631,0.046696,-0.13181,-0.10631,-0.13181,-0.18282,-0.36133,0.30171,0.32721,0.42922,0.55673,0.40372,0.1487,0.021195,-0.029808,-0.33583,0.32721,1.6278,0.50573,-0.38683,-0.59084,-0.33583,0.22521,0.35272,0.1232,0.046696,0.27621,0.30171,0.19971,-0.004307,0.53123,0.73524,0.37822,-0.59084,-0.43783,-0.05531,0.30171,0.1742,-0.029808,0.32721,0.35272,0.27621,-0.029808,0.021195,0.1232,0.1487,0.35272,0.73524,0.27621,0.19971,-0.31033,-0.004307,-0.20832,0.1232,1.7808,0.25071,-0.05531,-0.28482,-0.33583,0.021195,0.0977,-0.61635,0.021195,1.0158,0.86275,0.25071,0.35272,-0.004307,0.046696,0.42922,0.021195,0.046696,0.32721,-0.10631,0.1742,0.22521,0.37822,0.19971,-0.004307,-0.20832,-0.36133,-0.080812,0.70974,0.93925,0.046696,-0.004307,0.22521,-0.18282,-0.13181,-0.36133,0.22521,0.55673,0.45472,0.42922,0.32721,0.1742,0.072198,0.83725,0.73524,-0.13181,-0.43783,-0.20832,-0.13181,0.19971,0.30171,0.021195,-0.004307,0.072198,0.40372,0.55673,0.48022,-0.10631,0.19971,0.1232,0.45472,-0.10631,-0.28482,-0.25932,0.68424,0.19971,0.42922,0.072198,-0.029808,0.42922,-0.46334,0.0977,0.58223,0.93925,-0.15732,-0.15732,-0.20832,-0.029808,0.021195,0.22521,0.19971,0.58223,0.83725,0.68424,0.021195,-0.46334,-0.43783,-0.15732,0.22521,0.22521,0.42922,0.1487,0.046696,0.0977,-0.10631,0.96476,0.25071,-0.004307,-0.080812,-0.38683,-0.05531,0.42922,0.35272,-0.31033,0.021195,0.32721,0.55673,0.1487,-0.48884,0.42922,0.48022,0.0977,0.021195,0.072198,0.046696,-0.20832,0.0977,0.32721,0.046696,-0.10631,0.0977,0.30171,0.30171,0.30171,-0.004307,-0.79486,-0.080812,0.88825,1.5003,0.88825,-0.004307,-0.38683,-0.48884,-0.71835,-0.13181,-0.004307,0.40372,-0.18282,0.30171,0.78624,1.2198,0.0977,-0.31033,0.1487,-0.15732,0.27621,0.072198,-0.05531,0.046696,0.32721,0.53123,0.81175,0.22521,-0.18282,-0.48884,-0.46334,-0.13181,0.1742,0.37822,0.40372,0.27621,0.1487,0.1232,0.27621,0.25071,0.50573,0.32721,0.48022,-0.56534,-0.38683,-0.15732,0.60773,-0.18282,-0.080812,0.53123,0.78624,0.58223,1.0158,0.072198,-0.36133,-0.79486,-1.4324,0.53123,1.3218,0.45472,-0.25932,-0.15732,-0.080812,0.35272,1.2453,-0.05531,-0.004307,0.22521,0.45472,-0.10631,0.37822,0.42922,0.45472,-0.48884,-0.13181,0.072198,0.53123,0.22521,0.1742,-0.10631,-0.004307,-0.080812,-0.029808,0.0977,0.35272,0.73524,0.91375,0.96476,0.68424,-0.53984,-1.1009,-1.5854,0.046696,-0.004307,0.45472,0.53123,0.19971,0.88825,0.32721,0.27621,-0.53984,-0.69285,1.7808,0.83725,0.1232,-0.029808,-0.18282,-0.51434,-0.48884,-0.23382,-0.080812,0.1232,0.0977,0.1232,0.68424,1.0413,0.81175,0.55673,0.32721,-0.029808,-0.53984,-0.76936,-0.13181,-0.004307,0.1487,-0.029808,-0.20832,0.32721,0.53123,0.32721,-0.28482,0.42922,0.53123,0.58223,0.60773,0.046696,-0.31033,-0.13181,0.32721,-0.25932,-0.080812,-0.53984,0.25071,0.25071,-0.05531,1.1178,0.37822,-0.23382,0.021195,0.48022,0.1232,-0.48884,0.65874,0.48022,-0.080812,-0.029808,-0.05531,0.19971,0.1487,0.0977,0.35272,0.32721,-0.10631,0.19971,0.58223,0.22521,-0.43783,-0.56534,0.35272,0.91375,0.37822,-0.43783,-0.31033,-0.080812,-0.23382,0.22521,0.78624,1.1433,0.046696,-0.31033,-0.28482,0.1232,0.63323,0.1742,0.27621,0.1742,-1.4579,0.60773,1.2198,-0.18282,-0.10631,0.0977,0.73524,0.63323,0.1487,-1.0244,0.30171,-0.18282,-0.13181,-0.25932,0.58223,0.1487,-0.28482,0.91375,1.9083,1.0158,0.32721,-0.28482,-0.48884,-0.48884,-0.36133,-1.3049,-0.53984,0.25071,0.96476,0.70974,0.63323,0.1742,0.25071,0.30171,0.1232,0.1232,0.22521,-0.004307,-0.029808,0.65874,-1.1774,1.1433,0.27621,-0.23382,-0.61635,-0.080812,0.32721,0.53123,0.021195,-0.10631,-0.53984,0.1487,0.53123,0.81175,0.37822,0.60773,0.50573,0.1742,0.22521,0.40372,-0.46334,0.1742,-0.05531,0.40372,0.021195,0.021195,0.1232,0.072198,-0.71835,0.27621,0.30171,0.55673,-0.15732,0.35272,0.53123,0.50573,-0.080812,-0.38683,-1.3304,0.70974,1.2708,-0.31033,0.53123,0.45472,0.42922,-0.029808,-0.56534,-0.48884,-0.15732,0.046696,0.35272,0.19971,1.3728,0.45472,-0.36133,-0.15732,-0.18282,0.0977,0.25071,0.25071,0.53123,1.1433,1.1178,-0.69285,-0.79486,-0.36133,-0.36133,-1.0244,0.93925,0.22521,-0.23382,0.73524,0.83725,0.93925,0.73524,0.55673,-0.38683,-0.69285,-0.51434,-0.15732,0.19971,-0.080812,0.53123,0.046696,0.99026,-0.56534,-0.41233,0.1232,0.35272,-0.46334,0.60773,0.76074,-0.13181,1.0668,0.1232,-0.87136,0.27621,0.65874,-0.23382,0.072198,0.42922,0.19971,-0.69285,-0.20832,-0.38683,-0.004307,0.48022,0.70974,0.70974,0.40372,0.1232,0.1232,-0.15732,0.1232,0.1232,0.40372,-0.10631,0.50573,-0.28482,0.1232,0.45472,0.68424,-0.51434,-0.92237,-1.0499,0.0977,0.68424,0.60773,1.3983,0.83725,0.27621,0.32721,-0.38683,-0.36133,-0.05531,0.76074,0.072198,-0.05531,-0.48884,0.27621,0.1742,-0.20832,0.37822,0.55673,0.60773,-0.23382,-0.53984,0.37822,0.58223,0.53123,0.27621,-0.05531,-0.36133,0.35272,0.58223,1.0923,-0.20832,-0.41233,-0.41233,-0.31033,-0.10631,0.1742,0.37822,0.30171,0.53123,-0.15732,1.3983,0.48022,-0.25932,-0.51434,0.35272,0.68424,-0.15732,-0.05531,-0.10631,-0.33583,0.1487,-0.15732,0.1742,0.93925,1.1688,0.19971,-0.94787,0.1742,0.32721,-0.10631,-0.080812,0.046696,0.50573,0.63323,0.37822,0.0977,-0.080812,-0.36133,-0.33583,0.1487,0.30171,0.30171,0.021195,0.22521,0.22521,0.42922,0.76074,0.50573,0.072198,-0.10631,-0.080812,-0.25932,-0.080812,0.1232,0.42922,0.19971,0.40372,-0.004307,-0.28482,0.45472,-0.15732,-0.05531,0.32721,0.42922,-0.004307,0.30171,0.50573,0.32721,-0.15732,-0.004307,-0.38683,-0.31033,0.1232,0.32721,0.53123,0.35272,0.32721,0.32721,0.1742,-0.004307,-0.13181,0.046696,0.27621,-0.05531,0.91375,0.50573,-0.080812,-0.23382,-0.38683,-0.25932,-0.05531,0.1742,0.45472,0.35272,0.35272,0.42922,0.68424,0.37822,0.0977,-0.20832,-0.33583,-0.15732,-0.05531,0.1232,0.1232,0.1232,-0.33583,0.48022,0.93925,0.70974,-0.23382,-0.13181,0.1742,0.19971,0.0977,-0.004307,0.021195,0.046696,0.046696,-0.080812,0.40372,0.58223,0.76074,0.072198,-0.28482,-0.10631,-0.029808,-0.004307,-0.080812,0.27621,0.78624,1.0413,0.48022,-0.46334,-0.38683,-0.38683,-0.25932,-0.080812,-0.51434,0.55673,1.0413,0.93925,0.63323,-0.029808,0.021195,-0.004307,0.22521
0.1232,0.046696,0.021195,0.021195,0.0977,0.1742,0.27621,0.19971,0.1742,0.0977,0.072198,0.0977,0.1487,0.0977,0.0977,0.19971,0.25071,0.19971,0.1742,0.072198,0.0977,0.1487,0.1487,0.021195,0.046696,0.1232,0.27621,0.27621,0.19971,0.1232,0.072198,0.1232,0.1232,0.072198,0.0977,0.072198,0.22521,0.19971,0.27621,0.22521,0.1232,0.046696,0.046696,0.072198,0.0977,0.1487,0.27621,0.27621,0.19971,0.0977,0.1232,0.19971,0.0977,-0.004307,0.072198,0.22521,0.27621,0.1487,0.1232,0.1487,0.1487,0.072198,0.072198,0.021195,0.1232,0.22521,0.22521,0.1232,0.1487,0.22521,0.1742,0.1232,0.021195,0.046696,0.1487,0.25071,0.22521,0.1742,0.22521,0.1487,0.1742,0.0977,0.021195,0.072198,0.1487,0.1742,0.27621,0.1487,0.1232,0.1232,0.1742,0.1232,0.1232,0.046696,0.021195,0.1487,0.27621,0.30171,0.19971,0.0977,0.0977,0.1742,0.1232,-0.004307,0.072198,0.1487,0.27621,0.1742,0.1742,0.1232,0.1232,0.1742,0.1487,0.1487,0.072198,0.1232,0.19971,0.27621,0.27621,0.1742,0.046696,0.021195,0.1742,0.046696,0.072198,0.072198,0.22521,0.22521,0.19971,0.1232,0.0977,0.072198,0.1742,0.046696,-0.004307,0.1742,0.30171,0.25071,0.19971,0.1232,0.1232,0.1232,0.046696,-0.004307,0.0977,0.25071,0.22521,0.22521,0.1232,0.1232,0.1232,0.1742,0.1742,0.1232,0.1742,0.22521,0.1742,0.19971,0.22521,0.1487,0.046696,0.1232,0.1742,0.046696,0.021195,0.072198,0.1742,0.19971,0.27621,0.1487,0.072198,0.1232,-0.004307,0.021195,0.1232,0.25071,0.25071,0.1742,0.1487,0.1232,0.0977,0.22521,0.1742,0.021195,-0.10631,0.1232,0.19971,0.1742,0.1232,0.1232,0.30171,0.1232,0.19971,-0.004307,0.021195,0.0977,0.53123,0.25071,0.27621,-0.20832,-0.41233,0.25071,0.27621,0.60773,0.22521,0.42922,0.50573,-0.51434,-0.56534,-0.080812,0.046696,0.021195,-0.28482,1.2963,0.81175,0.30171,0.072198,-0.36133,0.45472,-0.51434,0.99026,-1.6619,1.3728,0.91375,-0.56534,-0.66735,-0.82036,0.53123,0.99026,-0.13181,-4.4161,4.4585,3.5659,-0.89686,2.5459,0.93925,-1.6619,-4.3396,-7.3743,-1.3049,9.0743,4.5095,-0.69285,-2.2229,-1.1264,-4.4416,-0.25932,7.5442,10.987,-1.1009,-6.7877,-4.4416,-0.23382,0.48022,0.19971,0.25071,0.42922,-3.3705,0.78624,6.5241,0.55673,-3.3705,6.0396,-0.28482,-2.0954,-5.4362,0.63323,-0.20832,2.5714,0.96476,-1.9679,-5.2831,3.4384,4.688,2.3673,-2.4015,-0.82036,-0.46334,1.7043,-3.2175,1.5258,1.2453,4.5605,-2.0189,-3.6,-1.9679,-1.3559,-0.004307,1.1943,-1.9424,3.2344,7.2382,1.5768,-2.988,-3.243,1.4493,0.83725,-1.1519,-0.64185,2.5714,0.19971,-0.15732,-0.66735,-1.9169,0.70974,2.3163,-5.2066,-1.9169,3.4894,1.8063,1.0158,1.8063,0.58223,0.63323,-0.76936,-1.5854,-0.84586,-0.23382,-1.8914,5.249,-2.835,2.3928,2.5204,-2.631,-1.6619,-0.13181,0.63323,0.58223,0.1232,-0.25932,0.1742,0.1232,0.70974,-0.13181,-0.18282,0.60773,0.42922,0.1742,0.22521,-0.59084,1.0158,0.78624,0.021195,-3.039,2.5204,0.1232,-0.13181,-0.71835,-0.59084,-0.05531,0.27621,-0.31033,-0.38683,1.9083,0.76074,0.021195,0.046696,0.53123,0.83725,0.42922,0.1232,-0.94787,-0.38683,-0.080812,-2.7075,2.2398,1.7043,0.96476,-0.71835,-0.79486,-0.029808,0.0977,-0.080812,0.19971,0.50573,0.48022,-0.029808,0.32721,0.22521,0.81175,0.78624,-0.28482,-2.325,1.0413,0.27621,-0.28482,-0.66735,0.27621,0.70974,0.1742,0.35272,0.30171,-0.25932,-0.15732,0.68424,0.42922,0.55673,0.53123,0.046696,-0.33583,-0.18282,-0.69285,1.0158,1.3473,-0.20832,-1.6364,1.1688,1.5513,-0.71835,-1.1774,-0.38683,1.3728,0.37822,1.1433,0.53123,-1.1519,-1.3559,-0.41233,-0.004307,0.22521,0.42922,0.73524,0.99026,0.22521,0.40372,-0.25932,1.5003,-0.41233,0.072198,0.072198,-1.8659,3.8974,0.68424,-1.6619,-1.3049,-1.5089,-0.61635,0.0977,0.83725,2.0613,1.0413,-0.25932,-0.69285,-1.0244,-0.66735,0.1232,1.1943,1.5003,0.93925,1.0158,-0.71835,2.3928,1.3728,-1.4069,-2.5545,-0.56534,0.55673,0.1232,0.021195,0.42922,0.1742,1.2453,0.63323,-0.61635,-0.28482,-0.74385,0.81175,0.37822,-0.080812,-0.004307,-0.71835,0.78624,0.45472,0.65874,0.046696,1.5258,0.22521,-0.76936,-0.82036,-0.23382,0.0977,0.53123,0.53123,-0.94787,-0.59084,-0.31033,0.53123,0.48022,-0.10631,2.2398,1.7553,0.32721,0.1742,-0.59084,-0.94787,-1.3814,-1.0754,3.7189,0.021195,-1.2029,-0.28482,0.40372,0.45472,-0.23382,-0.61635,-0.31033,0.88825,1.5003,-0.33583,0.1487,0.37822,-0.46334,0.35272,0.99026,0.88825,-0.18282,-0.59084,-1.3304,-0.48884,-0.080812,0.50573,1.1943,0.65874,-1.3559,1.6788,-0.79486,2.1123,0.45472,0.1742,-0.029808,-0.23382,-0.10631,-0.10631,-0.23382,-0.25932,0.072198,0.40372,1.0158,-0.71835,-3.6,4.178,1.9848,-0.13181,-0.28482,0.0977,0.072198,-0.28482,-0.61635,-1.0754,-0.38683,-0.15732,1.7298,1.1688,0.37822,0.1742,0.58223,-0.029808,-0.20832,0.046696,0.1487,0.19971,-0.20832,0.1232,-0.029808,0.73524,0.072198,0.1232,-0.31033,-0.080812,0.45472,-0.10631,1.6788,1.0668,-0.66735,-1.1009,-0.48884,-0.20832,-0.13181,0.072198,-0.05531,0.25071,0.53123,0.37822,0.19971,0.50573,0.046696,0.32721,0.40372,0.58223,0.83725,0.30171,-0.46334,-1.0499,-0.82036,0.072198,0.65874,-0.28482,0.88825,1.1688,0.53123,0.19971,-0.33583,-0.48884,-0.15732,-0.99887,-0.23382,-0.13181,1.2453,1.3728,0.1487,-0.25932,0.0977,-0.51434,0.70974,-0.05531,-0.004307,0.30171,0.63323,0.021195,-0.18282,-0.31033,-0.25932,0.0977,0.1232,0.48022,1.1688,0.45472,-0.41233,0.76074,0.1232,-0.004307,-0.20832,-0.33583,-1.3304,-0.25932,-0.05531,0.91375,1.0158,1.3983,0.0977,0.48022,0.78624,-0.20832,-0.10631,-0.38683,0.30171,-0.71835,-0.41233,0.37822,0.1232,0.40372,0.046696,-0.97337,-0.33583,1.2708,1.1433,0.70974,0.78624,1.2708,0.53123,-0.33583,-1.3304,-0.94787,-0.79486,-0.71835,-0.41233,0.32721,1.0923,0.91375,1.3473,1.9848,0.96476,-0.59084,-1.5599,-0.87136,-0.43783,-0.15732,0.35272,0.58223,1.1178,0.55673,0.1487,-0.20832,-0.23382,-0.25932,-0.36133,-0.13181,0.58223,1.3728,0.58223,0.68424,-0.20832,-0.89686,-0.23382,-2.733,1.9338,1.4238,-0.004307,-0.31033,0.40372,0.58223,-0.080812,-0.20832,0.19971,-0.15732,-0.89686,-0.080812,0.1232,1.2198,0.40372,0.27621,0.35272,0.021195,0.25071,0.072198,0.27621,-0.38683,-0.10631,-0.53984,-0.89686,0.35272,0.73524,1.2453,0.88825,0.30171,0.072198,-0.31033,-0.48884,-0.23382,0.0977,0.22521,-0.15732,-0.080812,-0.10631,-0.10631,0.83725,0.96476,0.83725,0.1487,0.021195,-0.13181,-0.25932,-0.33583,-0.59084,0.37822,0.32721,1.2198,1.0413,0.37822,0.22521,0.25071,-0.71835,-1.0499,-1.5854,0.60773,1.1688,1.4748,0.27621,-1.3049,0.55673,0.76074,-0.004307,-0.31033,-0.10631,0.046696,0.70974,0.45472,0.53123,0.40372,-0.18282,-0.18282,-0.080812,0.1232,0.072198,0.1232,0.37822,-0.31033,0.37822,0.45472,0.37822,-0.41233,-0.48884,0.58223,0.99026,0.30171,-0.31033,-0.82036,-0.51434,-0.38683,1.1433,1.3473,0.0977,0.0977,-0.029808,-0.23382,-0.004307,0.25071,0.53123,0.73524,0.48022,0.0977,-0.79486,-1.3049,1.3473,-0.05531,-0.38683,-0.33583,0.53123,0.35272,0.37822,0.83725,1.3728,-0.004307,-0.99887,-1.1264,-0.31033,0.046696,-0.080812,0.1742,0.63323,1.1433,1.6278,0.0977,-0.64185,-0.46334,-0.69285,0.30171,0.68424,0.68424,0.32721,-0.38683,0.021195,0.25071,0.76074,0.53123,-0.38683,-0.82036,-0.25932,0.58223,-0.41233,-0.15732,-0.23382,1.2963,1.3218,0.50573,-0.080812,-0.15732,0.046696,0.60773,-0.080812,-0.46334,-0.23382,-0.029808,-0.029808,-0.15732,0.91375,1.0668,-0.10631,0.046696,-0.41233,0.93925,0.58223,-0.38683,-0.84586,-0.51434,-0.23382,0.1487,-0.004307,0.19971,0.27621,0.30171,1.6278,0.78624,-0.41233,-0.13181,0.63323,0.91375,-0.28482,-0.56534,-0.71835,-0.41233,-0.13181,0.68424,0.60773,-0.13181,-0.92237,1.3473,1.5513,0.19971,0.27621,-0.10631,0.22521,0.45472,-0.79486,-0.33583,-0.004307,0.45472,-0.28482,-0.05531,0.60773,0.40372,0.32721,0.22521,0.021195,0.32721,0.021195,0.37822,0.53123,0.37822,0.37822,-0.41233,-0.25932,-0.38683,0.37822,0.1232,-0.15732,-0.66735,-0.004307,0.42922,0.48022,0.021195,-0.18282,0.35272,0.88825,1.2198,0.42922,-0.43783,-0.59084,-0.28482,0.48022,0.046696,0.40372,0.37822,0.0977,0.1487,0.30171,-0.23382,0.48022,-0.43783,-0.71835,0.27621,1.5258,-0.23382,-0.31033,0.58223,-0.61635,0.93925,0.1742,0.73524,-1.8914,1.7553,0.35272,-0.46334,-0.080812,-0.38683,-0.41233,-0.080812,0.1742,-0.004307,0.93925,0.88825,1.1433,-0.20832,-0.18282,0.1232,0.32721,-0.13181,-0.20832,-0.25932,-0.080812,0.68424,0.45472,0.50573,0.1742,0.30171,-0.080812,0.021195,-0.56534,-0.080812,0.48022,0.58223,-0.13181,-0.080812,0.1742,-0.029808,-0.23382,0.32721,0.96476,0.53123,0.046696,0.072198,0.25071,0.58223,-0.20832,-0.13181,0.37822,0.021195,-0.18282,0.30171,0.30171,-0.53984,-0.46334,0.021195,0.86275,0.70974,-0.080812,0.072198,0.1487,0.70974,0.83725,0.1487,-1.4579,1.0158,0.68424,0.19971,-0.69285,-0.53984,-0.56534,1.6533,-0.004307,-0.89686,0.19971,0.42922,0.73524,0.55673,0.1742,-0.43783,-0.28482,-0.36133,-0.33583,0.83725,1.4748,0.32721,-0.15732,-0.23382,0.072198,0.32721,-0.28482,-0.004307,0.58223,0.78624,-0.13181,-0.41233,-0.18282,0.37822,0.53123,-0.20832,-0.31033,0.1232,0.76074,-0.004307,0.50573,-0.029808,-0.23382,0.58223,0.91375,-0.004307,-0.004307,-0.029808,-0.080812,0.48022,-0.23382,-0.23382,0.48022,0.30171,0.45472,-0.48884,0.58223,0.30171,0.046696,0.37822,-0.080812,0.70974,0.83725,-0.029808,-0.15732,0.0977,-0.59084,-0.05531,0.60773,-0.029808,0.072198,0.19971,0.1742,0.32721,-0.029808,-0.13181,0.0977,0.42922,0.73524,0.25071,0.1232,0.88825,0.40372,-0.20832,-0.43783,-0.15732,-0.28482,0.046696,0.1742,-0.10631,0.68424,1.0413,0.40372,0.58223,-0.13181,-0.38683,-0.080812,-0.25932,-0.89686,0.22521,0.58223,0.73524,0.35272,0.88825,0.27621,-0.43783,-0.46334,-0.23382,0.40372,0.76074,0.58223,-0.10631,-0.029808,-0.10631,0.22521,0.76074,1.1943,0.1232,-0.69285,-0.82036,-0.41233,-0.46334,0.40372,0.99026,0.58223,0.42922,0.19971,0.072198,0.046696,0.19971,-0.31033,0.45472,0.55673,-0.20832,-0.38683,0.072198,1.1178,0.91375,0.1232,-0.31033,-0.18282,-0.48884,-0.31033,-0.48884,0.1487,1.0668,0.50573,0.58223,0.37822,0.072198,0.072198,-0.36133,-0.10631,0.40372,0.83725,0.53123,-0.43783,-0.33583,0.0977,-0.029808,0.0977,0.27621,0.88825,0.83725,-0.23382,-0.61635,-0.64185,-0.004307,0.22521,0.1232,0.27621,0.63323,1.0413,-0.43783,0.32721,-0.18282,1.0158,0.45472,-0.61635,-0.64185,0.1232,-0.080812,-0.31033,1.1688,1.2708,-0.25932,-0.41233,0.1232,-0.080812,0.021195,0.32721,0.22521,0.0977,0.22521,0.37822,0.42922,0.021195,-0.46334,0.22521,0.58223,0.76074,-0.46334,-0.38683,0.021195,-0.23382,-0.05531,0.35272,0.19971,-0.004307,0.35272,0.50573,0.99026,-0.28482,-0.029808,-0.15732,-0.004307,-0.25932,0.25071,0.63323,1.8063,0.1742,-0.94787,-1.1519,-0.84586,-0.59084,1.2453,1.3473,0.19971,-0.97337,0.40372,0.76074,-0.15732,-0.18282,0.42922,0.1232,0.22521,0.27621,0.0977,-0.28482,-0.48884,0.0977,0.93925,0.81175,0.48022,0.1742,-0.080812,-0.36133,-0.18282,-0.28482,0.1232,0.37822,0.22521,0.53123,0.021195,0.046696,0.32721,0.86275,-0.004307,-0.41233,-0.23382,-0.05531,-0.029808,-0.31033,1.1688,1.7298,-0.33583,-0.38683,0.25071,0.45472,-0.56534,0.1742,0.40372,0.25071,-0.080812,-0.74385,-0.28482,0.072198,0.40372,0.78624,1.0413,0.50573,-0.33583,-0.43783,-0.10631,0.55673,0.45472,0.96476,-0.10631,-0.53984,-1.1264,-0.46334,-0.05531,-0.33583,0.99026,1.4748,1.2453,1.0923,0.40372,0.1232,-0.56534,-0.87136,-0.64185,-0.51434,0.046696,0.021195,2.0358,0.70974,0.96476,-0.87136,-1.1774,-0.080812,1.1688,-0.080812,-0.38683,-0.79486,-0.080812,0.93925,1.7553,0.35272,0.19971,0.30171,0.1487,-1.0244,-0.92237,0.1232,0.93925,0.22521,-0.41233,0.072198,0.68424,0.78624,-0.15732,-0.38683,0.1487,1.0158,0.70974,-0.61635,-0.64185,0.0977,0.78624,1.2708,0.48022,-1.0499,-1.1009,-0.15732,-0.41233,0.73524,0.78624,0.35272,-0.15732,0.046696,-0.029808,0.55673,0.88825,0.1742,-0.56534,-0.029808,0.99026,0.53123,-0.25932,0.0977,0.22521,-0.05531,0.81175,0.021195,-0.79486,-0.56534,0.1232,0.1742,0.1232,0.1742,0.35272,0.27621,0.60773,0.45472,-0.28482,-0.18282,1.7298,0.1742,-0.23382,0.48022,0.63323,0.1742,0.0977,-0.51434,-0.51434,-1.3049,0.37822,0.99026,0.58223,-0.15732,-0.004307,0.40372,0.27621,0.58223,-0.79486,1.2453,0.40372,-0.61635,-0.029808,0.63323,0.63323,-0.18282,-0.53984,-0.25932,-0.080812,0.22521,-0.20832,-0.080812,0.42922,1.0158,0.1232,1.0413,0.63323,0.021195,-0.23382,-0.18282,0.1487,-0.20832,-0.41233,-0.15732,-0.13181,0.53123,1.0413,0.58223,-0.20832,-0.13181,-0.36133,-1.1264,-0.28482,0.93925,1.2453,1.1688,-0.10631,0.32721,-0.080812,-0.48884,-0.59084,-0.33583,0.27621,0.78624,1.0923,-0.004307,0.1232,-0.029808,0.021195,0.072198,0.1232,0.37822,0.046696,0.0977,0.35272,0.1487,0.1232,-0.080812,-0.05531,0.30171,0.45472,0.32721,0.0977,0.046696,-0.10631,0.072198,1.0668,0.1232,-0.89686,-0.33583,0.42922,0.40372,0.53123,0.99026,-0.13181,-0.53984,-0.51434,0.32721,0.19971,0.60773,0.27621,0.32721,0.32721,0.021195,0.046696,0.27621,-0.080812,-0.05531,-0.43783,0.25071,0.1232,0.50573,-0.05531,0.83725,0.25071,-0.48884,0.046696,0.55673,-0.004307,0.58223,-0.18282,-0.10631,1.3983,0.68424,0.32721,-0.66735,-1.2029,-1.9679,1.4238,3.3364,0.50573,-0.51434,-0.31033,-0.31033,-0.94787,-0.46334,-1.5089,-0.59084,1.7298,3.6424,3.3619,1.5768,-0.82036,-3.294,-1.2029,-2.2485,-0.56534,0.58223,0.81175,-0.76936,5.3255,1.2198,-0.99887,-0.56534,-0.004307,0.22521,0.60773,0.50573,-0.33583,-0.56534,-0.69285,0.68424,0.48022,-2.0444,2.0613,-0.080812,-0.66735,-0.25932,-0.15732,-0.080812,0.88825,2.0103,1.0158,0.072198,-0.56534,-2.478,0.32721,-0.61635,0.072198,0.68424,0.91375,0.63323,0.99026,0.70974,0.0977,-0.48884,-0.20832,-0.82036,-0.41233,2.8519,-0.18282,-1.0499,-0.94787,-0.66735,0.70974,0.73524,0.78624,0.1232,0.0977,0.83725,0.25071,0.93925,1.0923,0.55673,-1.4069,-1.7894,-1.1774,0.37822,0.86275,-1.1519,2.3418,1.7553,-1.8149,-0.029808,-0.080812,0.73524,0.30171,0.99026,0.25071,0.1742,-0.28482,-1.0754,-0.56534,0.0977,0.30171,0.45472,0.76074,0.19971,0.19971,0.35272,0.68424,0.021195,-0.43783,-0.18282,-0.18282,-0.080812,0.25071,0.021195,1.1178,1.2453,0.60773,0.046696,-0.36133,0.1232,-0.13181,-0.25932,0.046696,-0.029808,-1.0244,1.2198,0.35272,0.27621,0.99026,0.27621,-0.004307,-0.13181,-0.25932,0.072198,0.021195,-0.64185,0.30171,0.70974,0.0977,-0.004307,0.40372,0.76074,0.70974,-0.31033,0.32721,-0.41233,-0.10631,-0.080812,-0.029808,0.1232,-0.23382,-0.18282,0.30171,0.70974,1.0158,0.68424,0.53123,0.19971,-0.76936,-0.59084,0.48022,0.68424,-1.4834,1.1943,0.78624,-2.1719,2.3928,1.0668,-0.69285,-0.05531,0.32721,0.0977,-0.33583,-0.84586,-0.92237,0.1232,0.96476,0.53123,0.27621,0.40372,-0.25932,1.3983,0.42922,-0.38683,-0.28482,0.65874,0.42922,-0.13181,-0.18282,-0.029808,0.22521,-0.10631,0.19971,-0.38683,0.40372,-0.029808,0.0977,-0.31033,0.0977,0.65874,0.83725,-0.004307,0.021195,-0.05531,-0.029808,0.48022,0.70974,0.53123,-0.029808,-0.25932,-0.43783,0.1487,-0.53984,-0.46334,1.1943,0.88825,-0.20832,-0.61635,-0.64185,0.32721,1.4238,0.76074,0.1742,0.0977,-0.59084,-0.25932,-0.10631,-0.31033,-0.36133,0.53123,1.0158,0.1742,0.046696,0.30171,0.81175,-0.31033,0.25071,1.0158,-0.38683,0.046696,0.65874,0.19971,-0.41233,-0.05531,-0.15732,0.25071,-0.080812,-0.029808,0.35272,0.65874,0.37822,0.48022,-0.004307,-0.51434,-0.20832,-0.38683,0.91375,1.2963,0.81175,-0.69285,-0.51434,-0.15732,1.3983,0.1232,-0.59084,-0.004307,-0.25932,-0.33583,0.1487,0.30171,1.1178,0.60773,0.86275,0.1487,0.1487,0.27621,-0.87136,-0.18282,1.2963,0.072198,-0.080812,0.42922,-2.274,2.9539,0.19971,-2.2485,-0.004307,-0.46334,-0.15732,0.32721,0.48022,1.2453,2.0358,1.3473,-0.38683,-0.51434,0.35272,-1.1264,-1.5089,-0.92237,-0.18282,0.76074,1.2453,1.3218,0.78624,0.45472,-0.28482,-0.84586,-0.10631,0.63323,-0.28482,0.76074,0.42922,-0.53984,1.3218,0.86275,0.1487,-0.92237,-0.53984,-3.09,0.53123,2.8774,0.021195,0.021195,0.58223,-0.87136,-0.38683,-0.53984,0.58223,0.42922,-0.79486,0.96476,0.73524,1.3218,0.30171,-0.23382,-0.59084,-0.71835,0.072198,0.50573,-0.23382,0.072198,0.1742,0.30171,0.58223,0.48022,0.70974,0.73524,-0.92237,0.45472,0.1742,-0.15732,-0.05531,-0.36133,0.1487,0.93925,-0.28482,-0.43783,0.021195,-0.41233,-0.004307,0.68424,0.88825,0.81175,0.37822,-0.25932,-0.28482,-0.84586,0.37822,0.78624,-0.66735,0.55673,0.40372,0.60773,0.45472,0.32721,-1.1519,0.93925,0.68424,-0.13181,-0.89686,-0.51434,0.046696,0.27621,0.046696,-0.10631,-0.004307,0.42922,0.99026,0.53123,-0.28482,1.7043,0.53123,-0.51434,-0.43783,-0.43783,-0.51434,-0.05531,0.53123,0.50573,-0.004307,0.19971,0.37822,0.1487,0.046696,-0.029808,-0.004307,0.32721,-0.13181,0.27621,0.27621,0.25071,0.046696,-0.15732,0.53123,0.73524,-0.38683,-0.53984,-0.46334,1.1433,0.99026,0.53123,-0.28482,-0.48884,0.37822,-0.10631,-1.1009,-0.41233,0.40372,0.68424,1.5003,-0.64185,1.1943,0.021195,0.046696,-0.64185,-0.79486,0.1742,0.73524,0.1742,0.0977,0.99026,0.40372,-0.080812,-0.13181,0.68424,-0.36133,-0.97337,-2.2229,2.6989,3.9994,0.60773,-0.28482,-1.3304,-2.0954,-2.0444,2.8009,-0.080812,-0.89686,-0.31033,0.25071,0.88825,1.5003,1.2963,1.2453,1.2708,-0.28482,-0.89686,-0.79486,-0.51434,-0.56534,0.76074,0.30171,0.50573,0.1232,-0.23382,0.0977,-0.13181,-0.43783,0.27621,0.53123,0.32721,0.072198,-0.004307,0.0977,0.50573,0.76074,1.3473,0.73524,-0.66735,-2.0699,-0.029808,0.1232,0.55673,0.32721,0.37822,0.19971,-0.15732,0.35272,-0.10631,0.53123,-0.029808,0.1232,0.27621,0.046696,0.99026,0.1742,-0.41233,-0.05531,0.60773,-0.25932,-0.36133,-0.20832,0.046696,-0.53984,-0.13181,0.48022,1.1433,1.6278,0.91375,-0.080812,-0.05531,-0.18282,-0.004307,-0.56534,0.1742,-0.029808,0.046696,0.021195,-0.18282,0.0977,0.40372,0.99026,0.65874,0.65874,0.1487,-0.82036,0.22521,0.37822,-1.5089,-0.41233,0.37822,0.42922,0.30171,0.1487,1.0923,1.5768,0.0977,-1.0244,-0.89686,-0.25932,0.73524,0.22521,-0.20832,0.0977,1.0158,1.1433,0.25071,-0.31033,-0.080812,0.0977,0.22521,0.32721,-0.029808,0.072198,0.1742,-0.10631,-0.080812,-0.080812,0.53123,1.1943,0.83725,-0.10631,0.072198,0.021195,-1.1519,-0.87136,-0.59084,0.68424,0.48022,0.70974,0.65874,0.37822,-0.38683,0.88825,0.58223,0.65874,0.19971,0.32721,-0.43783,-0.20832,-0.10631,-0.56534,-0.15732,-0.004307,0.37822,0.63323,0.30171,0.1487,0.35272,0.40372,0.1232,0.1232,0.072198,-0.25932,-0.28482,0.021195,0.88825,0.53123,-0.25932,-0.31033,-0.33583,0.22521,0.76074,1.2963,0.55673,-0.33583,-0.46334,-0.33583,-0.38683,-0.10631,0.73524,1.6278,0.32721,-0.36133,-0.89686,0.021195,0.0977,0.32721,0.19971,-0.029808,-0.080812,0.48022,-0.10631,0.1487,0.0977,0.22521,0.30171,0.1742,0.35272,-0.080812,0.22521,-0.38683,0.53123,0.68424,0.35272,-0.28482,-0.51434,0.046696,0.27621,0.40372,-0.004307,-0.38683,-0.10631,0.27621,0.65874,0.22521,0.1487,0.0977,0.63323,0.60773,-0.05531,-0.029808,-0.43783,0.0977,0.22521,0.1232,-0.080812,0.53123,0.1232,-0.25932,-0.10631,0.40372,0.19971,0.1232,-0.28482,-0.029808,0.22521,0.65874,0.63323,0.1742,0.53123,0.072198,-0.38683,-0.05531,-0.36133,1.1178,0.86275,-0.43783,-0.38683,-0.33583,0.30171,1.6023,0.1232,-0.59084,0.73524,0.021195,-0.20832,-0.43783,-0.51434,0.1232,0.63323,1.7298,0.48022,-0.36133,-0.10631,0.1487,0.1232,0.22521,-0.18282,0.0977,-0.15732,-0.004307,0.48022,0.50573,0.0977,-0.28482,-0.53984,0.91375,0.0977,0.021195,-0.23382,-0.33583,0.046696,0.86275,0.63323,0.50573,-0.53984,-0.15732,0.76074,1.0413,-0.43783,-0.87136,-0.18282,0.046696,-0.004307,0.73524,0.42922,-0.15732,0.046696,1.3473,0.76074,-0.71835,-0.31033,0.046696,0.22521,-0.31033,-0.25932,-0.05531,0.37822,0.45472,0.19971,1.2453,0.55673,-1.1264,0.19971,0.22521,-0.33583,0.32721,0.81175,0.19971,-0.080812,0.25071,-0.41233,-0.87136,0.40372,0.55673,0.30171,-0.004307,0.19971,0.0977,0.45472,0.78624,0.55673,-0.33583,-0.31033,-0.23382,-0.029808,-0.029808,0.1487,1.0413,0.27621,0.1232,-0.23382,0.53123,0.78624,0.78624,-0.25932,-0.23382,0.021195,-0.69285,-0.61635,-0.13181,0.072198,-0.004307,0.63323,1.0668,0.40372,0.021195,-0.31033,0.27621,0.63323,0.58223,-0.20832,-0.20832,0.25071,0.1742,-0.20832,-0.029808,0.021195,-0.28482,0.73524,0.50573,-0.20832,-0.05531,-0.029808,0.55673,0.22521,-0.31033,-0.51434,0.0977,0.99026,-0.10631,0.53123,0.19971,0.1742,0.48022,0.0977,0.046696,-0.59084,-0.10631,0.32721,0.55673,0.55673,0.19971,0.072198,-0.10631,-0.18282,-0.38683,0.35272,0.70974,0.60773,0.50573,-0.38683,-0.36133,-0.029808,0.19971,-0.10631,-0.080812,0.1232,0.53123,0.30171,0.1232,0.53123,0.96476,0.021195,-0.38683,-0.51434,0.83725,-0.20832,0.1487,0.22521,0.45472,-0.080812,-0.10631,-0.004307,-0.004307,-0.43783,-0.05531,0.96476,1.1178,0.22521,0.1232,-0.31033,-0.36133,0.046696,0.30171,0.78624,-0.20832,-0.53984,-0.38683,-1.0244,0.93925,1.2708,0.50573,0.1742,-0.59084,-0.20832,0.1742,-0.15732,-0.48884,0.1232,0.78624,0.83725,0.53123,-0.004307,-0.28482,0.32721,0.30171,0.25071,-0.080812,-0.51434,-0.05531,0.1487,0.60773,-0.28482,0.072198,0.73524,0.50573,-0.13181,-0.48884,-0.76936,1.2708,0.37822,-0.05531,0.27621,-0.004307,-0.48884,0.0977,0.63323,0.1487,0.072198,0.73524,0.1232,0.072198,0.046696,-0.029808,-0.61635,-0.10631,0.1742,0.63323,0.68424,-0.71835,-0.13181,1.4238,0.96476,0.58223,-0.18282,-0.61635,-0.53984,-0.51434,-0.46334,0.58223,0.53123,0.58223,0.88825,0.1232,-0.18282,-0.46334,-0.18282,-0.25932,0.1232,0.58223,0.68424,0.68424,0.65874,-0.004307,0.42922,0.046696,-0.28482,-0.79486,-0.46334,0.0977,0.65874,0.1232,-0.76936,0.70974,0.65874,0.42922,0.30171,0.55673,-0.64185,0.35272,0.1742,-0.05531,0.1487,0.45472,0.48022,0.27621,-0.61635,-1.1264,-0.38683,0.37822,-0.05531,-0.13181,0.30171,1.0923,0.53123,0.88825,-0.20832,-0.48884,-0.31033,0.046696,0.76074,0.55673,-0.13181,-0.05531,0.63323,0.072198,-0.25932,0.32721,-0.25932,0.1742,0.1487,0.35272,0.60773,0.63323,-0.004307,0.072198,0.30171,0.45472,0.1742,-0.31033,-0.66735,0.30171,0.046696,-0.87136,0.76074,1.2453,0.63323,-0.48884,-0.38683,-0.080812,0.1487,0.19971,-0.97337,0.99026,0.73524,0.19971,0.1232,-0.13181,0.1232,0.22521,0.25071,0.30171,-0.13181,-0.029808,-0.080812,0.35272,0.0977,0.22521,0.19971,0.40372,0.0977,0.48022,0.68424,-0.20832,-0.51434,-0.18282,-0.004307,0.1232,0.1487,0.53123,0.19971,0.22521,0.25071,0.1742,0.30171,0.072198,-0.15732,-0.05531,0.37822,0.27621,0.0977,0.27621,-0.18282,-0.13181,0.1742,0.58223,0.32721,-0.18282,-0.18282,0.1742,0.53123,0.37822,0.1232,-0.10631,-0.029808,-0.004307,0.25071,-0.13181,0.0977,0.35272,0.96476,0.22521,-0.004307,-0.31033,-0.28482,0.0977,0.70974,0.60773,0.021195,-0.20832,0.22521,-0.05531,-0.18282,0.32721,1.0413,-0.080812,-0.31033,0.072198,0.046696,0.91375,0.53123,-0.41233,0.1742,-0.18282,0.021195,0.19971,0.0977,-0.13181,0.1742,0.35272,0.1742,0.30171,0.73524,1.2198,0.22521,-0.18282,0.1742,-0.53984,-0.28482,-0.029808,-0.05531,0.1487,0.37822,-0.23382,0.1487,0.42922,1.1688,0.1487,-0.41233,-0.10631,0.0977,0.22521,0.30171,0.27621,0.45472,0.072198,-0.20832,-0.33583,-0.15732,0.81175,1.2708,-0.15732,-0.61635,-0.76936,0.1232,1.0668,0.1742,-0.080812,0.072198,0.19971,0.35272,0.0977,0.021195,0.27621,0.81175,0.60773,-0.38683,-0.20832,-0.004307,0.25071,0.30171,0.42922,0.1232,-0.46334,-0.029808,0.65874,1.0413,-0.20832,-0.48884,0.072198,0.25071,0.072198,-0.029808,0.021195,0.19971,0.021195,0.1232,0.32721,0.76074,0.40372,-0.18282,0.1487,-0.28482,0.32721,0.35272,-0.38683,-0.36133,0.1232,0.32721,0.1232,0.35272,0.1232,0.046696,0.1232,-0.004307,0.35272,-0.080812,0.60773,-0.15732,0.19971,0.046696,0.93925,0.32721,-0.36133,-0.33583,0.1487,-0.59084,-0.20832,0.0977,0.58223,0.70974,0.93925,0.83725,0.021195,-0.59084,-0.20832,-0.13181,-0.31033,0.021195,0.81175,0.91375,0.1232,0.021195,0.072198,-0.004307,0.021195,-0.15732,-0.10631,0.30171,0.93925,0.22521,0.25071,0.42922,-0.13181,-0.25932,-0.23382,-0.029808,-0.18282,-0.13181,0.40372,0.63323,0.65874,0.81175,1.0923,0.046696,-0.82036,-0.66735,-0.36133,-0.43783,-0.18282,-0.64185,1.0923,1.1688,1.2198,0.60773,-0.029808,-0.23382,0.021195,-0.15732,-1.0244,-0.41233,0.1232,0.63323,0.40372,0.48022,0.27621,0.1232,0.30171,0.22521,0.42922,-0.004307,-0.029808,-0.029808,0.046696,0.25071,0.1232,-0.23382,-0.15732,0.48022,0.65874,0.046696,0.072198,0.0977,0.021195,0.60773,0.35272,-0.029808,-0.13181,0.046696,0.19971,0.19971,0.22521,0.1487,0.42922,0.60773,-0.31033,-0.31033,-0.48884,-0.66735,0.55673,-0.10631,0.53123,0.65874,0.58223,0.19971,-0.38683,-0.53984,0.072198,0.55673,0.1232,0.0977,0.78624,0.50573,0.19971,-0.31033,-0.28482,-0.05531,-0.029808,0.1232,0.50573,0.68424,0.1232,0.22521,-0.15732,-0.59084,0.22521,0.32721,-0.20832,0.63323,0.63323,-0.080812,-0.029808,0.27621,0.072198,0.1487,0.76074,0.63323,-0.38683,-0.74385,-0.76936,0.25071,0.48022,0.48022,0.072198,0.22521,0.42922,0.42922,0.1487,0.1487,-0.080812,0.072198,-0.004307,-0.13181,0.40372,0.32721,0.1742,0.021195,0.1232,0.50573,-0.029808,-0.28482,-0.33583,0.1487,0.32721,0.32721,0.93925,0.37822,-0.080812,0.021195,-0.23382,-0.28482,0.22521,0.25071,0.40372,-0.25932,0.65874,0.25071,0.22521,-0.15732,-0.004307,0.37822,0.78624,0.0977,-0.05531,-0.38683,-0.51434,-0.33583,-0.18282,1.7553,0.25071,0.1232,-0.43783,-0.31033,0.1487,0.63323,0.25071,0.021195,0.1232,0.70974,0.35272,-0.10631,0.37822,0.50573,0.45472,-0.31033,-0.53984,-0.48884,-0.38683,0.78624,0.072198,-0.029808,0.53123,0.63323,1.1178,-0.13181,-0.48884,-0.38683,0.021195,0.1742,0.88825,0.55673,0.37822,-0.080812,-0.23382,-0.029808,0.27621,-0.15732,-0.004307,0.1742,0.35272,0.32721,0.27621,-0.48884,0.40372,0.45472,0.1487,0.072198,0.30171,0.1742,0.35272,-0.004307,0.19971,0.37822,-0.10631,-0.33583,0.021195,0.22521,-0.080812,-1.0244,0.42922,1.1688,0.81175,0.32721,-0.080812,-0.10631,0.1742,-0.15732,-0.080812,0.32721,0.40372,0.021195,0.1232,0.30171,-0.43783,0.32721,0.19971,-0.080812,0.22521,0.63323,0.45472,0.0977,-0.48884,-0.029808,0.73524,0.072198,-0.05531,0.021195,-0.05531,0.22521,0.021195,0.70974,0.046696,0.0977,0.1742,0.30171
0.1742,0.046696,0.1232,0.19971,0.1232,0.22521,0.27621,0.22521,0.1487,0.072198,0.021195,0.046696,0.1742,0.27621,0.1742,0.1487,0.1232,0.1487,0.1742,0.1232,0.0977,0.021195,0.1232,0.22521,0.30171,0.1742,0.25071,0.1487,0.021195,0.072198,0.1232,0.072198,0.046696,0.19971,0.27621,0.22521,0.1487,0.072198,0.1232,0.1232,0.046696,0.046696,0.0977,0.1487,0.22521,0.30171,0.25071,0.22521,0.19971,0.072198,0.072198,-0.004307,0.021195,0.1487,0.1232,0.1487,0.19971,0.1742,0.1232,0.046696,0.1232,0.0977,0.1232,0.1232,0.22521,0.25071,0.1232,0.072198,0.19971,0.0977,0.021195,0.046696,0.1742,0.19971,0.1742,0.22521,0.19971,0.046696,0.072198,0.046696,0.046696,0.0977,0.19971,0.27621,0.22521,0.22521,0.1232,0.1487,0.1487,0.1742,0.072198,0.021195,0.0977,0.27621,0.27621,0.19971,0.1232,0.0977,0.0977,0.19971,0.0977,0.021195,0.1232,0.19971,0.22521,0.1232,0.1742,0.19971,0.046696,0.072198,0.1232,-0.004307,0.1232,0.25071,0.1232,0.19971,0.22521,0.072198,0.0977,0.1742,-0.004307,0.072198,0.1742,0.22521,0.1742,0.32721,0.19971,0.1232,0.19971,0.0977,0.046696,0.0977,0.1232,0.19971,0.27621,0.22521,0.1742,0.19971,0.1742,0.021195,0.0977,0.1487,0.1487,0.19971,0.30171,0.19971,0.1487,0.046696,0.1742,0.1742,-0.004307,0.0977,0.1742,0.22521,0.1232,0.1487,0.25071,0.1232,0.072198,0.072198,0.1232,-0.004307,0.1232,0.27621,0.27621,0.1742,0.25071,0.1232,0.072198,0.1232,0.021195,0.021195,0.0977,0.19971,0.1487,0.19971,0.22521,0.1487,0.1232,0.1487,0.072198,0.046696,0.22521,0.1487,0.19971,0.27621,0.0977,0.1487,0.0977,0.046696,0.1232,0.1232,0.19971,0.1232,0.1232,0.27621,0.19971,0.0977,0.0977,0.072198,0.046696,-0.05531,0.27621,0.40372,0.22521,0.1232,0.1487,0.25071,0.30171,-0.029808,-0.05531,0.072198,0.0977,0.1742,0.25071,0.35272,0.1232,-0.004307,0.32721,0.25071,0.0977,-0.13181,-0.080812,0.021195,0.37822,0.1487,0.40372,0.1232,0.1742,0.1742,-0.10631,-0.05531,-0.05531,0.072198,0.1742,0.30171,1.0923,0.1232,0.19971,0.32721,-0.28482,-0.080812,-0.43783,0.021195,-0.71835,-0.10631,1.9338,0.96476,0.1232,0.1232,-0.13181,-0.31033,-0.94787,-0.10631,2.7499,0.40372,-1.4324,-3.651,-0.43783,5.5806,3.1324,-0.46334,-1.5599,-5.3852,-0.36133,5.8866,1.6278,-1.6109,-1.6874,0.48022,1.6023,3.1069,0.1742,-3.9061,-11.786,2.6734,4.433,3.8974,1.2708,1.6023,3.3364,0.78624,-3.243,-3.8806,-0.92237,0.53123,0.58223,0.93925,-0.28482,-2.7075,-0.23382,0.55673,2.4949,1.4493,0.91375,1.2453,0.1742,-1.7129,0.63323,2.5969,2.8009,-1.0499,-4.5691,-2.835,6.0651,2.6479,-0.59084,-2.5035,-1.0499,-0.029808,-0.59084,-0.92237,-0.31033,1.3983,0.55673,-3.1155,2.2398,0.0977,9.9668,1.6533,-2.1464,1.1433,0.1742,-1.5344,-2.835,-3.4725,-3.5235,-2.0699,0.99026,1.8828,3.2854,3.0559,1.2198,1.0923,0.48022,-2.1719,-2.529,-0.05531,-1.4834,3.2344,2.7754,-1.1264,5.5295,-0.92237,-3.141,-2.0444,-0.76936,-0.029808,-0.080812,0.40372,1.3728,1.7553,-1.8149,1.3473,0.25071,0.88825,-1.4069,-0.31033,0.53123,0.96476,0.30171,0.1742,-0.25932,-0.84586,0.27621,1.0413,0.27621,-0.59084,-0.48884,-0.31033,-1.7639,1.3473,0.046696,1.0668,2.5204,1.2963,-2.1209,2.5969,1.0413,-1.7384,-0.66735,-0.33583,-0.53984,-0.84586,-0.36133,0.60773,0.42922,0.73524,0.32721,0.76074,0.50573,1.6788,0.1232,-1.2794,-0.56534,0.046696,0.25071,0.1742,-0.20832,-0.97337,0.55673,0.60773,0.76074,1.0158,0.48022,0.42922,-0.82036,0.19971,-0.74385,-2.7075,2.9539,1.6023,0.53123,-0.53984,-1.5854,-3.549,1.4748,0.70974,1.2198,1.0923,0.73524,0.48022,0.1487,-0.36133,-0.79486,-0.43783,0.1742,0.45472,-2.5545,4.688,1.5768,-0.99887,-0.31033,0.73524,0.96476,0.42922,-0.94787,-2.0189,-3.1155,-2.0699,4.6625,1.3218,-0.51434,-0.23382,0.55673,1.3473,0.81175,0.76074,1.2453,-0.029808,-0.84586,-1.5344,-3.243,0.42922,-0.029808,0.93925,1.4748,2.0613,1.6533,0.55673,-0.92237,-0.94787,0.0977,-0.20832,-0.33583,-1.0754,0.021195,0.68424,1.5258,1.4493,-2.1719,3.1579,-2.529,2.5459,1.2453,-0.05531,-0.79486,-0.74385,-0.33583,0.45472,-0.84586,-1.3049,-0.71835,-0.69285,1.4493,-0.33583,2.7244,2.1888,0.22521,-1.0499,0.046696,0.91375,1.0668,-0.46334,-1.4069,-2.9625,0.88825,1.8318,-0.20832,-0.59084,0.19971,1.5513,1.6533,0.93925,-1.2284,-1.4324,-0.92237,-0.53984,0.30171,0.78624,0.19971,-0.10631,1.7043,2.1888,1.8063,-1.7639,1.1433,1.1433,-1.7384,-1.5599,-0.66735,0.93925,-0.33583,0.60773,0.1742,-0.51434,-0.13181,0.0977,0.73524,-0.28482,1.9593,2.0613,0.1742,-0.94787,-0.71835,-0.69285,0.25071,-0.10631,0.021195,0.0977,0.046696,0.32721,0.53123,0.99026,0.73524,-0.080812,0.22521,1.1688,-0.20832,-1.6619,0.99026,1.6278,-0.74385,-1.4834,0.25071,0.1487,0.22521,-0.080812,0.35272,0.68424,0.78624,0.32721,-1.1774,0.60773,3.8974,-0.31033,-0.76936,-0.48884,-0.48884,0.48022,0.1232,0.93925,0.046696,0.1487,0.35272,0.1742,-0.38683,-0.48884,-0.28482,0.021195,-0.84586,1.2963,0.30171,0.0977,1.1178,1.1433,0.1232,-0.89686,0.40372,0.1742,-0.18282,0.072198,0.046696,-0.23382,0.30171,0.63323,-0.41233,-0.004307,0.58223,0.37822,0.1232,-0.20832,0.22521,0.58223,0.072198,-0.28482,1.2708,1.7553,-0.13181,-0.59084,-0.69285,-0.74385,-0.48884,-0.59084,0.73524,1.2198,1.0923,0.22521,0.19971,-0.76936,-0.15732,1.3473,-0.004307,-0.76936,0.0977,-0.51434,1.4748,0.83725,-0.64185,0.25071,0.81175,-0.05531,-0.05531,0.1487,-0.46334,-0.61635,0.072198,-0.36133,0.96476,1.5513,1.1433,0.73524,-0.080812,-0.13181,0.1487,-0.029808,-0.59084,-0.74385,-1.4069,0.53123,0.81175,0.96476,0.55673,0.68424,0.021195,0.021195,-0.20832,-0.59084,0.1742,0.70974,0.19971,0.63323,-0.004307,-0.79486,0.30171,1.5513,1.3728,0.32721,-0.87136,-1.3304,-1.1519,-0.89686,0.53123,1.9593,0.68424,0.1742,0.072198,0.1487,0.19971,0.40372,0.50573,0.072198,-0.15732,-0.10631,0.32721,0.32721,0.53123,-0.71835,-0.99887,-0.31033,0.58223,0.58223,-0.004307,0.55673,1.2198,1.0413,-0.41233,-0.87136,-0.38683,0.021195,0.70974,-1.1774,1.9338,1.3983,-0.46334,-0.64185,-0.18282,-0.05531,0.50573,0.37822,1.1178,0.68424,-0.56534,-0.28482,-0.23382,0.40372,0.37822,0.35272,0.1232,0.70974,-0.13181,-0.69285,0.1487,0.32721,1.1943,0.73524,-0.33583,-0.89686,-0.41233,0.76074,0.046696,-0.25932,0.1742,1.0413,1.0923,0.021195,-0.15732,-0.080812,0.072198,0.1742,-0.31033,0.42922,0.046696,0.046696,0.65874,0.32721,0.0977,-0.13181,0.0977,0.1232,0.58223,0.1232,-0.64185,0.1742,-0.080812,-0.48884,0.30171,0.76074,0.19971,0.86275,0.76074,-0.48884,-0.15732,0.76074,0.021195,-0.56534,-1.2029,0.88825,0.65874,0.42922,-0.20832,-0.05531,0.072198,0.68424,0.35272,0.99026,-0.28482,-0.41233,-0.004307,-0.36133,0.70974,0.45472,-0.61635,0.1742,0.48022,0.37822,0.30171,-0.36133,-0.05531,0.55673,0.19971,0.0977,0.0977,0.35272,0.53123,-0.64185,-0.080812,0.32721,-0.48884,-0.10631,0.32721,1.0923,0.83725,0.42922,-0.029808,0.021195,-0.13181,-1.0244,0.53123,0.19971,-0.18282,-0.46334,2.2398,1.1433,-0.080812,-0.64185,-0.05531,0.30171,-0.28482,-0.87136,-0.53984,0.25071,-0.080812,1.1943,0.88825,0.63323,0.63323,0.40372,-0.13181,-0.66735,-0.31033,-1.1519,2.0613,0.19971,-0.71835,-0.25932,-0.38683,0.50573,0.58223,0.48022,0.32721,0.072198,0.22521,0.63323,-0.029808,-0.080812,-0.41233,-0.33583,-0.18282,0.60773,0.22521,1.4238,0.48022,0.021195,-0.69285,0.22521,0.072198,-0.10631,0.021195,0.63323,0.45472,-0.004307,-0.43783,-0.48884,-0.28482,1.0923,0.76074,0.35272,0.37822,0.021195,-0.51434,-0.59084,-0.15732,-0.004307,1.8063,0.63323,-0.41233,-0.029808,0.1487,0.1487,-0.51434,-0.31033,-0.59084,1.2453,0.37822,-0.15732,0.1232,0.072198,0.55673,-0.61635,0.78624,0.22521,0.22521,-0.15732,0.22521,0.45472,0.63323,0.072198,0.25071,0.1232,-0.41233,-0.64185,0.1742,0.50573,-0.15732,-0.33583,0.48022,0.73524,0.0977,0.93925,0.78624,-0.10631,-0.18282,-0.74385,-0.66735,-0.38683,1.2453,0.40372,0.42922,-0.25932,0.30171,0.42922,0.046696,-0.23382,-0.59084,-0.05531,1.1688,1.0158,0.32721,0.1232,-0.23382,-0.31033,-0.05531,0.25071,-0.10631,-0.56534,-0.38683,-0.05531,0.0977,0.53123,0.73524,0.42922,0.072198,0.25071,0.19971,0.48022,0.37822,-0.92237,0.50573,-0.080812,0.1742,-0.13181,-0.23382,0.42922,0.1487,-0.53984,1.0158,0.73524,-0.05531,0.072198,-0.51434,0.046696,0.63323,0.55673,0.42922,0.35272,0.48022,-0.28482,-0.74385,0.046696,0.27621,0.32721,-0.029808,0.0977,0.1742,0.40372,0.53123,0.48022,0.32721,-0.029808,-0.05531,0.021195,0.22521,0.70974,-0.080812,-0.25932,0.30171,0.1232,-0.080812,-0.18282,-0.18282,0.25071,0.32721,-0.18282,-0.15732,0.22521,0.60773,0.73524,0.68424,0.73524,-0.53984,0.86275,-0.99887,-0.10631,-0.25932,-0.23382,-0.15732,0.50573,0.63323,0.40372,0.072198,0.25071,0.55673,-0.69285,0.58223,0.22521,-0.33583,0.0977,0.40372,0.32721,0.35272,0.30171,0.60773,-0.029808,-0.59084,-0.05531,0.25071,-0.004307,-0.33583,1.0923,0.50573,-0.05531,0.32721,0.58223,0.1487,0.021195,-0.080812,-0.13181,0.021195,0.50573,0.1742,-0.10631,0.046696,-0.029808,0.19971,0.27621,0.27621,0.27621,0.1487,0.32721,0.73524,0.1232,0.32721,-0.080812,-0.71835,-0.82036,-0.20832,-0.05531,0.40372,-0.99887,0.88825,1.7298,1.0668,-0.029808,0.021195,-0.89686,-0.97337,-0.31033,0.42922,0.63323,0.53123,0.1232,0.19971,0.1232,-0.20832,-0.029808,0.53123,0.48022,0.22521,0.1487,0.30171,-0.13181,-0.05531,-0.20832,0.072198,0.45472,0.1487,0.37822,-0.05531,-0.69285,0.32721,0.70974,0.32721,0.32721,0.0977,0.0977,0.021195,-0.13181,-0.36133,-0.080812,0.1487,-0.18282,1.7808,1.8573,-0.20832,-0.61635,-0.080812,-0.48884,-0.38683,0.68424,-0.05531,-0.23382,0.50573,0.63323,-0.029808,0.021195,0.1232,0.22521,0.1487,0.32721,-0.10631,-0.51434,0.58223,0.1742,0.45472,0.42922,0.021195,-0.080812,0.19971,0.22521,-0.28482,0.65874,0.42922,-0.20832,-0.46334,-0.10631,0.50573,0.48022,0.19971,0.40372,-0.33583,-0.28482,0.072198,0.55673,0.68424,0.73524,0.1487,-0.20832,-0.53984,-0.43783,-0.080812,0.22521,0.50573,0.50573,-0.15732,0.25071,0.1742,-0.004307,-0.87136,1.7553,0.63323,-0.28482,-0.05531,0.1232,-0.15732,0.32721,0.021195,0.046696,0.046696,-0.18282,-0.66735,0.32721,0.32721,-0.71835,1.5003,0.58223,0.37822,0.40372,-0.05531,-0.36133,-0.38683,0.046696,0.53123,0.91375,-0.28482,-0.43783,0.19971,0.35272,-0.080812,-0.23382,-0.05531,0.1742,0.50573,0.63323,0.25071,0.1742,0.1742,0.27621,0.25071,-0.13181,-0.18282,0.072198,0.30171,0.1487,0.35272,0.0977,0.0977,-0.10631,-0.10631,0.25071,0.021195,-0.080812,0.072198,0.53123,0.0977,0.76074,0.91375,0.22521,0.021195,-0.029808,-0.23382,-0.080812,0.021195,0.1232,0.1742,0.19971,-0.05531,-0.97337,0.58223,0.53123,0.25071,0.22521,0.22521,0.76074,0.55673,0.48022,0.0977,-0.004307,-0.28482,-0.31033,0.021195,-0.18282,0.1232,0.30171,0.0977,0.072198,0.1742,0.63323,0.1232,-0.56534,0.1742,0.68424,1.2453,0.1742,-0.18282,-0.029808,-0.28482,-0.46334,-0.79486,-0.05531,0.81175,0.83725,0.35272,0.19971,0.30171,0.27621,0.0977,0.1232,-0.004307,0.021195,0.021195,0.25071,0.046696,0.25071,-0.004307,-0.20832,0.40372,0.73524,0.40372,0.021195,-0.10631,-0.05531,-0.36133,-0.23382,0.1487,0.35272,0.58223,0.42922,0.32721,0.40372,0.19971,-0.15732,-0.41233,-0.13181,0.1742,0.1742,-0.59084,0.76074,0.63323,0.27621,0.1232,0.19971,0.1232,-0.05531,0.96476,0.86275,0.32721,-0.74385,0.021195,-0.18282,-0.51434,-0.25932,-0.99887,1.8573,1.6278,1.0413,0.021195,-1.3559,-0.23382,1.0668,-0.05531,-0.33583,-0.029808,0.0977,0.32721,0.48022,0.1487,0.1742,0.30171,0.40372,0.76074,-0.029808,0.1487,-0.029808,-0.18282,-0.18282,-0.004307,-0.38683,0.046696,0.37822,0.42922,0.40372,-0.33583,0.96476,0.70974,-0.10631,-0.004307,-0.43783,0.58223,-0.080812,-0.59084,-0.28482,0.072198,0.32721,0.48022,0.65874,-0.004307,-0.10631,0.40372,0.19971,0.32721,0.32721,0.35272,0.1742,0.021195,-0.41233,0.046696,0.0977,0.55673,0.19971,-0.004307,-0.10631,-0.28482,0.27621,0.65874,0.40372,0.1232,0.0977,-0.28482,-0.25932,-0.23382,0.1232,0.45472,0.42922,0.27621,0.22521,0.1487,0.60773,0.32721,0.046696,-0.33583,0.046696,0.32721,0.1232,-0.029808,0.40372,0.73524,0.55673,-0.18282,-0.59084,-0.61635,-0.28482,-0.004307,-0.18282,0.96476,1.2708,0.78624,0.27621,-0.13181,-0.05531,0.1487,-0.080812,-0.48884,-0.51434,0.22521,0.53123,0.76074,0.072198,0.1742,0.53123,0.37822,-0.10631,-0.13181,0.1742,-0.029808,-0.51434,-0.05531,0.83725,1.2198,0.40372,-0.23382,-0.43783,-0.15732,0.19971,0.58223,-0.33583,-0.46334,0.072198,0.65874,0.76074,0.22521,-0.080812,-0.18282,0.1742,0.046696,0.30171,0.35272,0.30171,0.32721,0.35272,0.1232,-0.029808,-0.05531,0.046696,0.021195,-0.13181,-0.20832,0.37822,-0.56534,0.1487,0.35272,0.78624,0.88825,-0.87136,0.35272,0.19971,0.072198,0.046696,0.021195,0.072198,0.1487,0.19971,0.25071,0.30171,0.60773,0.53123,0.046696,-0.43783,-0.38683,-0.080812,0.1487,-0.029808,0.0977,-0.43783,1.5513,0.91375,0.27621,-0.25932,-0.05531,-0.43783,-0.10631,0.1742,0.35272,-0.080812,-0.080812,0.1232,0.37822,0.53123,0.65874,0.58223,0.27621,0.0977,-0.59084,-0.64185,-0.28482,0.1232,0.19971,0.35272,0.78624,0.68424,0.42922,-0.18282,0.021195,0.072198,0.046696,-0.23382,-0.15732,0.22521,0.30171,-0.41233,0.93925,0.35272,0.1232,-0.05531,-0.33583,0.021195,0.1487,0.45472,0.70974,0.1742,-0.13181,-0.28482,-0.46334,-0.13181,0.1742,0.30171,-0.10631,0.63323,0.91375,0.76074,0.25071,-0.080812,0.0977,-0.46334,-0.28482,-0.28482,-0.080812,0.30171,0.58223,0.0977,0.021195,0.32721,0.65874,0.42922,0.35272,0.1487,-0.080812,0.22521,0.1232,0.0977,-0.080812,0.1742,0.30171,0.1742,-0.31033,-0.029808,0.45472,0.072198,-0.84586,0.37822,0.37822,0.32721,0.27621,-0.53984,1.2708,0.86275,-0.46334,-0.18282,0.021195,-0.13181,-0.10631,-0.20832,-0.05531,0.58223,0.73524,-0.18282,-0.05531,0.25071,0.25071,0.046696,0.0977,0.072198,0.27621,0.40372,0.53123,0.40372,-0.38683,-0.31033,0.1232,0.42922,0.1742,-0.20832,-0.25932,0.046696,0.83725,0.30171,0.40372,0.40372,-0.05531,0.021195,0.53123,0.1742,-0.20832,-0.18282,0.19971,-0.23382,0.42922,0.1487,0.1232,0.32721,0.65874,0.68424,0.021195,-0.84586,-0.43783,0.1232,0.83725,0.1487,0.0977,0.021195,0.021195,-0.080812,-0.004307,0.1232,0.37822,0.78624,0.93925,0.0977,-0.18282,-0.20832,0.021195,0.53123,0.1742,-0.080812,0.1487,0.021195,0.27621,-0.20832,-0.10631,0.19971,0.42922,0.22521,0.40372,0.60773,0.27621,-0.28482,-0.029808,-0.13181,0.25071,-0.004307,-0.38683,-0.05531,0.58223,0.30171,0.78624,-0.004307,-0.13181,0.35272,0.32721,-0.20832,-0.25932,0.30171,0.50573,0.65874,0.48022,0.32721,-0.53984,-0.51434,-0.61635,-0.10631,0.1742,0.25071,0.65874,0.60773,0.30171,0.35272,0.0977,-0.31033,0.1487,0.42922,0.96476,0.27621,0.19971,-0.18282,-0.33583,-0.48884,-0.33583,-0.029808,-0.18282,0.1232,0.30171,0.81175,0.73524,0.19971,0.86275,0.1487,-0.61635,0.48022,-0.10631,-0.13181,-0.004307,-0.029808,-0.23382,-0.51434,0.60773,0.48022,0.1232,0.45472,0.73524,0.40372,0.0977,-0.43783,-0.61635,-0.13181,0.1487,0.65874,0.25071,0.22521,0.0977,0.046696,0.021195,0.25071,-0.13181,-0.080812,0.63323,0.73524,0.42922,-0.31033,0.072198,-0.10631,0.63323,-0.23382,-0.43783,0.1742,0.48022,0.072198,0.021195,-0.080812,-0.25932,0.30171,0.22521,0.70974,0.99026,0.1742,0.1487,-0.61635,0.48022,0.50573,-0.080812,-0.48884,-0.38683,0.021195,0.072198,0.27621,0.35272,0.35272,-0.029808,0.27621,0.072198,0.40372,0.55673,0.63323,-0.080812,-0.15732,-0.004307,0.25071,0.32721,-0.43783,0.22521,0.0977,-0.36133,0.1232,0.42922,0.50573,0.021195,0.32721,-0.15732,-0.05531,-0.004307,0.072198,0.30171,0.40372,-0.15732,1.0668,0.78624,0.0977,-0.38683,-0.43783,-0.31033,-0.13181,0.19971,0.1232,0.60773,0.42922,0.45472,0.22521,0.19971,-0.10631,0.072198,0.046696,-0.20832,-0.080812,0.19971,0.25071,0.35272,0.32721,0.27621,0.25071,0.32721,0.27621,-0.28482,-0.13181,0.25071,0.32721,0.021195,0.021195,0.021195,0.072198,0.19971,0.50573,0.55673,-0.48884,0.81175,-0.13181,0.30171,-0.28482,0.1487,0.1487,0.22521,0.0977,-0.38683,-0.23382,-0.13181,0.50573,0.78624,1.0923,0.046696,-0.004307,-0.029808,-0.20832,-0.38683,0.35272,0.0977,0.1742,0.73524,0.0977,0.19971,0.1487,-0.13181,-0.05531,-0.20832,0.30171,0.1742,0.19971,-0.080812,0.1232,0.046696,0.1487,0.65874,0.58223,0.0977,-0.05531,-0.05531,-0.05531,-0.05531,0.072198,0.1232,0.0977,0.1232,-0.029808,0.1232,0.19971,0.25071,-0.18282,0.53123,1.1688,0.0977,-0.23382,0.0977,0.27621,-0.15732,-0.31033,-0.20832,-0.20832,0.22521,0.35272,0.1742,0.55673,0.63323,0.27621,0.19971,0.1232,-0.004307,0.1742,0.30171,0.1742,-0.080812,-0.05531,-0.18282,0.0977,-0.18282,-0.004307,0.32721,0.42922,0.42922,0.53123,0.53123,0.0977,0.0977,-0.56534,-0.51434,-0.05531,0.50573,0.0977,0.1742,0.1742,0.27621,-0.18282,0.88825,0.70974,0.19971,0.19971,0.021195,-0.28482,0.1742,0.072198,-0.13181,-0.18282,-0.029808,0.32721,0.37822,0.53123,0.40372,0.1232,0.072198,-0.36133,-0.25932,-0.25932,0.25071,0.40372,0.1232,0.1487,0.53123,0.50573,0.1742,-0.23382,0.0977,0.021195,0.27621,0.22521,0.32721,0.45472,0.1742,-0.080812,-0.080812,-0.029808,-0.004307,-0.080812,0.30171,0.42922,0.55673,0.27621,0.1742,-0.31033,-0.38683,-0.76936,0.73524,0.93925,0.072198,-0.05531,-0.029808,0.19971,0.0977,0.30171,0.1232,0.40372,0.68424,0.27621,0.1232,-0.23382,-0.41233,-0.25932,-0.38683,0.0977,0.68424,0.93925,0.68424,0.42922,-0.23382,-0.18282,0.0977,-0.10631,-0.10631,0.22521,0.0977,0.1232,0.072198,0.42922,0.1232,0.1232,0.1742,0.48022,0.021195,0.32721,-0.10631,-0.43783,0.32721,1.5003,1.0923,-0.13181,-0.28482,-0.33583,-0.18282,0.0977,0.072198,0.072198,-0.23382,-0.33583,-0.13181,0.22521,0.42922,0.83725,0.88825,-0.029808,0.1742,0.22521,0.30171,-0.05531,-0.25932,-0.05531,-0.05531,0.1232,0.58223,0.48022,0.0977,0.046696,0.021195,-0.080812,-0.004307,0.19971,0.45472,-0.080812,-0.28482,-0.004307,-0.080812,0.35272,0.58223,0.40372,0.1487,-0.15732,-0.79486,0.81175,0.83725,0.53123,0.1232,-0.05531,0.021195,-0.48884,-0.84586,0.22521,1.4238,0.32721,-0.43783,-0.33583,-0.080812,0.42922,0.58223,0.58223,0.046696,0.1487,-0.10631,0.1742,0.50573,0.48022,0.046696,-0.029808,0.021195,-0.004307,-0.25932,-0.36133,-0.33583,-0.15732,0.42922,0.55673,0.73524,0.50573,0.35272,0.45472,0.25071,-0.10631,-0.13181,-0.36133,-0.004307,0.0977,0.48022,0.40372,-0.080812,-0.36133,-0.05531,1.3473,0.1487,-0.53984,-0.18282,0.072198,0.35272,0.48022,0.78624,0.1232,-0.080812,0.55673,-0.28482,-0.59084,-0.004307,0.86275,0.78624,-0.20832,0.1487,-0.029808,-0.004307,-0.05531,-0.18282,-0.13181,-0.18282,0.27621,0.53123,0.42922,0.48022,0.35272,0.65874,0.19971,-0.20832,0.046696,0.1487,0.19971,-0.31033,-0.28482,-0.23382,0.0977,0.19971,-0.10631,0.22521,0.1742,1.3218,0.53123,-0.20832,-0.029808,-0.029808,-0.20832,-0.080812,0.046696,0.65874,0.48022,0.021195,-0.13181,-0.13181,-0.33583,-0.48884,0.60773,0.42922,0.19971,0.021195,0.046696,0.22521,0.32721,0.27621,0.0977,-0.05531,0.22521,0.65874,0.48022,-0.69285,0.021195,0.73524,0.1232,-0.029808,-0.53984,0.1232,-0.004307,0.35272,0.19971,0.19971,0.046696,0.32721,0.19971,0.1742,0.072198,-0.080812,-0.10631,0.45472,0.76074,0.88825,-0.05531,-0.38683,0.046696,-0.080812,-0.10631,0.072198,0.19971,0.22521,0.22521,0.45472,-0.15732,-0.15732,0.0977,0.1487,0.40372,0.32721,0.1232,0.1742,0.22521,0.45472,0.1742,0.072198,-0.15732,-0.029808,0.1487,0.53123,0.22521,-0.05531,-0.25932,-0.23382,0.1232,0.30171,0.35272,0.53123,0.25071,0.40372,0.27621,-0.13181,-0.25932,0.76074,-0.15732,0.1487,-0.28482,-0.61635,0.99026,1.1178,0.48022,-0.25932,-0.51434,-0.28482,0.046696,0.1742,0.1232,0.27621,0.30171,0.42922,0.58223,0.1742,-0.029808,-0.004307,0.37822,0.53123,0.0977,-0.05531,0.35272,0.021195,-0.38683,-0.48884,-0.33583,-0.18282,0.35272,0.76074,0.30171,0.1742,0.072198,-0.004307,0.1487,0.32721,0.65874,0.046696,-0.080812,0.021195,0.53123,0.83725,0.35272,-0.36133,-0.66735,-0.43783,-0.28482,0.1742,-0.31033,0.96476,0.30171,0.70974,1.3473,0.27621,-0.28482,-0.029808,-0.13181,-0.080812,0.021195,-0.05531,0.0977,-0.15732,-0.25932,0.1232,0.25071,0.25071,0.25071,0.27621,0.50573,0.32721,0.0977,0.30171,0.32721,0.22521,0.35272,0.0977,-0.004307,-0.25932,-0.38683,-0.33583,-0.10631,0.42922,1.2963,0.60773,-0.28482,-0.56534,-0.31033,0.1487,0.1742,0.40372,0.88825,0.83725,0.27621,-0.28482,-0.31033,-0.25932,0.072198,-0.25932,0.0977,0.072198,0.88825,0.42922,0.1232,0.27621,-0.10631,-0.33583,0.68424,0.22521,-0.48884,0.046696,0.50573,0.45472,-0.31033,0.046696,0.072198,0.021195,0.072198,0.19971,0.48022,0.32721,0.072198,-0.004307,0.021195,0.58223,0.19971,0.072198,0.19971,0.046696,0.22521,0.42922,0.1232,0.021195,-0.51434,0.37822,-0.05531,0.0977,0.0977,0.32721,0.1232,0.1487,0.1742,0.072198,0.45472,-0.28482,0.48022,0.65874,0.30171,-0.13181,-0.029808,-0.080812,-0.029808,-0.080812,0.30171,0.25071,0.072198,-0.10631,0.22521,0.50573,0.25071,0.0977,0.0977,0.19971,0.30171,0.35272,0.021195,0.27621,0.40372,0.046696,-0.43783,-0.41233,0.1232,0.046696,-0.38683,0.70974,0.32721,0.0977,0.42922,0.30171,0.40372,0.19971,0.0977,-0.080812,0.50573,-0.31033,-0.10631,0.32721,0.53123,-0.029808,-0.029808,0.19971,0.32721,0.45472,0.072198,0.046696,0.1487,-0.76936,0.50573,0.1232,-0.18282,0.021195,0.1232,0.32721,0.53123,0.1232,-0.13181,0.35272,0.55673,0.37822,0.19971,-0.33583,-0.74385,-0.69285,0.1232,1.2198,0.96476,-0.05531,-0.05531,-0.029808,-0.029808,0.0977,-0.13181,0.0977,0.37822,0.42922,0.021195,-0.15732,0.0977,0.96476,0.55673,0.30171,-0.18282,-0.18282,-0.05531,-0.31033,-0.25932,0.27621,0.021195,0.1742,0.42922,0.45472,0.32721,0.58223,0.68424,-0.51434,-0.18282,-0.029808,-0.59084,0.48022,0.1742,0.1742,0.37822,0.81175,0.021195,0.021195,-0.004307,-0.080812,-0.38683,-0.51434,-0.18282,0.25071,0.25071,0.27621,0.42922,0.50573,0.65874,0.48022,-0.18282,-0.25932,0.021195,0.30171,-0.05531,-0.004307,0.25071,0.73524,0.072198,-0.36133,-0.080812,-0.080812,0.37822,0.046696,0.072198,0.42922,0.37822,0.27621,0.072198,-0.05531,-0.28482,0.1742,0.50573,0.91375,-0.05531,-0.15732,-0.10631,0.19971,0.55673,-0.36133,-0.18282,0.1742,0.81175,0.25071,-0.080812,-0.080812,0.0977,0.1232,0.32721,0.60773,0.1742,-0.080812,0.072198,0.22521,-0.23382,0.55673,0.42922,-0.56534,-0.51434,0.70974,0.48022,-0.53984,0.40372,0.25071,0.35272,0.22521,-0.20832,-0.38683,-0.10631,0.40372,0.65874,1.1178,0.30171,0.19971,-0.05531,-0.28482,0.046696,0.27621,0.30171,0.1487,-0.080812,-0.20832,-0.15732,0.1742,-0.05531,0.1232,0.35272,0.1232,0.27621,0.32721,0.1232,-0.029808,0.1742,0.45472,0.1232,0.40372,0.021195,-0.31033,0.1487,0.60773,-0.41233,-0.10631,0.30171,1.1943,0.1487,-0.10631,-0.15732,-0.004307,-0.029808,-0.080812,-0.59084,0.48022,0.072198,0.27621,0.50573,0.73524,0.19971,0.19971,0.53123,0.60773,-0.31033,-0.59084,-0.31033,0.1232,0.70974,-0.080812,0.1232,0.32721,0.1742,-0.59084,0.1742,-0.15732,1.3473,1.3473,-0.20832,-0.41233,-0.43783,0.046696,0.45472,-0.080812,-0.36133,-0.15732,0.0977,0.1487,0.68424,0.42922,0.1232,0.072198,0.53123,0.78624,-0.029808,-0.36133,-0.28482,-0.10631,-0.004307,0.35272,0.45472,0.1232,0.021195,0.30171,0.63323,0.25071,-0.51434,-0.38683,-0.31033,0.25071,0.60773,0.68424,0.40372,-0.28482,-0.10631,-0.36133,0.88825,0.53123,-0.029808,-0.13181,-0.15732,-0.13181,0.30171,0.27621,-0.05531,0.046696,0.1232,0.53123,0.021195,-0.15732,0.1487,0.27621,0.22521,0.046696,-0.18282,0.1487,0.48022,0.91375,0.37822,0.021195,-0.13181,-0.33583,-0.36133,0.021195,-0.029808,-0.080812,-0.080812,0.25071,0.83725,0.58223,0.1742,0.046696,-0.05531,0.45472,0.42922,0.48022,-0.080812,-0.46334,-0.46334,0.072198,0.1742,0.68424,0.1232,0.021195,0.19971,0.27621,0.0977,-0.10631,0.25071,0.81175,0.35272,0.42922,-0.18282,-1.4579,0.48022,0.65874,-0.080812,-0.13181,0.35272,0.35272,0.30171,0.046696,-0.20832,-0.05531,0.19971,0.22521,0.32721,0.32721,0.58223,0.40372,-0.029808,-0.20832,-0.13181,-0.10631,0.021195,-0.25932,0.1232,0.1742,0.32721,0.40372,0.32721,0.42922,0.22521,0.27621,0.0977,-0.18282,0.046696,0.072198,0.1232,-0.05531,0.27621,-0.74385,0.35272,0.48022,0.40372,0.32721,0.0977,0.1742,0.1487,-0.004307,-0.080812,-0.05531,0.40372,0.27621,0.27621,-0.029808,-0.029808,0.1742,0.35272,0.1742,0.1232,0.021195,0.1742,0.58223,0.78624,-0.28482,-0.28482,-0.004307,0.072198,-0.004307,0.1232,0.1487,0.1742,0.37822,0.25071,0.072198,0.19971,0.25071,0.76074,0.55673,0.046696,-0.33583,-0.48884,-0.33583,-0.05531,0.22521,0.40372,0.48022,0.42922,0.27621,0.072198,-0.43783,0.072198,0.45472,0.35272,0.32721,0.1232,-0.18282,-0.51434,0.58223,0.96476,0.021195,-0.23382,-0.20832,0.42922,0.40372,0.25071,-0.33583,-0.25932,0.0977,0.32721,0.68424,0.1487,0.072198,-0.004307,0.072198,0.1487,0.25071,-0.31033,0.53123,0.60773,0.0977,1.2198,-0.31033,-0.76936,-0.71835,-0.28482,0.1232,0.76074,0.37822,0.22521,0.1742,0.021195,0.22521,-0.029808,-0.28482,0.1742,1.0158,0.42922,0.42922,0.42922,0.19971,-0.18282,-0.79486,-0.64185,-0.18282,0.53123,0.1487,0.65874,0.68424,0.63323,0.35272,-0.31033,-0.53984,-0.41233,-0.76936,0.93925,0.68424,0.22521,0.046696,0.22521,0.55673,0.65874,-0.18282,-0.20832,-0.004307,0.22521,-0.05531,-0.10631,0.0977,0.73524,0.22521,-0.080812,-0.15732,-0.41233,0.1742,0.021195,0.93925,1.0923,0.93925,0.1487,-0.23382,-0.43783,-0.41233,-0.15732,-0.10631,0.27621,0.22521,0.32721,0.42922,0.25071,0.25071,0.32721,0.046696,-0.029808,0.1742,0.22521,0.19971,0.1742,-0.18282,0.19971,0.53123,0.27621,-0.25932,-0.13181,0.1232,0.53123,0.046696,-0.004307,0.072198,-0.10631,0.48022,0.32721,0.1487,-0.10631,0.1487,0.32721,-0.029808,1.1178,0.45472,-0.080812,-0.38683,-0.18282,-0.004307,0.22521,-0.05531,0.19971,0.42922,0.1487,-0.20832,0.046696,-0.05531,0.35272,0.81175,0.046696,-0.36133,0.1232,0.68424,0.25071,0.072198,0.046696,0.0977,0.27621,0.1742,-0.080812,-0.23382,0.1742,0.35272,0.37822,0.19971,-0.31033,-0.13181,0.0977,0.35272,0.27621,0.1487,0.73524,0.78624,0.19971,-0.15732,-0.38683,-0.05531,-0.15732,-0.029808,0.046696,0.19971,0.53123,0.53123,0.1487,0.19971,0.046696,0.021195,0.81175,0.25071,-0.15732
0.27621,0.22521,0.1232,0.1232,0.072198,0.072198,0.046696,0.1742,0.22521,0.22521,0.1487,0.22521,0.1232,0.072198,0.1232,0.1487,0.046696,-0.004307,0.1487,0.25071,0.22521,0.1487,0.22521,0.19971,0.1742,0.1232,-0.004307,0.072198,0.22521,0.22521,0.1742,0.1232,0.22521,0.1232,0.0977,0.021195,0.072198,0.1487,0.1742,0.1742,0.1742,0.22521,0.1232,0.021195,0.19971,0.1232,0.072198,-0.004307,0.1232,0.25071,0.1232,0.19971,0.19971,0.19971,0.072198,0.0977,0.046696,0.072198,0.22521,0.25071,0.1232,0.25071,0.1232,0.0977,0.1487,0.072198,0.0977,0.0977,0.0977,0.1742,0.27621,0.22521,0.1232,0.072198,0.0977,0.1232,0.1232,0.1232,0.1742,0.22521,0.072198,0.19971,0.22521,0.1232,0.072198,0.0977,0.1487,0.1232,0.1232,0.1742,0.1742,0.22521,0.1487,0.1232,0.072198,0.072198,0.1742,0.072198,0.021195,0.25071,0.25071,0.19971,0.0977,0.1232,0.1232,0.1742,0.1742,0.19971,0.1742,0.19971,0.1232,0.1487,0.1742,0.27621,0.046696,0.0977,0.046696,0.021195,0.072198,0.19971,0.25071,0.22521,0.1232,0.1232,0.1232,0.1232,0.1232,0.072198,0.072198,0.19971,0.22521,0.25071,0.22521,0.1232,0.046696,0.021195,0.046696,0.046696,0.19971,0.25071,0.22521,0.27621,0.1232,0.1232,0.1487,0.1232,0.021195,0.072198,0.1742,0.22521,0.22521,0.1487,0.19971,0.1232,0.046696,0.021195,0.021195,0.1232,0.1232,0.1487,0.0977,0.1742,0.22521,0.1742,0.046696,0.0977,0.1487,0.1232,0.0977,0.22521,0.1742,0.1232,0.19971,0.22521,0.0977,0.072198,0.1232,0.072198,0.1232,0.1487,0.19971,0.19971,0.1742,0.1232,0.1232,0.046696,0.0977,0.072198,0.1232,0.1742,0.046696,0.35272,0.53123,0.19971,-0.004307,-0.10631,-0.080812,-0.05531,0.1232,0.30171,0.32721,0.19971,0.1487,0.1232,0.1742,0.046696,-0.004307,0.0977,0.22521,0.25071,0.0977,0.0977,0.1487,0.0977,0.072198,0.046696,0.046696,0.32721,0.32721,0.32721,0.1742,-0.10631,0.0977,0.1487,0.1232,0.35272,-0.080812,-0.004307,-0.05531,0.30171,0.30171,0.1487,-0.080812,0.1742,0.19971,0.53123,-0.20832,-0.36133,0.30171,0.68424,0.32721,-0.28482,-0.23382,0.35272,0.53123,0.19971,-0.18282,-0.46334,0.072198,1.3473,1.1943,-1.8404,-0.10631,3.8974,0.76074,-1.7639,-2.8605,-0.59084,1.5003,-1.5854,-8.0373,6.3201,8.2582,1.7298,-0.15732,-3.039,0.96476,0.37822,-0.74385,-2.478,-5.7677,-6.6092,10.349,8.0797,-8.0373,0.48022,4.1525,-0.59084,3.0814,0.60773,-2.1209,-1.6619,-3.0135,2.7244,1.0158,-5.1811,0.32721,-3.5235,-1.1774,12.951,3.6679,-2.835,-3.498,-6.0227,5.6571,5.3255,-3.5235,-6.2777,-4.1356,-10.383,9.0488,11.14,2.0613,-2.631,2.6479,-1.7894,-5.8187,4.4075,0.37822,-2.2995,-3.447,-0.31033,1.4748,2.4694,5.7846,1.0158,-0.66735,-0.66735,-3.9316,-1.9169,-2.2229,-0.84586,2.0103,1.6278,1.4493,0.072198,1.1178,0.50573,-5.1556,5.1725,5.045,-4.6711,-0.48884,-1.3559,-0.080812,-1.0499,1.3218,3.7699,0.072198,-0.76936,0.40372,-1.4324,-2.0189,-1.7129,0.53123,0.91375,0.73524,2.3418,1.1688,0.76074,0.42922,0.046696,-0.080812,-1.0244,-0.99887,-0.48884,-0.10631,-0.029808,-0.46334,-2.8095,4.382,2.6224,0.50573,-0.10631,-0.15732,0.27621,-0.33583,1.6533,-1.1009,-0.94787,-0.28482,-0.20832,-0.13181,0.58223,0.70974,0.63323,0.45472,-0.004307,-1.2029,0.70974,1.0923,0.45472,0.65874,0.1232,0.35272,-0.48884,-1.1519,-0.94787,-0.51434,-0.080812,-0.080812,1.2198,0.78624,-0.38683,1.4238,1.2198,-0.28482,-0.48884,-0.64185,0.50573,0.73524,-0.84586,1.8318,1.2453,-0.38683,-0.59084,-0.74385,-0.43783,-1.1774,2.6479,-0.61635,0.73524,0.70974,0.73524,0.046696,-0.41233,-0.080812,0.55673,0.19971,0.32721,-0.36133,-1.6619,-0.13181,1.3728,1.2453,0.22521,-0.25932,0.78624,0.25071,-0.28482,-0.66735,0.021195,0.60773,0.45472,-0.18282,0.046696,-0.004307,-0.61635,-0.080812,0.40372,1.3473,0.91375,0.27621,0.81175,0.81175,-0.080812,-1.9424,-0.46334,-2.9625,2.5204,0.48022,0.046696,-2.3505,3.4894,1.1688,0.37822,-0.69285,-1.6619,-0.97337,-0.10631,-0.004307,-0.41233,0.072198,0.37822,0.91375,0.96476,0.78624,-0.66735,0.53123,1.3473,0.86275,-0.10631,-1.5599,0.76074,0.68424,0.55673,-0.10631,-1.0499,-0.99887,-0.28482,0.68424,0.1742,-0.25932,-0.15732,0.19971,0.76074,-2.1719,3.8974,0.88825,-2.2229,3.5914,0.32721,-0.92237,-0.84586,-0.31033,-0.004307,-0.029808,-0.66735,-1.2029,0.1487,1.1943,1.4748,0.19971,0.1487,1.5258,0.76074,-1.7894,-0.15732,-0.05531,0.1232,0.55673,-0.74385,-0.10631,-0.20832,0.45472,1.1943,1.3473,0.48022,-0.89686,0.1232,-0.05531,-0.41233,-0.69285,-0.029808,0.45472,0.37822,0.53123,0.50573,0.25071,-1.7894,2.0358,2.3163,-0.33583,-0.89686,-1.1009,-0.18282,0.48022,0.73524,-0.46334,0.55673,0.93925,1.0413,0.22521,-0.64185,0.0977,0.1487,-0.61635,-0.82036,0.88825,1.3473,0.22521,-0.43783,-0.41233,-0.23382,-0.029808,-0.080812,-0.33583,-3.9571,5.249,2.4438,-0.53984,-0.59084,-0.28482,-0.004307,0.072198,-0.76936,-1.0754,-0.029808,0.58223,-0.004307,0.68424,1.4493,0.53123,-0.46334,0.1232,0.37822,0.30171,0.021195,-0.20832,-0.23382,-1.0244,0.021195,1.1943,1.1178,-0.18282,-0.48884,-0.18282,0.65874,0.0977,0.32721,0.0977,0.45472,-0.05531,-0.28482,-0.05531,0.046696,0.83725,-0.46334,0.1742,0.021195,0.40372,0.1232,0.1232,-0.23382,0.50573,0.53123,0.1232,-0.84586,0.55673,0.1487,-0.43783,1.3218,0.81175,-0.10631,-0.79486,-0.61635,-0.20832,0.1487,-0.20832,1.4238,0.32721,0.73524,0.1232,-0.080812,0.22521,0.072198,-0.23382,-0.029808,-0.05531,-0.15732,0.046696,0.30171,0.072198,0.35272,0.50573,0.27621,0.0977,-0.61635,0.63323,0.93925,0.73524,0.22521,-0.28482,0.072198,-0.64185,-0.69285,-0.89686,0.70974,-0.69285,0.83725,0.83725,0.55673,0.021195,-0.029808,0.45472,0.1742,-0.13181,0.19971,0.37822,0.1232,-0.89686,0.50573,0.78624,-0.46334,0.35272,0.81175,0.37822,0.1232,-0.56534,-0.79486,0.63323,-0.53984,0.68424,-0.10631,0.021195,0.0977,0.19971,0.37822,0.40372,0.35272,0.83725,0.83725,-0.080812,-0.31033,-0.41233,-0.89686,0.53123,0.22521,1.1433,-0.18282,-0.004307,0.046696,-0.05531,-0.59084,0.35272,0.22521,0.25071,0.58223,0.76074,0.93925,0.53123,-0.25932,-0.48884,-0.59084,-0.28482,-0.20832,-0.004307,0.22521,0.22521,0.88825,0.22521,0.40372,0.73524,1.2198,-0.33583,-0.87136,-0.28482,0.072198,-0.18282,-0.33583,0.40372,0.55673,0.1232,0.22521,-0.33583,0.1487,1.2453,0.73524,-0.59084,0.48022,1.0158,-0.10631,-0.28482,-0.53984,0.58223,-0.36133,-0.18282,0.60773,0.78624,-0.15732,-0.43783,-0.31033,-0.46334,0.73524,0.58223,1.2198,0.83725,-0.05531,-0.15732,-0.25932,-0.18282,-0.31033,0.42922,-0.13181,0.30171,0.1742,-0.080812,0.88825,0.1742,0.37822,1.0158,-0.029808,-0.43783,-0.36133,-0.48884,-0.41233,0.1487,0.37822,1.0158,0.60773,0.25071,0.42922,0.32721,-0.38683,-0.61635,-1.3304,1.1178,1.5003,-0.05531,-1.1519,0.63323,0.83725,-0.13181,-0.18282,-0.36133,-0.10631,0.1487,-0.080812,0.45472,0.93925,1.3983,0.78624,0.27621,-0.23382,-0.38683,-0.46334,-0.31033,-0.87136,0.50573,0.76074,0.1487,-0.029808,0.1487,0.021195,0.37822,0.1742,0.48022,0.48022,0.1487,-0.38683,0.27621,0.1232,-0.13181,-1.1264,0.68424,1.4238,0.27621,-0.59084,-0.43783,-0.28482,0.37822,0.63323,-0.029808,0.42922,1.1943,-0.64185,0.60773,-0.53984,-0.99887,0.1487,1.5003,1.5258,1.6278,0.25071,-1.0244,-1.2794,-1.5599,-1.4324,-0.64185,-0.029808,0.19971,1.7553,1.3473,0.91375,0.96476,0.40372,0.48022,0.65874,0.30171,0.021195,-0.33583,0.91375,-0.41233,-1.2029,-0.71835,-1.6109,0.45472,1.3218,-0.31033,0.32721,0.35272,-0.13181,1.6278,-0.13181,-0.56534,-0.25932,-0.080812,0.1232,0.35272,0.32721,0.53123,0.53123,0.40372,0.63323,0.42922,-0.004307,-0.41233,-0.46334,-1.3304,0.93925,1.5003,0.50573,0.1487,-0.43783,-0.89686,-0.61635,0.021195,0.37822,0.55673,0.73524,0.27621,-0.33583,1.1688,0.19971,-0.28482,-0.25932,-0.33583,-0.99887,1.8573,0.68424,0.1742,0.25071,-0.05531,-0.48884,-0.43783,-0.28482,0.19971,0.50573,0.73524,0.046696,-0.18282,0.55673,0.50573,0.58223,0.1742,-0.13181,-0.64185,-0.31033,0.25071,0.1742,0.1232,0.55673,0.1487,0.22521,0.046696,0.021195,0.45472,0.072198,-0.05531,0.27621,0.48022,0.30171,0.1232,0.35272,-0.15732,0.1487,-0.69285,0.021195,-0.43783,-0.05531,0.78624,0.78624,0.68424,0.48022,-0.31033,-0.59084,-0.31033,0.81175,0.27621,0.32721,0.22521,0.1742,0.45472,0.27621,-0.20832,-0.28482,-0.004307,-0.080812,0.021195,-0.28482,0.37822,-0.33583,1.5768,0.60773,-0.004307,-0.97337,0.1232,0.99026,0.22521,0.55673,-0.20832,-0.080812,-0.029808,0.021195,-0.76936,0.27621,0.046696,0.22521,0.35272,0.072198,0.45472,0.88825,0.76074,0.35272,-0.51434,-0.36133,-0.080812,0.40372,0.32721,0.021195,-0.18282,-0.080812,0.22521,0.072198,0.072198,0.25071,-0.05531,0.1232,0.42922,1.0158,0.1742,-0.20832,0.046696,0.021195,0.25071,-0.33583,-0.18282,-0.10631,0.55673,0.70974,0.30171,0.072198,0.55673,0.1232,-0.28482,-0.23382,-0.38683,0.1487,-0.28482,0.1232,0.81175,1.1943,0.81175,-0.029808,-0.46334,-0.10631,0.40372,0.53123,-0.82036,-0.82036,-0.43783,0.53123,0.93925,0.32721,-0.004307,-0.029808,0.42922,0.55673,0.37822,0.40372,0.83725,0.19971,-0.23382,-0.28482,-0.28482,-0.41233,0.27621,0.25071,0.22521,-0.10631,0.30171,0.37822,0.32721,0.046696,-0.029808,0.88825,0.65874,-0.05531,-0.28482,-0.13181,-0.20832,0.1487,0.021195,0.072198,0.1232,0.30171,0.19971,-0.71835,0.35272,1.0668,1.1688,0.42922,-0.36133,-0.48884,0.021195,-0.28482,-0.004307,0.021195,0.19971,0.25071,-0.18282,-0.05531,0.50573,0.83725,0.37822,0.0977,0.021195,0.021195,0.021195,-0.48884,-0.004307,0.25071,0.55673,0.1487,0.53123,0.91375,-0.28482,-0.31033,0.25071,0.70974,0.42922,-0.080812,-0.74385,-0.66735,0.1742,0.42922,0.93925,-0.004307,-0.23382,-0.33583,0.072198,0.53123,1.2708,0.35272,0.0977,0.1487,0.046696,-0.20832,-0.79486,0.48022,0.63323,0.19971,-0.029808,-0.38683,-0.029808,-0.080812,0.30171,0.0977,-0.28482,-0.25932,0.27621,0.27621,1.7808,1.4493,-0.15732,-0.05531,-0.46334,-0.87136,-0.69285,-0.43783,0.021195,0.88825,1.0158,0.73524,-0.10631,-0.080812,-0.004307,0.19971,0.1742,-0.23382,-0.15732,-0.080812,0.22521,0.68424,0.25071,0.19971,0.48022,0.50573,0.22521,0.046696,-0.13181,-0.25932,-0.15732,0.046696,0.1487,0.072198,-0.029808,-0.10631,0.45472,0.63323,0.88825,-0.029808,-0.36133,-0.31033,0.021195,0.27621,0.53123,-0.004307,0.1232,-0.029808,-0.28482,0.0977,-0.33583,0.65874,1.5003,0.88825,-0.05531,-0.89686,-0.23382,-0.13181,-0.080812,-0.18282,0.35272,0.53123,0.37822,0.37822,0.072198,-0.004307,0.072198,0.42922,0.046696,-0.029808,-0.080812,0.19971,0.27621,0.22521,0.1232,-0.25932,-0.080812,0.0977,0.22521,-0.004307,-0.10631,0.1232,0.30171,0.22521,0.30171,0.30171,0.19971,0.072198,0.91375,1.0413,0.32721,-0.38683,-0.61635,-0.51434,-0.76936,-0.080812,1.4493,0.25071,-0.05531,0.22521,0.0977,0.65874,0.55673,0.072198,-0.59084,-0.66735,-0.69285,0.37822,0.93925,0.73524,0.73524,-0.13181,-0.13181,-0.029808,0.22521,0.83725,-0.18282,-0.41233,-0.28482,0.1232,0.70974,-0.13181,-0.38683,-0.004307,0.53123,1.1178,0.1742,-0.20832,-0.20832,0.25071,0.63323,0.22521,-0.23382,-0.41233,-0.05531,0.35272,0.68424,0.32721,0.27621,-0.029808,0.021195,0.53123,-0.004307,-0.05531,-0.10631,-0.080812,0.072198,0.046696,0.35272,-0.080812,0.91375,1.2708,-0.23382,-0.61635,-0.48884,-0.36133,0.45472,0.88825,0.70974,0.072198,0.046696,-0.31033,-0.23382,-0.56534,-0.13181,0.63323,0.78624,0.32721,-0.18282,-0.080812,0.63323,0.81175,0.53123,-0.15732,-0.20832,-0.31033,-0.41233,0.021195,0.25071,-0.080812,0.30171,0.40372,0.55673,0.25071,0.1742,-0.080812,0.27621,0.30171,0.48022,-0.28482,0.072198,0.22521,0.19971,-0.43783,-0.20832,0.32721,0.1232,0.0977,0.32721,-0.20832,-0.029808,0.58223,1.4748,0.1742,-0.51434,0.32721,0.0977,0.072198,0.046696,-0.13181,-0.25932,0.19971,0.73524,0.53123,0.021195,-0.25932,0.1232,0.35272,0.93925,0.1742,-0.28482,0.021195,0.19971,-0.36133,-0.36133,-0.10631,0.32721,0.48022,0.65874,0.76074,0.021195,-0.38683,-0.004307,0.32721,0.58223,-0.33583,-0.18282,0.1742,1.1943,0.25071,-0.31033,-0.05531,0.32721,0.19971,0.021195,-0.31033,-0.38683,-0.25932,-0.92237,1.4238,1.3218,0.40372,0.27621,0.1742,0.42922,-0.004307,-0.53984,-0.51434,-0.080812,0.22521,0.50573,0.55673,0.19971,0.072198,-0.13181,0.021195,0.25071,0.32721,0.45472,0.32721,0.22521,0.55673,-0.080812,-0.46334,-0.53984,-0.33583,0.021195,0.19971,0.68424,0.42922,-0.080812,0.25071,0.65874,-0.004307,0.1742,0.60773,0.68424,-0.18282,-0.36133,-0.53984,-0.33583,0.021195,0.55673,0.42922,0.32721,0.32721,0.37822,-0.080812,-0.080812,0.25071,0.40372,0.021195,-0.029808,-0.18282,-0.13181,0.1232,-0.20832,0.78624,0.42922,0.53123,0.88825,0.072198,-0.51434,-0.20832,-0.56534,0.45472,0.1232,-0.31033,0.19971,0.58223,0.1742,0.1232,-0.05531,-0.080812,-0.029808,0.19971,0.40372,0.50573,0.42922,0.27621,-0.13181,-0.10631,0.22521,0.63323,0.65874,0.021195,-0.46334,-0.28482,-0.28482,0.072198,0.046696,0.1487,-0.18282,-0.004307,0.55673,0.60773,0.50573,0.30171,0.1742,0.32721,0.1487,-0.28482,-0.10631,0.072198,-0.41233,-0.23382,0.1742,0.53123,0.32721,0.42922,0.45472,0.1232,0.072198,0.32721,0.25071,0.19971,-0.18282,0.021195,0.22521,-0.15732,0.48022,-0.13181,-0.28482,-0.23382,0.60773,0.45472,-0.41233,0.65874,0.60773,0.32721,0.19971,0.0977,-0.10631,-0.080812,-0.13181,0.046696,0.1487,-0.029808,0.50573,0.35272,0.1742,-0.33583,-0.18282,0.1232,1.2963,0.63323,-0.18282,-0.28482,-0.080812,0.22521,-0.69285,0.68424,0.40372,0.45472,0.021195,-0.18282,-0.38683,-0.23382,0.32721,0.91375,0.32721,-0.20832,-0.15732,-0.080812,0.1232,0.42922,0.88825,0.88825,0.53123,0.19971,-0.66735,-0.69285,-0.23382,-0.28482,0.1742,0.072198,0.30171,0.37822,0.48022,0.021195,0.32721,0.81175,-0.029808,0.42922,-0.25932,0.22521,-0.15732,-0.56534,-0.18282,0.1232,0.1232,-0.10631,0.1232,0.1487,0.30171,0.55673,0.50573,0.93925,1.0158,0.35272,-0.20832,-0.25932,-0.10631,-0.79486,-0.59084,-0.25932,0.30171,0.1487,0.1232,0.32721,0.53123,0.37822,0.55673,0.37822,0.22521,-0.13181,-0.10631,-0.029808,-0.029808,0.046696,0.32721,0.32721,-0.05531,0.19971,0.25071,0.42922,-0.05531,-0.080812,0.35272,0.63323,0.25071,-0.23382,-0.59084,-0.36133,0.30171,0.45472,0.021195,-0.029808,0.40372,0.072198,0.19971,0.35272,0.25071,0.19971,0.19971,0.072198,-0.029808,0.1232,0.58223,0.48022,-0.13181,-0.23382,-0.080812,0.1232,0.0977,-0.20832,0.021195,0.072198,0.73524,0.65874,0.30171,-0.080812,-0.004307,0.1232,0.45472,-0.23382,0.22521,-0.029808,0.1232,-0.05531,0.37822,-0.029808,0.1742,0.1487,-0.080812,-0.31033,0.25071,0.60773,0.63323,-0.10631,-0.004307,0.37822,0.25071,0.35272,-0.004307,0.021195,-0.23382,-0.36133,-0.25932,0.0977,-0.004307,0.0977,0.53123,1.0158,0.53123,0.40372,0.60773,0.072198,-0.51434,-0.25932,0.1487,-0.56534,0.30171,-0.080812,-0.41233,-0.18282,0.78624,1.0413,0.68424,0.1487,-0.18282,-0.56534,-0.33583,0.021195,-0.004307,0.63323,0.30171,0.27621,0.50573,0.22521,-0.05531,0.1487,-0.61635,0.42922,0.35272,0.0977,0.30171,0.1742,-0.029808,-0.004307,-0.25932,-0.33583,0.19971,0.37822,0.37822,0.25071,0.55673,0.19971,-0.080812,-0.05531,-0.05531,0.046696,0.19971,0.072198,0.25071,0.50573,0.021195,0.27621,0.021195,-0.05531,1.1178,0.70974,-0.36133,-0.28482,-0.59084,-0.33583,-0.33583,-0.029808,0.55673,0.93925,0.48022,0.22521,0.25071,-0.25932,-0.28482,1.0923,0.53123,-0.76936,0.70974,0.1487,-0.25932,-0.28482,0.021195,0.42922,-0.46334,-0.31033,1.5768,0.76074,-1.0754,0.19971,0.27621,0.021195,0.021195,0.0977,-1.1009,0.96476,0.37822,0.42922,0.81175,0.30171,0.30171,-0.080812,-0.10631,-0.33583,0.0977,0.42922,-0.10631,-0.74385,1.1688,0.30171,-0.13181,0.25071,0.1232,0.63323,0.0977,-0.25932,0.27621,-0.05531,-0.23382,-0.28482,0.27621,0.22521,0.25071,0.25071,0.65874,0.40372,-0.080812,-0.25932,0.19971,0.78624,1.0158,-0.029808,-0.94787,-0.18282,0.48022,0.1232,-0.05531,-0.61635,-0.56534,0.50573,0.58223,1.0923,0.40372,0.0977,-0.080812,-0.029808,0.60773,0.60773,0.65874,-0.59084,-0.48884,0.1232,-0.66735,0.53123,0.91375,0.32721,0.25071,0.35272,-0.004307,-0.43783,-0.18282,0.19971,0.1232,0.58223,0.37822,-0.43783,0.83725,0.021195,0.19971,-0.23382,-0.41233,0.021195,0.60773,0.30171,-0.31033,-0.004307,0.58223,1.1433,0.65874,-0.28482,-0.18282,-0.05531,-0.36133,0.53123,-0.36133,-0.61635,0.42922,0.32721,0.50573,0.1487,0.25071,0.046696,-0.10631,-0.15732,0.22521,-0.23382,0.55673,0.73524,0.0977,0.19971,0.021195,0.19971,0.45472,-0.18282,-0.71835,0.42922,0.19971,0.1742,0.35272,-0.004307,-0.25932,-0.13181,-0.13181,-0.15732,-1.1009,1.3473,1.5768,0.53123,0.32721,0.021195,-0.38683,-0.31033,-0.10631,-0.25932,-0.004307,0.42922,0.30171,0.55673,-0.029808,-0.28482,0.0977,0.45472,0.50573,0.27621,0.0977,-0.10631,0.021195,0.072198,0.37822,0.45472,0.021195,0.53123,-0.38683,-0.10631,0.0977,0.27621,0.0977,0.1742,0.021195,0.91375,0.88825,-0.82036,-0.71835,0.96476,0.91375,0.19971,-0.43783,0.0977,0.58223,0.021195,-0.69285,-0.25932,-0.33583,0.021195,0.1487,0.45472,0.81175,0.78624,0.50573,0.35272,0.22521,-0.38683,-0.51434,-0.13181,0.81175,0.22521,0.42922,-0.10631,-0.48884,0.021195,0.32721,0.1487,-0.13181,0.50573,0.81175,-0.029808,-0.029808,-0.13181,0.1232,0.021195,0.072198,0.1232,0.0977,-0.029808,0.35272,0.50573,-0.080812,1.0413,0.30171,-0.080812,-0.25932,0.25071,-0.029808,0.0977,-0.28482,0.1742,-0.15732,-1.4579,1.8063,3.3619,0.45472,-1.4324,-1.4069,-0.56534,0.42922,0.93925,0.81175,-1.1774,0.53123,1.1433,0.021195,-0.28482,0.046696,-3.6765,3.7189,1.7808,-0.48884,-1.0754,-1.1519,-0.76936,1.0158,0.78624,-0.18282,0.046696,0.30171,0.45472,2.3673,1.4238,0.046696,-0.46334,-1.8659,0.0977,-0.20832,-0.10631,-0.38683,-0.43783,0.1232,0.83725,0.88825,0.86275,0.45472,-0.38683,-0.33583,0.53123,0.40372,-0.48884,-0.28482,0.60773,0.70974,0.27621,0.046696,-0.080812,0.37822,-0.10631,0.53123,0.42922,-0.74385,0.32721,0.73524,0.25071,-0.13181,0.25071,-0.25932,-0.13181,0.53123,0.68424,0.22521,-0.15732,-0.05531,-0.20832,0.021195,0.19971,0.37822,0.22521,0.45472,0.42922,0.1232,0.1742,-0.029808,0.1487,0.046696,-0.43783,0.68424,0.48022,0.65874,-0.28482,-0.76936,-0.33583,-0.25932,0.50573,1.8063,0.65874,-0.56534,-0.48884,-0.15732,0.50573,0.22521,-0.79486,0.22521,0.1742,0.072198,0.1487,0.93925,0.48022,-0.18282,-0.23382,-0.28482,0.1742,0.021195,1.0158,0.50573,0.40372,0.35272,-0.05531,-0.53984,0.021195,-0.20832,-0.18282,0.0977,-0.004307,0.046696,0.63323,0.53123,0.68424,0.27621,0.072198,-0.15732,0.1232,0.63323,0.65874,-0.69285,-0.69285,-0.029808,-0.23382,1.3218,0.37822,-0.38683,0.22521,0.32721,0.1232,-0.15732,-0.43783,1.5258,0.73524,-1.3559,0.1232,0.81175,0.32721,0.072198,-0.029808,0.1487,-0.43783,-0.20832,-0.31033,0.27621,0.19971,0.42922,0.30171,0.65874,0.42922,-0.080812,0.072198,0.42922,-0.10631,1.1433,0.42922,-0.69285,-0.74385,-0.51434,-0.61635,0.32721,0.30171,0.32721,0.93925,0.58223,0.30171,-0.23382,-0.99887,0.96476,0.83725,0.27621,-0.36133,-0.28482,-0.029808,0.70974,0.27621,-0.080812,-0.13181,-0.51434,0.1232,0.60773,0.1742,0.021195,0.55673,0.53123,0.30171,0.27621,-0.15732,-0.41233,-0.029808,0.27621,-0.10631,1.2453,-0.10631,-0.66735,-0.15732,0.53123,0.68424,0.42922,-0.33583,-1.7639,0.93925,0.70974,-0.23382,-0.43783,0.25071,0.63323,0.42922,0.046696,0.60773,0.37822,-0.029808,-0.029808,-0.56534,0.60773,0.22521,-0.080812,-0.13181,0.1742,0.1232,0.1742,0.40372,0.072198,0.1742,0.021195,0.0977,0.37822,0.19971,0.1487,-0.61635,1.2198,0.53123,-0.51434,-0.48884,-0.13181,0.25071,0.81175,0.48022,0.48022,-0.25932,1.0668,-0.004307,-0.64185,-0.56534,-0.13181,0.0977,0.22521,0.32721,0.53123,-0.10631,1.3218,0.32721,-0.25932,-0.13181,-0.15732,0.046696,-0.029808,0.021195,0.25071,0.1742,0.32721,0.42922,-0.41233,0.60773,-0.13181,-0.18282,0.021195,0.37822,0.48022,0.55673,0.1232,-0.76936,0.63323,0.27621,-0.74385,0.25071,1.0158,0.42922,-0.15732,-0.18282,-0.004307,0.22521,0.021195,0.1232,-0.18282,0.1232,-0.080812,0.37822,0.19971,0.19971,0.0977,0.32721,0.63323,0.55673,-0.080812,-0.28482,0.0977,0.19971,0.1487,-0.15732,0.0977,0.19971,0.55673,0.60773,-0.28482,-1.2029,0.1232,0.37822,0.50573,1.6788,-0.41233,-0.48884,0.1232,0.45472,1.3473,0.60773,-0.79486,-1.2794,-0.48884,0.96476,1.1433,0.50573,-0.080812,-0.79486,1.3473,-0.15732,-1.1009,-0.36133,1.0158,1.1178,0.93925,0.30171,-0.38683,0.60773,0.65874,0.53123,-0.59084,-0.74385,-0.10631,-0.79486,-0.64185,-0.25932,0.53123,1.5768,2.8264,-0.28482,1.7043,-0.25932,-0.82036,-0.18282,-0.25932,-1.2029,1.7553,0.27621,-1.3814,-1.4069,-0.31033,1.5258,0.99026,0.25071,0.76074,1.1688,1.3983,0.1487,-0.36133,-1.0244,-1.3559,-0.56534,0.91375,0.45472,1.6788,-0.61635,-1.6619,-0.36133,0.40372,1.9593,4.1015,1.5003,-1.5089,-1.8659,0.96476,0.1742,1.2963,-0.23382,-1.1519,-2.988,3.1579,1.9083,-1.4579,-1.1774,-0.69285,0.48022,1.0668,0.32721,0.1232,0.1742,0.22521,0.27621,0.19971,0.27621,0.42922,0.1742,0.22521,0.76074,-0.25932,-0.51434,0.22521,0.37822,-0.46334,-0.69285,0.45472,0.021195,-0.15732,0.63323,1.3728,0.93925,-0.43783,-1.9934,0.73524,-0.080812,-0.004307,0.78624,0.58223,-0.05531,-0.004307,-0.20832,0.68424,0.42922,-0.23382,-0.71835,0.1742,0.65874,0.96476,1.0413,0.55673,-0.23382,-0.31033,-0.05531,-0.51434,-0.28482,-0.029808,-0.004307,0.1742,0.50573,-0.029808,-2.58,3.8464,1.4493,-0.33583,-1.1009,-0.97337,-0.15732,0.42922,0.68424,0.19971,0.072198,-0.080812,-0.05531,0.30171,-0.10631,0.96476,0.40372,-0.20832,-0.23382,0.40372,-0.25932,1.1433,0.58223,-0.05531,-0.23382,-1.2539,-0.59084,0.70974,1.1433,0.93925,1.3473,0.55673,-0.79486,-0.94787,-0.080812,0.072198,-0.66735,0.27621,-1.7639,2.7244,1.1433,0.42922,0.021195,-0.23382,0.1742,-0.33583,-0.66735,-0.74385,-0.64185,0.046696,0.91375,2.5204,0.93925,0.1232,-0.23382,-0.43783,-0.43783,-0.33583,-0.15732,0.1742,0.072198,0.93925,-0.10631,0.37822,1.8063,-0.080812,-1.2284,0.35272,-0.029808,-0.13181,-0.20832,-0.36133,0.22521,0.45472,0.021195,0.35272,0.73524,0.76074,-0.23382,-0.080812,0.19971,-0.029808,0.1232,-0.004307,0.32721,0.40372,0.1232,0.25071,0.19971,-0.15732,-0.18282,0.42922,0.68424,0.021195,-0.51434,-0.74385,0.76074,-0.004307,-0.38683,-0.38683,1.3473,0.93925,0.22521,-0.64185,0.70974,0.1487,-0.080812,-0.13181,0.0977,-0.36133,-0.41233,0.32721,0.27621,0.63323,0.73524,0.53123,1.0158,-0.05531,-1.0244,-1.1009,-0.43783,0.35272,1.0668,0.45472,0.22521,0.1487,-0.13181,-0.15732,0.35272,0.27621,0.45472,0.55673,0.42922,0.021195,-0.31033,-0.28482,-0.46334,0.50573,0.0977,0.021195,0.45472,0.50573,0.40372,0.19971,0.046696,-0.13181,-0.25932,0.072198,0.046696,0.35272,0.30171,0.55673,0.27621,-0.080812,-0.05531,-0.080812,0.072198,0.22521,0.1487,0.072198,0.25071,0.53123,0.81175,0.021195,-0.080812,-0.13181,-0.18282,-0.080812,0.22521,0.83725,-0.029808,-0.10631,0.021195,0.1232,0.1232,0.32721,0.22521,0.76074,-0.84586,-0.18282,0.1742,0.35272,0.68424,0.0977,0.81175,0.45472,-0.029808,-0.69285,-0.92237,0.1232,0.53123,0.32721,0.1487,0.35272,0.83725,1.1943,0.22521,-0.10631,-0.15732,-1.0244,0.25071,0.55673,-0.25932,0.55673,0.046696,0.42922,-0.18282,-0.004307,0.35272,0.99026,-0.004307,-0.41233,-0.10631,0.35272,-0.029808,-0.029808,-0.029808,0.19971,0.42922,0.27621,0.48022,0.37822,0.93925,0.072198,-0.64185,-0.38683,-0.080812,0.32721,-0.15732,0.1742,0.1742,0.73524,0.45472,-0.25932,-0.029808,-0.87136,0.60773,1.3983,1.1178,-0.18282,-0.029808,-0.10631,-0.38683,0.1232,0.22521,-0.18282,-0.28482,-0.13181,0.40372,0.65874,0.50573,1.0923,0.53123,-0.31033,-0.46334,-0.20832,-0.18282,0.072198,0.1232,0.50573,0.60773,0.0977,-0.004307,-0.004307,0.021195,0.19971,0.37822,0.37822,0.072198,0.046696,0.19971,0.0977,0.1487,-0.004307,0.25071,-0.10631,-0.10631,-0.18282,-0.18282,0.1232,0.55673,0.73524,0.53123,0.046696,-0.080812,-0.080812,-0.31033,-0.18282,0.072198,0.70974,0.83725,0.37822,0.021195,-0.13181,0.046696,-0.56534,-0.23382,-0.029808,0.53123,0.63323,0.50573,-0.10631,-0.13181,0.37822,0.63323,0.45472,-0.28482,-0.46334,-0.28482,0.1232,0.76074,0.25071,0.1742,-0.004307,0.021195,0.021195,0.35272,0.35272,0.1742,-0.46334,0.1232,0.19971,0.0977,0.25071,0.22521,0.1232,0.45472,0.50573,-0.080812,0.19971,0.45472,0.021195,-0.13181,-0.10631,-0.31033,-0.36133,-0.029808,0.30171,0.1742,0.48022,0.70974,0.96476,0.0977,0.072198,0.65874,0.1742,-0.51434,-0.66735,-0.25932,0.32721,0.37822,-0.20832,0.021195,0.45472,0.37822,0.072198,0.22521,0.27621,0.60773,-0.080812,0.1232,0.021195,0.072198,-0.05531,-0.38683,0.021195,0.1487,0.37822,-0.28482,0.88825,0.68424,0.19971,-0.31033,-0.05531,0.1232,0.32721,0.22521,-0.41233,-0.59084,0.63323,0.63323,1.1943,-0.080812,-0.43783,-0.38683,0.046696,0.19971,0.40372,-0.10631,-0.10631,0.072198,0.42922,0.81175,0.37822,0.1487,-0.28482,0.25071,-0.10631,-0.33583,0.021195,0.42922,0.30171,-0.36133,-0.05531,0.19971,0.0977,0.58223,0.60773,0.73524,0.19971,-0.41233,-0.48884,-0.004307,-0.28482,0.76074,0.1232,0.32721,0.35272,0.22521,-0.004307,-0.28482,0.1487,-0.10631,-0.080812,-0.25932,0.1742,0.81175,0.53123,0.53123,0.072198,-0.004307,0.0977,0.1487,-0.004307,-0.029808,0.072198,0.0977,0.021195,0.1487,0.40372,0.1232,0.37822,0.1742,0.19971,0.046696,0.0977,0.1232,0.22521,0.1487,-0.25932,0.021195,0.99026,0.32721,0.35272,-0.13181,0.1232,0.35272,-0.15732,-1.4579,1.0158,0.53123,-0.18282,-0.15732,0.072198,-0.05531,0.072198,0.63323,0.68424,0.65874,0.072198,-0.31033,-0.029808,0.25071,0.27621,-0.080812,-0.10631,0.25071,0.37822,-0.15732,-0.13181,0.19971,0.42922,0.27621,0.1487,0.40372,-0.080812,-0.080812,-0.004307,0.19971,-0.004307,-0.080812,0.19971,0.65874,0.65874,0.48022,-0.080812,-0.23382,-0.15732,-0.18282,0.42922,0.81175,0.27621,-0.20832,-0.28482,-0.48884,0.58223,0.63323,-0.029808,-0.41233,0.37822,0.22521,0.32721,0.91375,0.37822,0.072198,-0.23382,-0.23382,-0.15732,0.30171,0.25071,0.046696,0.1742,0.30171,0.32721,-0.38683,0.25071,0.19971,0.1742,0.0977,0.37822,0.30171,-0.10631,-0.10631,0.63323,0.68424,-0.25932,-0.66735,-0.13181,0.58223,0.76074,0.40372,0.046696,-0.23382,-0.31033,-0.31033,0.53123,0.25071,0.30171,0.73524,0.53123,0.0977,-0.28482,-0.38683,-0.13181,0.27621,0.53123,0.42922,0.1742,-0.23382,-0.66735,0.76074,0.27621,0.072198
0.1232,0.0977,0.1232,0.1487,0.1232,0.22521,0.19971,0.22521,0.1232,0.1742,0.0977,0.1742,0.1232,0.1232,0.22521,0.25071,0.19971,0.22521,0.19971,0.046696,0.0977,0.0977,0.0977,0.1487,0.22521,0.25071,0.1742,0.1742,0.1232,0.046696,0.0977,0.1742,0.1487,0.0977,0.1232,0.1742,0.19971,0.30171,0.25071,0.1232,0.1232,0.021195,-0.029808,-0.029808,0.1742,0.30171,0.27621,0.1742,0.1232,0.1232,0.0977,0.021195,-0.004307,0.072198,0.1232,0.30171,0.30171,0.25071,0.1232,0.19971,0.1487,0.1487,0.0977,0.1232,0.1232,0.22521,0.22521,0.1742,0.0977,0.1742,0.1232,0.0977,0.046696,0.1232,0.22521,0.25071,0.1742,0.22521,0.1487,0.072198,0.021195,-0.004307,0.046696,0.072198,0.25071,0.30171,0.30171,0.25071,0.30171,0.1742,0.1232,0.0977,0.021195,0.046696,0.1487,0.22521,0.19971,0.27621,0.25071,0.1232,0.0977,0.046696,0.021195,0.046696,0.072198,0.1487,0.0977,0.1232,0.0977,0.0977,0.072198,0.072198,0.0977,0.1232,0.1487,0.30171,0.27621,0.25071,0.1742,0.1232,0.046696,-0.029808,0.021195,0.1487,0.1487,0.19971,0.27621,0.19971,0.1487,0.1232,0.072198,0.072198,0.1232,0.1232,0.1487,0.19971,0.0977,0.25071,0.1232,0.0977,0.021195,0.0977,0.1742,0.1487,0.27621,0.0977,0.1487,0.30171,0.32721,0.32721,-0.15732,-0.18282,0.072198,-0.13181,0.22521,0.35272,0.19971,0.1487,0.30171,0.40372,0.021195,0.53123,0.48022,-0.20832,-0.029808,-0.38683,-0.18282,0.27621,-0.080812,0.0977,0.32721,0.68424,0.93925,-0.029808,-0.15732,-0.43783,-0.10631,1.2453,1.6533,-0.23382,-1.2029,-0.59084,-0.46334,-0.48884,0.50573,1.1433,0.22521,-2.58,2.1633,2.8009,1.1178,-0.080812,-0.97337,-1.2284,-0.56534,-3.447,2.4438,3.9229,0.27621,-4.9516,2.9794,0.45472,-0.36133,2.3418,1.3728,0.021195,-1.4579,-1.2029,-1.0499,-0.79486,-0.87136,-0.080812,-0.13181,-0.89686,1.8318,2.7499,-0.64185,-0.38683,1.8573,4.076,2.7754,-0.13181,-2.427,-2.5035,-4.0336,2.5714,1.5258,-2.478,-2.58,-0.99887,0.50573,1.6533,1.1178,1.1433,1.6023,1.0158,-0.71835,-0.31033,0.32721,0.96476,-0.41233,-1.2284,1.8318,1.2198,-0.20832,-4.4926,2.5459,3.0559,-0.94787,-1.8404,-1.7639,-3.1155,0.30171,3.3364,3.0304,-0.25932,-1.1009,-0.080812,0.45472,1.4238,-0.10631,-5.1046,3.2854,2.9029,-0.28482,-1.0754,1.4493,-0.05531,-0.46334,-0.66735,-0.25932,0.046696,0.53123,1.0668,0.32721,-0.61635,1.4748,-0.080812,0.68424,1.0413,0.072198,-0.31033,0.40372,0.1487,-1.0499,-0.76936,-0.080812,0.42922,-0.18282,-2.733,-0.74385,4.586,3.3364,0.021195,-0.89686,-0.53984,-0.64185,-0.64185,-0.28482,0.60773,-0.20832,-0.53984,-0.05531,1.2963,1.6278,-0.23382,-0.84586,-0.029808,0.19971,0.40372,0.50573,-0.004307,1.5513,0.35272,0.0977,0.30171,0.27621,0.1232,-0.82036,-0.48884,-0.71835,0.22521,0.78624,0.22521,-0.029808,0.19971,0.1742,0.1487,-0.61635,0.76074,1.2198,0.60773,0.32721,0.68424,-0.18282,0.072198,-0.89686,-0.71835,-0.71835,-0.029808,0.53123,0.88825,0.072198,-0.004307,0.1742,0.60773,0.55673,0.19971,-0.13181,0.1232,0.40372,0.76074,-0.004307,-0.74385,-0.31033,0.40372,0.27621,-0.10631,-0.89686,-0.20832,2.0358,0.40372,0.73524,-0.71835,1.7808,0.42922,-0.004307,-0.79486,-1.0244,-0.87136,-0.53984,-0.38683,0.30171,0.81175,1.9848,0.99026,0.70974,0.22521,-0.23382,-0.080812,-0.004307,-0.38683,-0.61635,0.1742,0.60773,1.1943,0.1742,0.35272,-0.029808,-0.61635,-0.61635,0.072198,-0.38683,0.32721,2.1633,-0.004307,0.45472,1.6788,-0.59084,-0.89686,-0.41233,-0.004307,0.55673,0.58223,0.42922,0.19971,0.1742,-0.56534,-0.38683,-0.92237,1.3218,0.37822,-0.029808,0.0977,0.58223,0.81175,0.63323,-0.18282,-0.56534,-0.10631,-0.05531,-0.79486,0.81175,-0.004307,0.40372,0.0977,0.50573,0.19971,0.42922,-0.15732,0.81175,-0.080812,-0.99887,-0.82036,-0.51434,0.046696,1.4748,0.93925,0.072198,1.3473,1.2453,-0.31033,-1.3304,2.6224,0.1487,-0.94787,-0.99887,-0.51434,0.25071,0.91375,0.45472,-0.05531,0.45472,0.63323,1.5258,0.0977,0.072198,1.1688,-0.99887,-1.3814,-0.66735,0.88825,0.53123,-0.13181,0.021195,2.7754,1.8318,-1.6109,-2.682,2.0613,-0.56534,-1.5344,0.76074,1.6278,1.2198,0.93925,-0.36133,-1.4069,-0.18282,0.35272,-0.48884,-0.53984,-0.004307,0.48022,2.6989,1.2198,-0.05531,-0.53984,-0.33583,0.1742,-0.76936,0.021195,0.37822,1.0158,0.1487,-0.004307,0.60773,-0.029808,-0.48884,-0.31033,0.30171,0.021195,1.0158,0.1487,-0.36133,0.53123,1.0413,-0.23382,-0.33583,0.1742,-0.080812,-0.080812,0.35272,-1.2794,2.1633,1.1433,0.1232,-0.15732,-0.25932,0.072198,-0.20832,-0.31033,0.40372,0.73524,0.53123,-1.0499,0.22521,0.19971,-0.029808,-0.004307,-0.48884,0.1232,0.58223,0.1487,-0.25932,1.6533,0.1487,-0.48884,-0.84586,-0.029808,-0.15732,-0.20832,-0.31033,0.30171,1.3983,2.3673,0.99026,0.021195,-0.74385,-0.84586,-0.43783,-0.43783,0.91375,0.68424,-0.38683,-0.10631,0.78624,0.021195,-0.28482,0.32721,0.021195,0.30171,0.81175,0.68424,0.046696,-0.31033,0.0977,-0.74385,-0.38683,-0.59084,0.22521,1.3728,1.2453,0.072198,-0.004307,0.072198,-0.05531,-0.18282,-0.61635,0.021195,0.35272,0.70974,0.40372,0.37822,-0.43783,-0.28482,0.76074,0.30171,0.072198,0.53123,0.88825,-0.004307,-0.13181,0.35272,-1.2284,0.0977,0.91375,0.73524,-0.080812,0.32721,0.25071,-0.69285,0.22521,0.1487,0.27621,0.35272,-0.23382,0.072198,0.25071,0.021195,0.30171,-0.41233,0.37822,0.55673,0.55673,-0.38683,0.48022,-0.36133,0.0977,0.60773,0.63323,-0.029808,-0.64185,-0.20832,-0.004307,-0.53984,0.35272,0.046696,0.65874,0.32721,-0.10631,0.046696,-0.10631,-0.004307,-0.004307,-0.28482,0.1232,1.2963,0.1232,-0.64185,-0.31033,0.30171,0.50573,0.42922,-0.20832,-0.36133,-0.13181,0.48022,0.48022,0.70974,0.22521,-0.080812,-0.69285,-1.0754,0.58223,0.45472,0.40372,-0.59084,0.83725,0.68424,1.1943,0.021195,-0.74385,-0.69285,-0.61635,-0.004307,0.1487,0.32721,0.83725,1.2453,0.35272,0.22521,-0.05531,-0.28482,-0.10631,-0.10631,-0.53984,-0.10631,0.45472,0.0977,1.3983,0.73524,0.45472,-0.004307,-0.53984,-0.53984,-0.28482,-0.20832,0.1487,0.50573,0.45472,-1.0499,0.60773,0.60773,0.88825,0.021195,-0.10631,0.1742,0.37822,-0.004307,-0.36133,-0.05531,0.046696,-0.004307,0.1742,0.1232,0.19971,0.37822,0.50573,-0.28482,-0.13181,0.45472,0.99026,-0.080812,0.0977,0.48022,-0.74385,-0.69285,-0.05531,1.4493,1.2963,-0.74385,-0.87136,-0.53984,0.1742,0.88825,0.27621,0.072198,0.27621,0.73524,0.32721,0.37822,-0.43783,-0.46334,0.22521,0.70974,0.40372,0.0977,0.072198,0.27621,0.1487,-0.029808,-0.029808,-0.080812,0.32721,0.021195,0.021195,0.021195,0.81175,0.1232,0.22521,-1.1519,0.1742,0.88825,1.2453,0.53123,0.45472,0.19971,-0.080812,0.1232,-0.64185,-0.74385,-0.28482,-0.43783,0.53123,1.3473,1.3218,0.37822,1.0923,0.19971,-0.18282,-0.41233,-0.69285,-0.69285,0.1742,0.55673,0.42922,0.22521,0.93925,0.86275,-0.13181,-0.94787,-0.46334,0.25071,0.83725,0.53123,0.40372,0.072198,-0.43783,0.021195,0.68424,0.42922,-0.20832,-0.10631,0.021195,-0.20832,-0.080812,0.58223,0.45472,-0.080812,-0.13181,0.63323,0.42922,0.0977,-0.080812,0.072198,-0.080812,-0.20832,1.0158,0.27621,0.53123,-0.28482,-0.41233,-0.23382,0.25071,0.072198,-0.15732,0.25071,0.45472,0.55673,-0.004307,-0.029808,-0.029808,0.1487,-0.10631,-0.23382,0.021195,0.60773,1.1178,0.53123,0.0977,-0.28482,-0.38683,0.072198,-0.41233,0.63323,-0.25932,-0.56534,0.50573,0.76074,1.1433,-0.13181,-0.36133,0.78624,0.93925,0.27621,0.1742,0.19971,-0.18282,0.0977,-0.05531,-0.15732,-0.38683,-0.080812,0.76074,0.48022,0.25071,0.40372,0.50573,0.50573,0.19971,-0.69285,0.072198,0.0977,0.1487,0.19971,0.53123,0.22521,0.072198,-0.13181,-0.31033,0.53123,0.0977,-0.94787,0.83725,1.5003,0.25071,-0.69285,-0.71835,0.021195,-0.029808,0.25071,0.60773,0.63323,-0.004307,0.072198,0.25071,0.1487,0.1742,0.22521,-0.029808,0.50573,0.60773,0.22521,0.32721,-0.004307,-0.080812,-0.13181,-0.10631,0.021195,0.0977,0.046696,0.1742,0.86275,0.73524,0.35272,0.42922,0.021195,-1.0754,-0.13181,-0.13181,0.55673,-0.69285,-0.10631,0.42922,0.70974,0.1742,0.83725,0.60773,-0.029808,-0.13181,0.50573,-0.25932,-0.38683,0.40372,0.072198,-0.10631,-0.05531,0.27621,0.42922,0.96476,0.37822,0.19971,-0.004307,0.42922,-0.48884,-0.46334,-0.20832,-0.080812,0.1742,1.2963,0.072198,-0.05531,0.19971,0.35272,-0.15732,0.32721,0.81175,1.0413,-0.13181,-0.20832,-0.15732,-0.38683,-0.004307,-0.10631,0.35272,0.83725,0.1742,-0.33583,-0.25932,0.50573,1.0923,0.53123,0.35272,0.19971,-0.25932,-0.18282,0.1487,-0.36133,-0.10631,0.42922,0.99026,-0.41233,-0.38683,0.046696,-0.080812,0.32721,-0.10631,1.2198,0.60773,0.25071,-0.53984,0.072198,-0.15732,0.88825,0.25071,-0.13181,-0.71835,-0.46334,-0.004307,0.0977,0.25071,0.072198,0.32721,0.60773,0.70974,0.48022,0.046696,0.1742,0.27621,0.58223,0.1742,-0.31033,-0.41233,-0.029808,-0.25932,0.1742,0.42922,0.072198,0.046696,0.55673,0.1487,-0.18282,0.0977,0.37822,0.53123,-0.41233,-0.13181,0.48022,0.65874,-0.20832,-1.2284,-0.56534,-0.004307,1.2453,0.93925,0.45472,0.27621,0.19971,0.046696,-0.18282,-0.31033,0.0977,0.55673,0.45472,0.30171,-0.10631,-0.05531,-0.13181,0.27621,0.65874,0.19971,0.22521,-0.10631,0.021195,0.19971,0.32721,-0.20832,-0.23382,0.1742,0.53123,0.0977,-0.18282,0.25071,0.60773,0.30171,0.22521,-0.18282,-0.15732,-0.23382,0.45472,0.65874,0.65874,-0.029808,-0.20832,-0.18282,0.19971,0.19971,0.19971,-0.029808,-0.13181,-0.004307,0.32721,0.60773,0.22521,-0.56534,0.96476,0.83725,0.1487,-0.13181,-0.74385,0.48022,0.1742,-0.18282,0.1487,-0.10631,-0.004307,0.1232,0.48022,0.0977,0.55673,0.35272,0.30171,-0.05531,-0.23382,0.021195,-0.05531,-0.05531,0.27621,0.93925,0.86275,-0.13181,0.072198,0.53123,-0.10631,-0.43783,-0.080812,-0.004307,-0.080812,0.1742,0.1487,0.45472,0.021195,0.37822,-0.004307,0.45472,0.1487,-0.029808,-0.15732,0.1742,0.88825,-0.004307,-0.48884,-0.28482,0.046696,0.27621,0.0977,0.072198,1.0668,0.86275,0.1742,-0.25932,-0.33583,-0.61635,-0.33583,0.30171,0.48022,0.42922,0.93925,0.27621,-0.20832,-0.33583,-0.18282,0.32721,0.19971,0.22521,0.0977,0.19971,-0.05531,0.40372,0.70974,-0.080812,0.1742,0.0977,0.1232,-0.15732,-0.004307,0.27621,0.50573,0.1742,-0.33583,-0.56534,0.25071,0.37822,0.53123,0.30171,-0.48884,-0.69285,0.27621,1.5003,1.6533,0.25071,-0.46334,-0.69285,-0.25932,0.046696,0.32721,0.072198,0.25071,-0.080812,-0.05531,0.021195,0.22521,-0.05531,0.072198,0.50573,1.2453,0.91375,-0.20832,-0.43783,-0.25932,-0.13181,0.1232,-0.31033,0.40372,0.1232,0.37822,0.27621,-0.28482,-0.13181,0.1232,-0.25932,0.55673,0.73524,0.30171,-0.28482,0.046696,0.42922,0.22521,0.021195,-0.15732,-0.18282,-0.46334,0.1742,0.93925,1.2963,0.60773,-0.18282,-0.23382,-0.43783,-0.10631,-0.25932,0.22521,0.48022,0.53123,-0.20832,-0.74385,-0.13181,0.58223,1.1433,-0.31033,-0.38683,-0.64185,0.73524,0.78624,0.37822,0.1232,0.22521,-0.029808,-0.004307,-0.15732,-0.004307,0.55673,-0.18282,0.42922,0.53123,0.072198,-0.33583,-0.20832,-0.10631,-0.15732,0.1487,0.25071,-0.029808,0.1487,0.60773,0.91375,0.27621,0.1232,0.42922,0.78624,-0.28482,-0.76936,-0.51434,-0.28482,-0.41233,0.76074,0.42922,0.072198,0.63323,1.1433,-0.05531,0.1232,0.76074,-0.23382,-0.59084,-0.89686,0.68424,0.55673,0.1742,-0.71835,1.0923,0.22521,-0.080812,-0.28482,-0.46334,-0.029808,0.0977,0.25071,0.78624,1.1178,0.40372,-0.46334,-0.38683,-0.15732,0.42922,0.88825,0.73524,0.1232,-0.28482,0.1232,-0.25932,-0.13181,-0.10631,-0.080812,0.53123,0.76074,1.1178,-0.36133,-0.31033,-0.69285,-0.25932,-0.15732,0.55673,0.37822,0.37822,0.1232,0.35272,0.1487,-0.97337,0.88825,-0.029808,0.1232,-0.10631,-0.56534,-0.46334,0.32721,0.68424,0.32721,-0.080812,0.30171,0.76074,0.60773,0.1232,0.046696,0.046696,0.1487,0.072198,-0.080812,-0.25932,-0.41233,0.25071,0.78624,0.48022,0.1742,0.072198,0.40372,-0.029808,0.0977,-0.23382,-0.080812,0.22521,0.58223,0.072198,-0.25932,-0.080812,0.22521,0.0977,0.021195,0.42922,0.58223,0.30171,-0.31033,-0.59084,-0.56534,0.73524,1.1433,0.68424,-0.23382,-0.71835,0.53123,0.1232,-0.31033,-0.13181,0.42922,0.65874,0.30171,0.35272,-0.10631,0.86275,0.0977,-0.56534,-0.13181,0.1742,0.19971,0.072198,0.22521,-0.004307,0.0977,-0.029808,0.1232,0.40372,0.27621,0.55673,0.32721,-0.25932,-0.84586,-0.53984,-0.18282,0.1487,0.45472,0.50573,0.48022,0.78624,0.63323,-0.48884,-0.33583,0.32721,0.046696,0.25071,0.072198,0.22521,0.19971,-0.20832,-0.18282,0.1742,0.58223,0.83725,0.1232,0.021195,-0.69285,0.1742,-0.23382,-0.13181,0.35272,0.50573,0.45472,0.65874,0.70974,0.046696,-0.23382,-0.18282,-0.18282,0.1232,0.50573,0.96476,0.50573,-0.25932,-0.36133,0.19971,0.42922,0.1742,-0.48884,-0.28482,0.48022,0.22521,0.046696,-0.004307,-1.4324,1.7298,1.6023,-0.13181,0.19971,0.55673,0.70974,0.021195,-0.87136,-1.1009,-0.41233,0.021195,0.1742,0.19971,0.48022,-0.080812,0.046696,0.86275,0.68424,0.32721,-0.23382,-0.41233,0.42922,0.27621,-0.05531,-0.28482,-0.13181,0.046696,0.046696,0.27621,0.42922,0.25071,-0.36133,0.50573,0.70974,-0.20832,0.48022,0.0977,0.48022,-0.080812,-0.87136,-0.48884,-0.43783,-0.46334,0.58223,1.5513,0.42922,0.35272,0.072198,0.19971,-0.20832,0.0977,0.22521,-0.31033,-0.10631,0.50573,0.58223,0.1232,-0.05531,0.19971,0.072198,-0.92237,0.1232,0.99026,-0.029808,0.32721,0.55673,0.19971,-0.05531,-0.004307,-0.53984,-0.18282,0.60773,0.32721,-0.31033,-0.79486,-0.20832,0.73524,0.37822,0.1742,0.83725,0.45472,0.91375,0.0977,-0.38683,-0.31033,-0.10631,0.1742,0.22521,0.48022,0.50573,0.32721,-0.33583,-0.43783,-0.18282,0.1487,-0.05531,0.25071,0.60773,1.3983,-0.13181,-0.28482,-0.36133,-0.18282,-0.18282,0.1742,1.1178,0.40372,0.58223,0.0977,-0.13181,-0.05531,0.22521,0.25071,-0.64185,-1.2284,0.30171,0.83725,0.22521,0.86275,0.93925,0.1232,-0.41233,-0.15732,-0.23382,-0.13181,-0.28482,0.046696,0.60773,0.50573,-0.004307,0.072198,-0.10631,0.1742,0.19971,0.37822,0.021195,0.021195,0.25071,0.072198,-0.004307,0.046696,0.072198,0.072198,0.19971,0.37822,-0.20832,-0.36133,0.37822,1.1178,1.2708,-0.28482,-0.61635,-0.69285,-0.59084,0.0977,1.1943,1.3473,0.0977,-0.23382,-0.25932,0.19971,0.63323,0.1232,-0.46334,-0.080812,0.22521,0.1742,-0.05531,0.1487,0.53123,0.50573,0.1742,-0.36133,0.1742,0.22521,0.30171,-0.36133,-0.28482,-0.10631,0.021195,0.32721,0.70974,0.046696,0.76074,1.2453,0.072198,-1.2029,-0.99887,-0.13181,0.70974,0.27621,0.25071,0.046696,-0.51434,0.35272,0.86275,0.48022,0.91375,-0.080812,-0.51434,1.3218,0.30171,-0.92237,-0.99887,-0.18282,0.68424,0.81175,0.1742,0.021195,0.0977,-0.23382,-0.10631,-0.41233,0.32721,0.93925,0.65874,0.25071,0.1742,0.021195,0.19971,0.35272,-0.15732,-0.71835,-0.28482,0.27621,0.55673,0.40372,0.55673,0.22521,-0.28482,-0.10631,-0.28482,0.73524,0.48022,0.65874,-0.28482,-0.18282,0.19971,0.45472,0.021195,-0.53984,-0.59084,0.046696,0.91375,1.3728,0.45472,0.046696,0.021195,-0.20832,-0.004307,0.046696,0.27621,-0.99887,0.37822,1.0923,0.1232,-0.25932,0.25071,0.046696,-0.05531,0.45472,1.2963,0.93925,1.2198,0.55673,-0.94787,-2.0699,-0.89686,-0.84586,-0.28482,3.1579,0.86275,0.55673,0.99026,0.37822,-0.13181,-1.6619,-0.31033,-0.05531,0.1232,0.70974,0.072198,0.53123,-0.36133,-0.10631,0.37822,1.0158,0.76074,0.93925,0.1487,0.19971,0.021195,0.046696,-0.46334,0.32721,-0.59084,-0.87136,-0.029808,-0.31033,0.55673,0.0977,-0.029808,0.1232,0.45472,0.60773,0.48022,0.76074,1.3728,0.81175,-0.41233,-0.61635,-1.3559,-0.28482,-0.59084,0.93925,0.021195,0.32721,0.45472,1.1178,0.42922,0.55673,0.072198,-0.82036,-0.48884,0.25071,-0.38683,0.021195,0.86275,0.40372,0.53123,0.73524,0.53123,-3.9826,3.4894,1.0158,-0.79486,-1.1009,-0.48884,0.65874,0.65874,-0.004307,-0.82036,0.40372,0.22521,0.1487,0.70974,0.30171,1.2453,-0.20832,-0.18282,-0.89686,-0.59084,0.37822,0.1232,0.1742,0.19971,0.22521,-0.31033,1.0158,0.68424,-0.46334,-0.31033,0.37822,0.53123,0.45472,0.22521,-0.43783,-0.10631,0.1742,0.93925,0.60773,-0.31033,-0.43783,0.0977,0.83725,-0.10631,-0.25932,0.072198,-0.13181,0.22521,0.27621,0.37822,-0.38683,0.19971,0.83725,0.50573,-0.004307,-0.41233,-0.76936,0.65874,0.37822,0.65874,0.53123,-0.25932,0.072198,0.021195,0.1742,-0.080812,-0.23382,-0.33583,-0.48884,-0.82036,0.35272,0.86275,1.8063,0.81175,1.1178,0.0977,-0.43783,-0.99887,-0.79486,-0.18282,0.55673,0.27621,-0.080812,0.1487,0.021195,0.22521,0.50573,0.83725,0.42922,-0.25932,-0.33583,-0.080812,0.25071,0.25071,0.0977,-0.18282,-0.46334,0.0977,0.30171,1.0923,-0.05531,-0.13181,0.046696,-0.004307,0.42922,0.50573,0.1232,-0.23382,-0.18282,0.60773,0.58223,-0.029808,-0.18282,-0.10631,0.0977,0.27621,-0.48884,0.58223,0.32721,0.68424,0.60773,0.27621,-0.13181,0.22521,-0.029808,-0.36133,-0.28482,-0.05531,-0.36133,-0.33583,-0.10631,0.37822,1.0413,0.96476,0.53123,-0.080812,-0.28482,-0.46334,-0.33583,-0.64185,1.1688,0.30171,0.1742,0.1742,0.37822,-0.25932,-0.61635,0.40372,0.22521,0.27621,0.072198,-0.38683,0.046696,0.45472,0.86275,0.32721,-0.13181,-0.18282,-0.23382,-0.18282,-0.05531,0.40372,0.53123,0.60773,0.32721,-0.59084,0.27621,0.1487,0.60773,0.70974,-0.28482,-0.15732,-0.10631,-0.23382,-0.33583,-0.36133,-0.23382,0.70974,0.83725,0.30171,-0.13181,0.22521,0.25071,0.1487,0.30171,0.45472,-0.05531,0.1742,0.55673,0.40372,-0.004307,-0.48884,-0.41233,0.021195,-0.48884,0.81175,0.19971,0.1487,0.42922,-0.080812,0.40372,0.76074,0.1232,0.35272,-0.004307,-0.25932,-0.18282,0.072198,0.021195,-0.25932,0.22521,0.48022,0.021195,0.45472,0.48022,0.60773,1.0158,0.86275,-0.18282,-0.79486,-1.0499,0.45472,-0.029808,-0.13181,1.7553,0.27621,-0.38683,0.021195,0.40372,0.19971,-0.46334,-0.48884,0.76074,0.93925,0.1232,-0.20832,-0.05531,-0.23382,-0.13181,0.1742,-0.51434,1.1433,0.93925,0.60773,0.37822,0.021195,-0.25932,-1.2284,-0.61635,0.1232,-0.080812,-0.13181,0.99026,1.9848,1.0413,0.22521,0.58223,-0.56534,-1.2029,-0.94787,-0.15732,0.021195,0.25071,0.1232,0.0977,0.046696,0.60773,1.1688,1.1433,0.42922,-0.69285,0.40372,-0.99887,0.81175,0.32721,0.046696,-0.31033,0.50573,0.1232,-0.82036,-0.79486,-0.10631,0.25071,0.65874,0.55673,0.50573,0.40372,-0.05531,0.19971,0.30171,0.1742,-0.10631,-0.18282,0.1742,0.91375,0.70974,0.32721,-0.15732,0.1742,-0.029808,-0.31033,-0.20832,-0.38683,-0.13181,0.45472,0.63323,-0.99887,1.9338,1.0413,0.0977,-0.82036,-0.71835,-0.25932,0.25071,0.046696,0.046696,0.021195,0.88825,0.37822,0.1232,0.1742,0.73524,0.50573,-0.36133,0.0977,0.88825,0.046696,-0.13181,-0.46334,-0.23382,-0.029808,-0.029808,0.25071,0.55673,0.1487,0.1232,0.25071,0.35272,-0.15732,0.0977,0.65874,0.65874,-0.10631,-0.15732,0.86275,0.55673,-0.53984,-0.71835,-0.13181,-0.28482,-0.43783,-0.38683,1.0923,1.1433,0.27621,0.63323,0.53123,0.072198,0.021195,-0.029808,-0.41233,-0.51434,-0.41233,0.45472,0.76074,0.55673,0.072198,0.1487,0.40372,0.021195,0.072198,0.046696,0.1232,0.30171,0.1487,-0.23382,0.1487,1.0923,0.37822,-0.31033,-0.004307,0.1487,0.88825,-0.61635,-0.71835,-0.28482,-0.004307,0.50573,0.83725,0.81175,0.046696,0.021195,0.32721,0.86275,-0.15732,-0.48884,-0.33583,-0.23382,0.1232,0.48022,0.48022,0.48022,0.0977,0.27621,0.072198,0.046696,0.22521,-0.87136,1.1688,0.19971,-0.61635,-0.004307,0.78624,0.60773,0.25071,0.046696,-0.51434,0.37822,-0.46334,-0.33583,0.19971,-0.69285,2.1888,0.73524,0.021195,-0.18282,-0.18282,-0.25932,0.37822,1.0668,-0.20832,-0.48884,-0.56534,0.072198,0.25071,0.42922,0.22521,0.42922,0.22521,0.25071,0.1487,0.48022,0.42922,0.53123,0.072198,0.32721,-0.31033,-0.87136,-0.080812,0.021195,0.53123,0.63323,0.32721,0.19971,0.65874,0.68424,0.021195,-1.1774,-0.59084,0.0977,0.58223,0.42922,0.30171,0.76074,0.40372,-0.25932,0.046696,0.22521,0.30171,0.072198,-0.18282,0.021195,0.22521,0.072198,0.88825,0.99026,0.81175,-0.25932,-0.48884,-0.53984,-0.48884,-0.48884,-0.20832,-0.029808,0.81175,1.1688,0.42922,0.81175,-0.48884,0.58223,-0.029808,0.0977,-0.029808,0.35272,0.37822,-0.59084,-0.46334,0.021195,0.1742,-0.10631,-0.25932,1.1943,0.76074,0.1232,0.37822,0.78624,0.072198,-0.10631,-0.23382,-0.51434,-0.74385,-0.87136,0.40372,0.42922,0.19971,0.58223,1.4493,1.0158,0.1232,-0.18282,-0.20832,-0.10631,-0.53984,-0.38683,0.48022,1.1943,-0.10631,0.1742,0.1232,-0.20832,-0.71835,0.1742,0.70974,0.45472,-0.23382,-0.05531,-0.23382,1.6023,0.63323,-0.33583,-0.84586,-0.25932,0.83725,-0.61635,0.1232,1.4238,1.4493,0.30171,-0.20832,-1.1774,-1.4834,-0.97337,-0.25932,0.046696,1.5258,1.5258,0.83725,0.42922,0.73524,-0.41233,-0.74385,-1.6874,0.32721,1.2453,0.86275,0.76074,-0.05531,0.35272,-0.15732,-0.59084,-0.64185,-1.0244,0.68424,1.3473,0.40372,-0.25932,0.0977,-0.33583,0.63323,0.021195,0.65874,0.19971,-0.18282,0.1487,0.1232,0.53123,0.27621,0.22521,-0.25932,-0.48884,-0.33583,-0.05531,0.046696,0.1232,0.60773,0.99026,0.68424,0.021195,-0.18282,-0.15732,-0.15732,-0.10631,0.30171,0.78624,0.55673,0.046696,0.22521,-0.004307,-0.080812,-0.18282,-0.56534,-0.20832,0.1487,0.65874,0.1742,-0.05531,0.30171,0.22521,0.046696,-0.20832,-0.51434,1.0158,1.6278,0.45472,-0.004307,-0.79486,-0.46334,-0.029808,0.86275,0.68424,0.27621,0.50573,-0.51434,-0.20832,0.30171,-0.13181,-0.029808,0.25071,-0.10631,0.072198,0.30171,0.53123,0.30171,-0.004307,-0.004307,0.35272,0.32721,0.35272,-0.13181,-0.56534,0.19971,0.83725,0.40372,-0.029808,-0.080812,-0.31033,-0.18282,0.42922,-0.05531,0.19971,0.22521,0.73524,0.45472,0.19971,0.25071,-0.080812,-0.64185,-0.64185,0.58223,0.27621,0.30171,0.83725,0.30171,-0.23382,-0.38683,-1.2284,0.42922,0.73524,1.7553,0.70974,0.046696,-0.31033,-0.33583,-0.41233,-0.43783,-0.18282,-0.18282,0.1487,0.63323,0.78624,0.42922,0.45472,0.42922,0.70974,0.021195,-0.31033,-0.18282,-0.029808,-0.46334,-0.31033,-0.029808,0.58223,0.63323,0.58223,0.30171,0.42922,0.25071,-0.15732,-0.56534,-0.31033,0.50573,0.27621,0.021195,0.046696,0.40372,0.55673,0.22521,0.1742,0.021195,0.046696,0.55673,1.4238,-0.48884,-0.94787,-0.69285,-0.05531,0.27621,0.0977,0.22521,-0.28482,1.7553,0.63323,0.40372,-0.080812,-0.59084,-0.28482,0.1742,-0.13181,-0.080812,-0.18282,0.55673,1.1178,0.68424,-0.28482,-0.25932,-0.10631,0.25071,0.22521,-0.36133,0.1487,0.42922,1.0923,0.32721,-0.33583,-0.33583,-0.15732,-0.029808,0.1487,0.37822,0.27621,0.1487,0.0977,0.50573,0.60773,0.1232,-0.20832,-0.080812,0.19971,0.1487,-0.51434,-0.25932,1.0923,0.68424,-0.20832,-0.20832,0.1232,0.53123,-0.080812,-0.41233,-0.61635,-1.0754,0.99026,1.9083,1.5258,-0.029808,-0.33583,-0.33583,-0.74385,-0.31033,0.25071,0.68424,0.25071,0.1232,0.1742,0.35272,0.58223,-0.080812,-0.36133,-0.20832,-0.25932,-0.080812,0.0977,0.86275,1.2963,0.35272,0.072198,0.30171,-0.23382,-0.66735,-0.59084,-0.18282,-0.080812,0.1487,0.81175,1.3473,0.83725,0.37822,-0.28482,-0.31033,-0.33583,-0.43783,-0.31033,0.25071,0.68424,0.70974,-0.23382,-0.004307,0.78624,1.1943,-0.20832,-0.38683,-0.36133,-0.13181,0.42922,1.0413,-0.18282,-0.46334,-0.004307,0.68424,0.22521,-0.53984,-0.15732,0.32721,0.42922,0.35272,0.48022,0.35272,0.35272,0.78624,-0.51434,-0.84586,-0.66735,-0.20832,0.63323,0.58223,0.58223,0.32721,0.0977,0.27621,0.021195,0.19971,-0.029808,-0.23382,0.40372,0.68424,0.1232,-0.46334,-0.18282,0.072198,0.0977,-0.25932,0.37822,1.2708,0.046696,-0.56534,-0.69285,0.19971,0.88825,0.68424,0.1232,0.046696,0.072198,-0.05531,0.046696,0.0977,0.45472,0.1232,0.53123,0.1742,-0.080812,-0.18282,-0.41233,-0.64185,0.48022,1.9593,0.93925,-0.61635,-0.74385,-0.36133,0.072198,0.37822,-0.18282,0.0977,-0.004307,0.73524,1.0158,0.22521,-0.36133,0.32721,0.1742,-0.25932,-0.28482,-0.46334,0.19971,0.32721,0.50573,0.25071,0.50573,0.0977,-0.004307,-0.31033,0.072198,-0.004307,0.65874,0.22521,0.22521,0.30171,0.27621,-0.18282,-0.38683,-0.13181,0.42922,0.60773,0.76074,0.1487,-0.41233,-0.33583,-0.13181,0.53123,-0.18282,-0.28482,0.32721,0.65874,0.78624,0.1742,-0.029808,-0.41233,0.19971,0.021195,0.1232,0.25071,0.50573,0.60773,0.19971,0.58223,-0.43783,-0.76936,-0.41233,-0.31033,0.046696,0.072198,0.83725,1.0413,0.63323,-0.080812,-0.23382,0.1232,-0.18282,0.19971,0.76074,0.0977,-0.36133,-0.36133,0.35272,0.99026,-0.029808,-0.20832,0.1232,-0.28482,-0.38683,-0.080812,-0.20832,0.37822,1.2708,0.78624,0.70974,0.046696,-0.59084,-0.64185,-0.13181,0.60773,0.65874,-0.004307,-0.33583,-0.18282,0.65874,0.50573,-0.43783,-0.31033,0.22521,0.99026,0.0977,0.072198,-0.080812,-0.080812,-0.05531,0.65874,1.0158,0.021195,-0.004307,-0.31033,0.1742,-0.004307,-0.18282,-0.20832,0.27621,0.81175,0.42922,-0.13181,0.50573,-0.05531,-0.080812,-0.25932,0.0977,0.40372,0.65874,-0.20832,-0.20832,-0.28482,-0.20832,0.19971,1.1943,0.76074,-0.10631,-0.004307,-0.25932,0.22521,0.22521,-0.004307,-0.10631,0.1232,0.35272,0.30171,0.046696,0.1742,-0.004307,-0.004307,0.046696,0.53123,0.93925,0.50573,-0.71835,-0.71835,-0.31033,0.22521,0.53123,0.25071,-0.004307,0.021195,0.22521,-0.10631,0.76074,0.91375,0.35272,0.19971,-0.20832,-0.38683,-0.080812,0.1232,-0.05531,0.25071,-0.029808,-0.029808,-0.13181,0.1487,0.91375,1.1688,0.60773,-0.43783,-0.71835,-0.13181,0.021195,-0.28482,0.046696,0.70974,0.91375,0.68424,-0.05531,-0.41233,-0.25932,-0.20832,-0.10631,0.32721,1.1688,0.88825,-0.004307,-0.43783,-0.66735,-0.43783,0.40372,0.63323,0.70974,-0.20832,-0.004307,0.27621,-0.20832,0.42922,0.73524,0.22521,-0.13181,0.1742,0.072198,0.40372,-0.25932,-0.33583,-0.004307,0.55673,0.83725,-0.080812,-0.31033,-0.05531,0.53123,0.30171,-0.029808,0.046696,0.32721,0.30171,-0.080812,-0.10631,0.40372,-0.18282,-0.029808,1.0158,0.45472,0.27621,-0.05531,-0.15732,-0.38683,-0.20832,0.1232,0.046696,-0.05531,0.0977,0.81175,0.76074,0.27621,0.072198,-0.18282,-0.004307,0.072198,0.42922,0.27621,-0.10631,0.1232,0.1232,0.0977,0.1232,0.021195,0.072198,-0.080812,0.25071,0.32721,0.22521,0.40372,0.27621,0.19971,-0.28482,0.0977,0.93925,0.37822,-0.76936,-0.43783,-0.28482,-0.13181,0.32721,0.53123,0.91375,0.96476,-0.029808,-0.46334,-1.0244,0.37822,0.58223,-0.36133,0.55673,0.53123,0.27621,0.27621,-0.43783,-0.71835,-0.25932,0.42922,0.1742,0.1742,0.072198,0.83725,0.73524,0.32721,0.30171,0.55673,-0.18282,-0.71835,-0.28482,-0.05531,-0.05531,0.22521,0.021195,-0.25932,0.76074,1.6278,0.83725,-0.38683,-0.53984,-0.20832,-0.18282,0.30171,0.1232,0.48022,-0.05531
0.072198,0.021195,0.1487,0.32721,0.27621,0.19971,0.1232,0.046696,0.1232,0.1232,0.072198,0.072198,0.072198,0.22521,0.30171,0.22521,0.1232,0.0977,0.1742,0.1487,0.021195,0.046696,0.19971,0.27621,0.1232,0.19971,0.1487,0.19971,0.0977,0.021195,0.072198,0.1232,0.22521,0.27621,0.19971,0.19971,0.1232,0.046696,0.0977,0.0977,0.1232,0.0977,0.072198,0.22521,0.27621,0.22521,0.072198,0.1232,0.1487,0.1232,-0.004307,0.072198,0.1742,0.22521,0.1487,0.1487,0.1487,0.0977,0.0977,0.072198,0.046696,0.1742,0.22521,0.22521,0.19971,0.1487,0.1487,0.0977,0.072198,0.1232,0.1487,0.1742,0.1487,0.22521,0.19971,0.19971,0.1232,0.0977,0.072198,0.021195,0.046696,0.046696,0.072198,0.1232,0.1742,0.22521,0.27621,0.22521,0.1487,0.046696,0.072198,-0.004307,0.30171,0.27621,0.42922,0.19971,0.021195,-0.004307,0.0977,0.37822,-0.080812,0.046696,0.072198,0.30171,0.1232,0.0977,-0.004307,0.50573,0.046696,-0.029808,0.021195,-0.029808,0.45472,0.53123,0.63323,0.1742,-0.23382,-0.20832,0.021195,0.1232,-0.05531,-0.10631,0.35272,0.19971,-0.36133,0.35272,0.99026,1.1433,-2.427,1.7553,4.2545,-0.080812,-1.7894,-2.9115,-0.84586,-3.6,-2.5545,5.8356,3.1069,0.25071,4.025,1.2708,-2.5035,-6.6602,-2.3505,-4.2121,0.50573,3.5659,-4.0591,3.5914,8.5897,-0.56534,-4.0081,-1.6364,4.6115,4.9175,-2.988,-10.562,0.93925,3.4639,0.76074,0.58223,-0.99887,-9.0829,3.5659,6.8301,-1.1774,-2.529,-2.1464,-0.28482,1.1688,0.53123,4.484,-0.56534,1.6278,1.3983,3.1579,-5.5382,-3.5235,-3.0135,0.072198,4.178,-0.74385,0.42922,0.60773,-1.6109,2.6479,0.27621,1.6533,-1.7639,-0.43783,-0.69285,4.892,-7.1958,-0.74385,3.3619,0.50573,6.0141,-1.7384,0.1742,-2.1974,-5.3341,0.25071,-0.76936,6.3456,4.739,-4.2886,-0.43783,3.4384,1.4493,-3.7275,-0.31033,-0.71835,0.81175,-0.05531,1.3728,-3.243,-1.9424,0.99026,0.63323,0.76074,1.7808,4.8155,0.1742,1.1178,-0.20832,-2.427,-2.376,-3.9061,1.9338,1.2198,-1.2539,-0.61635,-2.58,3.2854,2.2398,1.4238,0.35272,-0.36133,-0.20832,0.96476,-1.6874,1.7043,-0.05531,1.0923,-0.48884,0.45472,-0.71835,-0.76936,-0.94787,-0.79486,-0.66735,0.73524,0.50573,0.83725,1.6278,-2.631,0.93925,2.6989,2.4438,0.50573,-0.48884,-1.4324,-1.9934,-2.2995,1.6023,2.0613,-0.46334,-0.13181,0.0977,0.19971,1.3983,0.96476,-2.9625,-0.53984,0.60773,1.7553,2.5714,1.9593,-0.66735,-2.0699,1.6788,-0.10631,-0.41233,-0.13181,1.4493,-0.48884,-1.9169,-2.1209,0.91375,1.9338,1.0413,0.25071,2.1378,-1.0499,-1.5854,-1.5344,3.3874,0.93925,-1.2539,0.27621,0.70974,1.8573,-0.71835,-1.5599,-1.5344,-0.33583,-2.0189,3.3874,1.7553,0.1487,0.73524,0.19971,-1.5854,-0.28482,0.0977,0.50573,-0.56534,-0.28482,-2.0189,1.5258,1.3473,-0.10631,1.3473,0.99026,0.37822,-0.15732,-0.79486,-0.10631,-0.05531,-0.004307,0.046696,-0.080812,-0.56534,0.40372,0.50573,1.8318,1.5513,-0.18282,0.42922,-0.69285,0.1232,-0.46334,-0.89686,-1.2284,1.3473,2.2143,0.27621,0.30171,0.45472,-0.43783,-0.92237,-0.69285,-0.41233,-0.33583,0.1742,1.4238,0.48022,-0.48884,0.45472,1.1433,0.37822,0.53123,0.60773,0.91375,-0.61635,-0.99887,-0.94787,0.1742,-1.5854,2.3673,-0.05531,-0.31033,0.58223,1.0413,-0.46334,-0.029808,-0.23382,1.1433,0.45472,-1.1009,-0.38683,-0.18282,1.9593,-1.5089,-0.79486,0.53123,1.9848,1.6533,1.4238,-0.10631,-0.87136,-0.76936,-0.71835,-0.84586,-0.59084,-0.080812,0.42922,0.88825,2.2908,1.0158,0.30171,-0.28482,-0.004307,-0.71835,-0.89686,-0.92237,0.48022,0.76074,0.42922,0.021195,-0.31033,0.58223,2.1378,0.22521,-2.5035,2.1123,2.2398,0.42922,-0.18282,-1.2029,-1.1774,-0.97337,0.78624,0.0977,0.93925,0.83725,0.25071,0.19971,0.1742,-0.23382,0.83725,0.0977,-0.080812,-0.28482,0.021195,0.19971,0.046696,-0.10631,-0.43783,-0.28482,0.1487,1.5768,0.50573,0.48022,0.65874,0.53123,0.32721,-0.31033,-1.1009,-0.31033,-0.31033,0.27621,0.25071,0.19971,1.1688,1.1433,-0.43783,-0.99887,-0.38683,-0.69285,1.3218,1.4493,0.45472,0.046696,0.072198,-0.18282,-0.15732,0.35272,0.93925,0.1487,-0.33583,-0.31033,-0.15732,-0.20832,0.65874,-0.48884,0.81175,0.63323,0.96476,0.1742,-0.59084,-0.64185,0.0977,0.19971,-0.48884,0.86275,-0.51434,2.2398,-0.28482,-0.31033,0.072198,0.93925,-0.25932,-0.53984,-0.38683,-0.05531,0.35272,0.19971,0.1742,0.25071,0.65874,-0.13181,0.73524,0.27621,0.021195,0.42922,0.60773,0.22521,-0.20832,-0.92237,-0.23382,-0.15732,-0.38683,-0.18282,0.83725,1.3983,0.96476,0.0977,-0.10631,-0.23382,-0.82036,-0.64185,-0.15732,0.021195,-0.25932,1.4493,1.9593,0.73524,0.22521,0.37822,0.45472,-0.69285,-1.3304,-0.89686,0.40372,0.25071,-1.0244,0.83725,1.1943,0.19971,-0.31033,0.30171,0.60773,0.22521,-0.33583,-1.1009,0.68424,1.1178,0.35272,0.45472,0.1232,-0.43783,-0.15732,-0.13181,-0.05531,0.37822,0.53123,0.1487,-0.38683,0.58223,0.1487,-0.23382,-0.43783,0.32721,0.65874,1.1178,0.021195,-0.23382,-0.080812,0.021195,-0.05531,0.19971,0.19971,0.60773,0.53123,-0.18282,-0.76936,-1.1009,1.6278,0.91375,-0.004307,0.32721,0.37822,0.046696,-0.46334,-0.36133,-0.28482,-0.36133,-0.38683,0.072198,0.83725,0.35272,0.0977,0.83725,0.73524,-0.004307,-0.13181,-0.10631,0.1487,0.42922,0.53123,0.68424,-0.48884,-0.66735,-0.51434,-0.05531,0.63323,-0.20832,1.0923,0.35272,-0.029808,-0.53984,-0.51434,0.91375,1.0158,-0.28482,0.50573,0.32721,-1.0244,-0.53984,-0.76936,0.22521,0.81175,0.91375,0.48022,0.65874,0.58223,0.1742,-0.33583,0.021195,0.0977,-0.36133,0.0977,0.1487,0.072198,0.25071,0.046696,0.93925,0.1742,0.021195,-0.38683,0.42922,0.072198,0.072198,-0.080812,-0.15732,-0.56534,0.83725,-0.87136,-0.51434,0.50573,0.68424,1.1178,1.2963,0.19971,-0.31033,-0.13181,-0.15732,-0.080812,0.40372,0.046696,-0.05531,0.58223,0.73524,0.76074,0.25071,-0.38683,-0.87136,-0.92237,-0.48884,-0.10631,0.55673,0.19971,1.1178,1.3728,0.88825,0.072198,-0.004307,0.27621,-0.46334,-0.41233,-0.080812,-0.080812,0.1232,-0.05531,0.25071,0.35272,0.19971,0.83725,0.58223,0.22521,-0.46334,-0.36133,0.0977,-0.23382,0.30171,0.40372,0.27621,0.70974,0.30171,-0.080812,-0.31033,-0.33583,0.50573,0.93925,1.3728,-0.20832,-0.66735,-0.18282,0.072198,-0.13181,-0.13181,-0.10631,0.78624,0.68424,0.1232,-0.18282,-0.36133,-0.28482,0.37822,0.37822,0.48022,0.45472,0.30171,0.1742,-0.53984,-0.18282,-0.43783,0.30171,-0.004307,-0.05531,0.42922,0.96476,1.0413,0.93925,0.40372,-0.46334,-0.48884,-0.28482,-0.48884,-0.66735,0.60773,0.1742,0.37822,0.73524,0.70974,0.60773,0.072198,-0.13181,-0.36133,-0.33583,0.30171,0.68424,0.40372,0.53123,-0.029808,0.48022,0.35272,-0.41233,-0.48884,-0.18282,0.27621,0.072198,0.1742,0.86275,1.0413,-0.36133,-0.15732,-0.28482,0.021195,-0.004307,-0.28482,-0.13181,0.30171,0.55673,1.2453,0.37822,-0.10631,0.046696,-0.080812,-0.33583,0.32721,0.58223,0.25071,0.0977,-0.080812,0.48022,0.072198,-0.28482,-0.46334,0.22521,0.78624,0.50573,-0.029808,-0.28482,0.046696,0.73524,-0.10631,-0.20832,0.73524,0.58223,0.35272,-0.36133,-0.20832,-0.28482,-0.05531,-0.004307,1.4238,-0.33583,0.45472,0.072198,-0.13181,-0.18282,-0.004307,0.60773,1.2963,0.65874,-0.38683,-0.74385,-0.46334,-0.15732,0.046696,0.30171,0.32721,0.25071,0.27621,0.63323,1.0413,0.40372,0.021195,0.0977,0.68424,0.83725,-0.71835,-0.69285,-0.59084,-0.13181,-0.25932,0.22521,-0.23382,0.78624,0.73524,0.58223,0.32721,0.32721,0.072198,-0.15732,-0.33583,-0.25932,0.32721,0.22521,0.0977,0.072198,0.1487,0.19971,0.0977,0.32721,0.68424,0.35272,0.27621,-0.18282,-0.18282,-0.13181,-0.029808,-0.13181,0.25071,0.42922,0.32721,0.78624,0.072198,-0.38683,-0.13181,-0.029808,0.27621,0.73524,0.99026,0.22521,-0.10631,0.30171,-0.18282,-0.46334,-0.13181,0.25071,-0.029808,-0.43783,0.19971,0.81175,0.45472,0.0977,0.42922,0.1487,0.1742,0.1232,0.1232,0.0977,0.1487,0.021195,0.22521,0.58223,0.70974,-0.48884,-0.69285,-0.51434,0.1232,0.83725,0.30171,0.1232,0.37822,-0.15732,-0.31033,0.1232,1.1178,0.93925,-0.84586,0.48022,0.22521,-0.36133,-0.10631,0.42922,0.22521,0.19971,0.53123,-0.43783,-0.48884,-0.41233,-0.15732,0.45472,0.35272,0.22521,0.58223,1.1433,0.63323,-0.18282,-0.53984,-0.61635,-0.15732,0.68424,0.48022,-0.20832,-0.15732,-0.10631,0.27621,0.40372,0.42922,0.45472,-0.15732,0.0977,0.30171,0.0977,-0.10631,0.73524,0.53123,0.93925,-0.38683,0.37822,-0.82036,-0.43783,-0.89686,-0.31033,0.1742,0.37822,1.1433,1.1943,0.78624,0.021195,-0.66735,-0.46334,-0.15732,0.22521,-0.080812,0.22521,0.42922,0.81175,0.35272,0.60773,0.021195,0.1487,0.19971,-0.38683,0.25071,0.1232,0.93925,0.37822,0.0977,0.30171,-0.33583,-0.82036,-1.1774,-0.84586,-0.13181,0.83725,0.072198,0.37822,1.6533,1.2708,0.30171,-0.41233,-0.23382,0.1232,-0.10631,0.60773,0.072198,0.53123,0.1487,-0.28482,-0.48884,-0.64185,0.072198,0.42922,1.1178,0.48022,0.37822,-0.23382,-0.33583,-0.10631,0.0977,-0.71835,0.22521,0.42922,-0.029808,0.30171,0.58223,0.99026,0.83725,0.046696,-0.18282,0.1742,-0.10631,-0.15732,0.40372,0.1232,-0.31033,-0.20832,0.1232,0.45472,-0.20832,0.021195,0.42922,0.53123,0.63323,0.53123,0.1742,-0.43783,0.072198,0.48022,-0.05531,-0.20832,-0.004307,0.1487,-0.64185,0.76074,0.1742,0.88825,0.42922,-0.18282,-0.10631,-0.029808,0.37822,0.0977,-0.080812,0.072198,0.021195,0.96476,0.1232,-0.05531,0.021195,-0.20832,0.1487,0.1487,0.19971,-0.41233,0.0977,0.32721,0.046696,0.072198,0.83725,0.88825,0.22521,-0.20832,-0.25932,-0.20832,0.1232,0.1232,0.30171,0.76074,0.046696,-0.28482,-0.15732,-0.004307,-0.004307,-0.029808,0.1487,0.55673,0.37822,0.58223,-0.10631,0.25071,0.22521,0.1232,0.072198,0.021195,0.0977,-0.41233,0.072198,0.78624,0.45472,-0.51434,0.45472,0.072198,-0.51434,-0.20832,0.55673,0.88825,0.021195,0.32721,-0.33583,-0.10631,-0.080812,0.81175,0.19971,-0.13181,0.42922,-0.87136,1.5768,0.60773,0.30171,-0.46334,-0.41233,0.021195,-0.029808,-0.43783,-0.20832,-0.004307,-0.05531,1.1433,0.37822,0.42922,-0.029808,-0.029808,-0.25932,-0.31033,0.60773,0.73524,0.22521,-0.20832,0.37822,0.27621,-0.05531,-0.48884,-0.38683,0.40372,1.1433,-0.080812,-0.10631,-0.20832,0.35272,0.27621,0.25071,-0.029808,-0.48884,0.0977,-0.36133,1.7808,0.81175,-0.10631,-0.64185,-0.28482,-0.004307,2.0868,-0.004307,-0.61635,-0.33583,-0.20832,-0.33583,-0.029808,-0.029808,0.58223,0.65874,0.55673,0.1742,-0.64185,0.35272,1.0668,0.32721,0.68424,0.76074,-0.66735,-0.66735,-0.51434,-0.33583,0.0977,0.1232,0.1232,0.1232,0.37822,1.0668,0.73524,-0.23382,0.86275,0.25071,-0.41233,-0.59084,-0.28482,-0.23382,0.1232,0.072198,0.1487,-0.23382,0.37822,1.3728,0.99026,-0.15732,-0.43783,-0.23382,-0.13181,0.42922,-0.31033,-0.56534,0.22521,0.63323,0.55673,1.1178,0.58223,-0.15732,-0.48884,-0.23382,-0.20832,0.48022,0.021195,-0.080812,-0.31033,0.1487,0.30171,0.73524,0.53123,0.1742,0.27621,-0.13181,0.27621,-0.15732,0.22521,0.32721,0.1232,-0.05531,-0.25932,-0.23382,0.19971,-0.080812,0.32721,0.35272,0.48022,0.70974,0.45472,0.021195,-0.33583,-0.28482,0.99026,-0.20832,-0.41233,-0.33583,-0.004307,-0.004307,0.021195,0.65874,0.60773,0.32721,0.22521,0.25071,0.27621,-0.20832,-0.28482,0.32721,1.4238,0.45472,-0.13181,-0.59084,-0.71835,-0.18282,0.27621,-0.080812,-0.05531,1.5258,0.83725,0.1232,-0.33583,-0.13181,-0.080812,0.42922,-0.18282,0.35272,0.40372,0.27621,-0.41233,0.1742,0.65874,0.1232,0.1232,-0.23382,-0.31033,-0.080812,0.35272,0.27621,-0.080812,0.32721,0.1742,1.1178,0.0977,0.25071,-0.43783,-0.38683,0.35272,0.1232,-0.25932,-0.029808,0.58223,0.83725,-0.029808,0.021195,-0.25932,-0.38683,0.32721,-0.18282,-0.029808,0.1487,0.65874,0.50573,0.021195,0.021195,0.22521,0.63323,0.83725,0.19971,-0.13181,-0.71835,-0.28482,0.1232,0.35272,-0.10631,-0.28482,-0.080812,0.1232,0.45472,0.70974,0.65874,0.76074,0.1232,-0.23382,0.1232,-0.029808,-0.41233,-0.23382,0.88825,0.32721,0.021195,0.22521,0.32721,-0.10631,0.072198,-0.56534,-0.080812,0.50573,0.73524,0.35272,0.40372,-0.33583,0.88825,0.021195,-0.28482,-0.28482,-0.46334,-0.46334,0.1232,0.53123,0.81175,0.78624,0.27621,0.1232,0.42922,-0.79486,-0.38683,0.021195,0.1742,0.42922,0.22521,0.35272,0.50573,-0.05531,-0.33583,-0.36133,-0.004307,0.25071,0.37822,0.53123,0.53123,0.53123,1.0158,0.93925,-0.20832,-0.74385,-1.2029,0.27621,0.1487,-0.18282,-0.23382,0.53123,0.73524,0.81175,-0.23382,-0.69285,-0.10631,-0.029808,0.072198,0.42922,0.53123,0.40372,0.30171,0.22521,-0.004307,-0.13181,-0.28482,-0.28482,0.0977,0.65874,0.42922,0.19971,0.1487,0.1232,0.40372,-0.029808,-0.080812,-0.28482,-0.004307,0.58223,0.48022,0.45472,0.27621,-0.36133,-0.15732,-0.64185,-0.41233,0.86275,0.86275,0.35272,-0.15732,0.25071,0.072198,0.37822,-0.029808,-0.31033,-0.13181,0.021195,0.50573,0.53123,-0.25932,0.42922,0.32721,0.30171,0.046696,0.1232,0.30171,0.40372,-0.61635,-0.82036,0.021195,0.55673,0.63323,0.81175,0.22521,0.22521,-0.029808,0.046696,0.22521,0.22521,0.046696,-0.31033,0.50573,0.1232,0.0977,0.22521,0.48022,0.072198,-0.28482,0.45472,-0.004307,-0.25932,-0.43783,-0.51434,-0.080812,0.27621,0.60773,0.60773,0.86275,-0.05531,0.072198,0.27621,0.48022,0.32721,0.19971,0.53123,-0.56534,-1.1774,0.1742,0.021195,0.45472,0.0977,0.81175,0.58223,0.45472,0.1487,0.021195,0.1487,-0.23382,-0.31033,-0.080812,0.50573,0.60773,-0.13181,0.1742,0.30171,0.32721,0.30171,-0.20832,-0.64185,0.73524,0.76074,-0.13181,-0.61635,-0.28482,-0.25932,0.91375,1.1178,0.0977,-0.33583,-0.10631,0.1232,0.55673,0.1487,-0.080812,0.1487,0.021195,0.0977,-0.23382,0.42922,0.53123,-0.33583,0.45472,0.22521,0.50573,0.1232,-0.10631,0.1742,0.53123,0.32721,0.021195,-0.28482,-0.38683,-0.28482,0.1487,0.1232,0.1487,0.63323,0.046696,-0.004307,0.70974,1.0413,0.19971,0.1232,0.046696,0.046696,-0.13181,-0.59084,-0.25932,-0.48884,0.91375,1.0668,0.70974,-0.05531,-0.99887,0.25071,0.046696,-0.18282,0.046696,0.37822,0.65874,0.58223,0.1487,0.072198,0.19971,0.32721,0.1232,-0.10631,-0.48884,0.68424,0.22521,-0.029808,-0.20832,0.22521,-0.080812,0.22521,-0.05531,0.046696,0.046696,0.1487,0.30171,0.81175,0.1487,0.0977,0.1232,0.37822,-0.004307,-0.38683,0.22521,1.1688,0.42922,-0.25932,-0.28482,-0.13181,0.021195,0.1232,0.19971,0.25071,0.1742,0.22521,0.32721,0.35272,0.65874,0.48022,-0.080812,-0.15732,-0.23382,-0.10631,-0.10631,0.25071,0.1487,-0.41233,0.68424,0.81175,-0.029808,-0.23382,0.1742,0.046696,0.072198,0.37822,0.73524,0.40372,0.046696,0.021195,-0.28482,0.021195,-0.004307,0.0977,0.1232,0.37822,0.32721,0.42922,0.1487,0.73524,0.48022,-0.46334,-0.41233,0.046696,-0.20832,-0.05531,0.1232,0.1487,-0.080812,0.25071,0.37822,0.22521,0.1742,0.1742,0.19971,0.32721,1.0413,0.53123,-0.25932,-0.79486,-0.76936,-0.15732,-0.004307,0.1487,0.35272,0.60773,1.0923,0.58223,0.0977,-0.080812,-0.13181,-0.004307,0.55673,-0.23382,-0.28482,-0.38683,0.50573,0.68424,0.22521,-0.25932,0.1742,0.40372,-0.15732,-0.004307,1.2708,-0.004307,-0.05531,0.25071,0.22521,0.37822,0.1232,0.45472,-0.36133,-0.31033,-0.080812,0.1487,-0.10631,0.1487,0.63323,0.22521,-0.004307,0.22521,0.22521,0.27621,-0.029808,0.73524,0.42922,0.27621,-0.15732,-0.36133,0.1232,0.22521,-0.18282,0.046696,0.32721,0.19971,-0.43783,0.072198,1.2198,1.3728,-0.56534,-0.69285,-0.20832,-0.029808,0.30171,0.25071,0.32721,-0.080812,0.1232,-0.38683,0.65874,0.22521,0.53123,0.1232,0.1742,0.70974,0.32721,-0.31033,-0.20832,-0.38683,0.63323,-0.15732,-0.48884,-0.53984,0.48022,0.78624,0.58223,0.58223,0.42922,0.072198,-0.33583,-0.43783,-0.23382,0.37822,0.70974,0.30171,-0.10631,0.021195,-0.48884,0.81175,0.1742,0.072198,0.046696,0.48022,-0.41233,0.021195,0.1232,-0.080812,0.42922,0.1742,-0.10631,0.19971,-0.15732,0.78624,0.76074,-0.28482,-0.029808,0.55673,0.32721,-0.18282,-0.79486,0.0977,0.42922,-0.13181,-0.10631,0.96476,0.48022,0.22521,0.1742,0.1742,0.48022,0.25071,0.27621,-0.20832,-0.13181,-0.53984,-0.41233,0.1232,1.3473,0.45472,0.63323,0.35272,-0.46334,-0.59084,-0.20832,0.40372,0.83725,0.32721,-0.004307,-0.23382,-0.18282,0.78624,0.53123,0.53123,0.046696,0.1232,-0.004307,-0.10631,-0.46334,-0.56534,0.021195,0.22521,1.4238,0.65874,0.046696,-0.28482,-0.33583,0.45472,0.30171,-0.41233,-0.10631,-0.080812,-0.004307,0.32721,0.40372,0.1232,0.86275,0.22521,-0.20832,0.046696,0.021195,-0.18282,-0.33583,0.19971,0.32721,0.0977,0.046696,0.32721,0.32721,0.53123,0.42922,0.99026,-0.36133,-0.080812,-0.10631,0.19971,-0.10631,-0.41233,0.30171,1.1433,0.35272,-0.71835,-0.13181,-0.080812,0.76074,0.30171,0.072198,-0.41233,0.0977,0.63323,1.1943,0.53123,-0.41233,0.22521,-0.080812,-0.48884,-0.41233,0.0977,0.70974,0.93925,0.046696,-0.66735,-0.38683,0.73524,0.50573,0.35272,0.68424,0.30171,-0.18282,-0.080812,-0.23382,-0.56534,-0.38683,-0.080812,0.48022,0.99026,0.99026,0.32721,0.1487,-0.080812,0.19971,0.30171,0.27621,0.0977,-0.33583,-0.28482,-0.15732,0.48022,0.83725,0.0977,-0.51434,-0.33583,0.0977,0.53123,0.35272,-0.10631,0.48022,1.0158,-0.13181,-0.66735,-0.41233,-0.05531,0.53123,0.76074,-0.20832,0.1232,0.53123,0.1742,-0.31033,-0.029808,0.1742,0.83725,0.30171,-0.28482,-0.18282,0.22521,-0.15732,-0.05531,0.22521,0.48022,0.53123,0.45472,-0.13181,-0.10631,0.046696,0.27621,0.072198,-0.080812,0.1742,0.37822,0.55673,-0.48884,-0.18282,0.1232,0.19971,0.50573,0.60773,0.58223,0.65874,0.0977,-0.004307,-0.25932,-0.56534,-0.15732,0.30171,0.32721,-0.004307,-0.43783,0.53123,0.37822,0.48022,0.73524,-0.004307,0.072198,0.45472,-0.080812,-0.10631,-0.20832,0.021195,0.30171,0.19971,0.37822,0.32721,-0.28482,-0.13181,0.046696,0.22521,0.30171,0.50573,0.55673,0.19971,-0.029808,-0.28482,0.046696,0.27621,0.65874,0.1232,-0.029808,-0.05531,0.1487,-0.28482,-0.71835,-0.28482,0.35272,0.50573,0.63323,0.42922,0.68424,0.78624,0.65874,0.1487,-1.2284,-0.79486,-0.13181,0.22521,0.1487,1.0413,0.50573,0.1742,0.27621,0.30171,0.0977,-0.080812,-0.029808,0.35272,0.27621,-0.10631,0.021195,0.22521,0.22521,0.27621,-0.05531,-0.23382,-0.20832,-0.71835,0.81175,0.99026,0.072198,0.22521,0.19971,0.70974,-0.004307,-0.05531,-0.38683,0.021195,0.30171,-0.13181,-0.10631,-0.25932,0.27621,0.58223,0.32721,0.65874,0.30171,0.072198,0.0977,0.046696,-0.029808,-0.31033,-0.28482,0.046696,0.42922,0.30171,0.1487,0.27621,0.1232,0.021195,0.32721,0.27621,0.73524,-0.080812,-0.71835,-0.23382,0.30171,0.81175,0.1232,-0.10631,-0.080812,0.19971,-0.51434,0.65874,0.65874,0.072198,0.42922,0.70974,0.60773,0.1487,-0.66735,-0.33583,0.1487,-0.56534,-1.0754,0.42922,0.83725,0.50573,0.35272,0.55673,0.91375,0.53123,-0.20832,-0.33583,-0.38683,-0.18282,0.0977,0.73524,0.19971,-0.10631,-0.029808,0.046696,-0.004307,0.021195,0.1742,0.19971,0.22521,0.53123,0.86275,0.91375,-0.13181,-0.25932,0.1232,-0.28482,-0.05531,0.60773,0.35272,-0.36133,-0.92237,-0.28482,-0.004307,0.83725,1.1178,0.55673,-0.18282,-0.25932,-0.004307,-0.18282,0.1742,0.27621,0.65874,1.3218,0.021195,-0.79486,-0.66735,0.19971,0.73524,0.35272,-0.080812,0.072198,0.1487,-0.05531,0.27621,0.27621,0.19971,0.072198,-0.31033,-0.15732,0.37822,0.48022,-0.59084,0.73524,0.25071,-0.18282,0.35272,0.30171,0.70974,-0.20832,-0.48884,-0.43783,0.1232,0.1742,0.42922,0.81175,0.73524,-0.23382,-0.48884,-0.33583,-0.23382,0.25071,0.53123,0.81175,0.42922,0.22521,0.046696,0.1232,0.072198,-0.080812,0.021195,0.1742,0.0977,-0.029808,-0.10631,-0.18282,0.42922,1.0668,0.1487,-0.15732,-0.13181,-0.080812,-0.05531,-0.13181,0.1232,0.19971,0.072198,0.1487,0.27621,0.60773,0.81175,0.0977,0.50573,0.73524,0.22521,-0.74385,-0.79486,-0.38683,0.1232,0.40372,0.1232,0.1487,0.32721,0.37822,0.25071,0.046696,-0.080812,0.32721,0.99026,0.99026,-0.13181,-0.48884,-0.18282,0.30171,0.25071,-0.18282,-0.28482,-0.10631,-0.13181,0.19971,0.58223,0.42922,0.48022,0.22521,-0.004307,-0.36133,-0.080812,0.19971,0.072198,0.63323,0.70974,0.50573,0.30171,-0.004307,-0.080812,-0.82036,-0.43783,-0.10631,0.0977,1.1178,0.88825,-0.46334,-0.10631,0.35272,0.76074,0.30171,-0.31033,-0.13181,0.22521,0.021195,-0.080812,-0.080812,0.27621,0.27621,0.32721,0.1742,0.27621,-0.080812,-0.23382,0.1232,0.42922,0.86275,0.48022,0.021195,-0.029808,-0.18282,-0.33583,-0.38683,0.91375,0.73524,-0.15732,-0.28482,-0.15732,-0.18282,0.27621,0.58223,0.63323,0.0977,0.22521,0.30171,0.48022,-0.28482,-0.46334,-0.004307,0.35272,0.1487,-0.15732,0.046696,0.1232,0.021195,0.83725,0.53123,0.021195,-0.10631,0.86275,1.1178,-0.28482,-0.38683,-0.25932,-0.13181,-0.05531,0.021195,0.072198,0.50573,0.68424,0.68424,-0.61635,-0.05531,0.37822,0.93925,0.021195,-0.46334,-0.38683,-0.23382,0.35272,-0.13181,0.27621,0.63323,0.50573,0.19971,0.37822,0.37822,0.63323,-0.18282,-0.18282,0.0977,0.021195,-0.61635,0.32721,0.88825,0.0977,-0.20832,-0.080812,0.021195,0.22521,-0.18282,0.072198,0.63323,0.68424,0.1742,0.021195,0.072198,0.22521,0.22521,-0.15732,-0.13181,-0.20832,0.0977,0.35272,0.27621,-0.31033,0.76074,0.96476,0.25071,-0.20832,-0.18282,0.19971,0.1487,-0.46334,-0.20832,0.1232,1.1943,0.25071,-0.004307,-0.029808,-0.31033,-0.28482,-0.080812,0.22521,0.63323,0.1232,0.42922,0.37822,1.0413,0.60773,0.021195,-0.23382,-0.56534,-0.13181,-0.23382,-0.080812,0.32721,0.19971,-0.10631,-0.23382,0.19971,0.48022,0.91375,0.0977,0.48022,0.73524,-0.029808,-0.25932,-0.59084,-0.15732,-0.004307,-0.23382,1.0158,0.1487,-0.69285,0.99026,0.63323,-0.15732,-0.56534,-0.10631,-0.15732,0.30171,0.27621,0.42922,0.50573,0.58223,0.48022,-0.64185,0.65874,0.65874,-0.31033,-0.36133,-0.080812,0.53123,0.48022,0.81175,-0.23382,-0.89686,-0.69285,-0.05531,0.32721,0.32721,0.81175,0.88825,0.35272,-1.4579,0.88825,1.3473,-0.46334,-0.89686,-0.48884,0.072198,0.88825,0.53123,0.53123,0.1232,-0.080812,-0.18282,-0.05531,-0.20832,0.072198,0.27621,0.30171,0.76074,0.53123,0.40372,-0.004307,0.021195,0.021195,0.40372,-0.20832,-0.10631,-0.36133,0.021195,0.1742,0.50573,0.1487,0.0977,-0.05531,1.1688,0.1487,-0.23382,-0.31033,-0.23382,-0.61635,1.6023,0.88825,-0.18282,-0.33583,-0.56534,-0.13181,0.27621,-0.76936,1.3218,0.22521,-0.23382,0.48022,0.32721,0.58223,0.55673,-0.25932,-0.64185,-0.15732,0.60773,0.35272,-0.029808,-0.080812,0.0977,0.1742,0.37822,0.58223,0.27621,-0.13181,0.072198,0.32721,0.30171,-0.080812,0.22521,-0.004307,-0.15732,0.021195,-0.13181,-0.15732,0.25071,0.60773,0.60773,-0.13181,0.021195,0.072198,0.35272,1.4493,0.22521,-0.59084,-0.59084,-0.23382,0.25071,0.40372,0.42922,0.0977,-0.004307,-0.20832,0.021195,0.42922,0.63323,0.32721,-0.029808,0.37822,1.0413,0.58223,-0.18282,-0.61635,-0.36133,-0.05531,0.046696,-0.31033,-0.029808,0.1232,0.30171,0.22521,0.42922,0.30171,0.35272,0.1742,0.27621,0.55673,0.27621,0.021195,-0.43783,-0.13181,0.22521,-0.10631,0.046696,0.1232,-0.029808,-0.05531,-0.029808,0.22521,0.30171,0.50573,0.27621,-0.10631,-0.004307,-0.004307,-0.029808,0.81175,0.76074,0.1487,-0.004307,-0.18282,-0.13181,-0.71835,0.42922,0.021195,0.27621,0.50573,0.70974,-0.15732,0.55673,-0.31033,-0.20832,0.19971,0.60773,-0.38683,-0.48884,-0.080812,0.1232,0.0977,0.32721,0.53123,0.53123,0.30171,0.19971,0.50573,0.60773,0.1487,-0.28482,-0.28482,-0.029808,0.27621,0.53123,-0.31033,-0.23382,-0.10631,-0.004307,0.25071,0.046696,0.45472,0.76074,0.48022,0.19971,0.1232,-0.23382,-0.41233,-0.004307,-0.51434,-0.004307,0.53123,0.65874,0.45472,0.63323,0.1232,-0.13181,0.19971,-0.18282,-0.18282,-0.18282,0.32721,0.25071,0.22521,0.1742,0.1742,0.32721,0.35272,0.0977,-0.31033,-0.10631,0.40372,0.50573,-0.05531,-0.080812,0.072198,0.48022,-0.10631,-0.029808,-0.05531,0.072198,0.40372,0.25071,0.19971,0.42922,0.63323,0.072198,0.021195,-0.004307,-0.43783,-0.28482,0.40372,0.32721,0.32721,0.046696,-0.080812,-0.05531,0.0977,0.53123,0.35272,0.22521,0.1232,-0.13181,0.1487,0.45472,0.30171,0.1742,-0.20832,-0.20832,-0.13181,-0.004307,-0.004307,0.73524,0.37822,0.45472,0.1487,0.27621,-0.004307,-0.10631,0.1742,0.48022,0.32721,0.021195,-0.28482,-0.33583,0.27621,-0.20832,0.91375,0.35272,0.1487,-0.029808,0.1232,-0.31033,-0.004307,0.1487,0.1487,-0.10631,0.35272,0.60773,0.63323,0.27621,0.072198,0.072198,-0.080812,0.1487,0.046696,0.40372,0.40372,-0.20832,-0.20832,0.40372,-0.029808,-0.18282,0.1742,0.1232,-0.029808,0.1232,0.42922,0.83725,0.42922,0.30171,0.0977,-0.13181,-0.48884,-1.1009,0.53123,1.5513,0.73524,0.046696,-0.33583,-0.43783,-0.20832,-0.28482,0.22521,0.50573,0.63323,-0.029808,-0.13181,-0.05531,-0.05531,0.19971,0.86275,1.0668,0.65874,-0.38683,-0.59084,-0.31033,-0.51434,-0.080812,0.22521,0.35272,0.48022,0.35272,0.37822,0.1487,0.072198,0.021195,0.0977,0.30171,0.30171,-0.004307,0.072198,0.1742,0.1487,-0.31033,-0.05531,0.48022,0.70974,0.45472,-0.080812,-0.51434,-0.23382,-0.20832,0.1232,0.32721,0.93925,0.65874,0.73524,0.42922,-0.25932,-0.61635,-0.82036,0.37822,1.3473,-0.13181,-0.38683,-0.13181,0.046696,0.072198,0.1487,0.32721,0.58223,1.0668,0.48022,-0.28482,-0.31033,-0.36133,-0.53984,-0.38683,0.021195,0.88825,0.42922,0.73524,0.70974,0.22521,0.021195,-0.20832,-0.20832,-0.25932,-0.23382,0.021195,0.30171,0.53123,0.73524,0.1487,-0.36133,-0.13181,-0.029808,0.37822,0.1487,0.30171,0.37822,0.58223,0.42922,-0.004307,-0.41233,-0.20832,0.046696,0.37822,0.1232,0.19971,-0.004307,-0.28482,-0.029808,0.88825,0.83725,0.072198,-0.05531,0.072198,-0.33583,-0.28482,-0.15732,-0.029808,0.1232,0.37822,0.83725,0.32721,0.1232,-0.10631,0.19971,0.48022,0.25071,-0.05531,-0.029808,0.0977,0.021195,0.046696,0.1232,0.53123,0.42922,0.1232,-0.029808,-0.23382,-0.004307,0.021195,0.27621,0.32721,0.37822,0.42922,0.32721,0.27621,0.021195,-0.46334,-0.38683,-0.13181,0.072198,0.22521,0.32721,0.42922,0.65874,0.53123,0.53123,0.1742,-0.05531,-0.18282,-0.10631,0.25071,0.60773,0.37822,-0.20832,-0.05531,-0.05531,-0.33583,-0.28482,0.1232,0.50573,0.37822,0.45472,0.046696,1.3473,0.37822,-0.46334,-0.15732,0.32721,0.27621,-0.76936,-0.41233,0.072198,0.30171,0.30171,0.30171,0.27621,0.22521,0.40372,0.40372,0.32721,0.53123,0.50573,-0.10631,-0.13181,0.1232,-0.38683,-0.10631,-0.029808,0.30171,0.046696,-0.18282,0.37822,0.072198,0.1742,0.32721,0.50573,0.63323,0.63323,-0.53984,0.50573,-0.080812,-0.31033,0.021195,0.0977,0.25071,0.60773,0.81175,0.25071,0.35272,-0.05531,-0.15732,0.021195,-0.10631,-0.25932,-0.53984,-0.05531,0.40372,0.22521,0.22521,0.22521,0.1487
0.072198,0.1742,0.1232,0.1232,0.22521,0.27621,0.22521,0.1232,0.046696,0.0977,0.1742,0.072198,0.0977,0.1232,0.1487,0.22521,0.25071,0.25071,0.1232,0.046696,-0.004307,-0.05531,0.072198,0.27621,0.25071,0.19971,0.1232,0.1232,0.1232,0.19971,0.072198,-0.05531,0.0977,0.22521,0.22521,0.19971,0.19971,0.1742,0.19971,0.0977,-0.029808,-0.004307,0.1232,0.27621,0.25071,0.19971,0.1232,0.0977,0.1742,0.25071,0.046696,-0.05531,0.1232,0.19971,0.19971,0.1742,0.1742,0.19971,0.1232,0.046696,0.1232,0.046696,0.0977,0.1487,0.1487,0.19971,0.046696,0.046696,0.1742,0.25071,0.1487,-0.05531,0.0977,0.046696,0.32721,0.30171,0.19971,0.1487,-0.15732,0.046696,0.072198,0.072198,0.072198,0.35272,0.27621,0.0977,0.25071,0.1742,0.40372,0.35272,-0.10631,0.046696,0.42922,0.32721,-0.004307,0.072198,-0.59084,-0.080812,0.046696,-0.36133,0.021195,0.1742,0.63323,-2.529,2.9539,4.637,-1.0244,0.35272,-0.13181,-1.4324,-1.5089,-1.1264,-3.8041,-0.89686,4.9175,5.7336,0.55673,-3.4215,0.42922,2.2908,-0.05531,-1.5599,-2.1209,-4.4416,-2.0444,7.0341,2.3163,0.22521,0.99026,-0.18282,-1.8914,-2.2229,3.2089,3.4894,-1.5599,-3.6765,0.45472,3.3364,2.5459,-2.4015,2.1123,-3.345,0.25071,-2.478,-6.4817,-1.7384,4.892,4.5095,4.484,1.8063,-2.4525,-1.0754,-2.6565,0.58223,1.2198,-4.5691,2.2398,1.8063,-0.18282,-1.3304,-0.10631,2.8519,1.0668,1.0158,0.78624,-1.4579,-3.9826,3.8209,0.83725,0.30171,-1.5089,-4.9006,9.0233,2.7499,-1.6364,-1.4579,-0.92237,0.40372,0.68424,-0.51434,-0.28482,-2.4525,-2.5035,4.5605,3.1324,0.19971,-0.23382,-0.23382,-0.05531,-0.05531,-0.84586,2.2398,-0.87136,-0.92237,-0.029808,0.68424,-0.004307,0.55673,0.046696,0.1232,-2.0954,-0.029808,1.0158,2.3673,2.1378,1.0413,0.021195,-0.89686,-1.8404,-0.89686,0.48022,1.1433,-3.4215,2.9794,1.3728,-0.15732,-0.13181,1.0668,-0.28482,-1.4324,-1.2794,1.2708,1.7553,0.45472,-0.89686,-0.69285,-0.080812,0.78624,0.86275,0.19971,-0.46334,-0.71835,0.60773,1.0923,0.81175,0.27621,-2.9625,3.3619,1.8828,-0.10631,-1.1519,-1.3049,-1.4579,0.1742,-0.15732,0.32721,0.65874,0.81175,-0.080812,1.2453,-0.23382,1.0413,0.1742,-0.33583,-1.1009,0.072198,1.7553,0.55673,-0.94787,-0.20832,1.1688,-0.31033,-0.46334,0.19971,1.2453,0.48022,-0.56534,-1.3304,-0.25932,-0.13181,0.70974,1.1433,1.2963,1.2453,-0.23382,-0.99887,0.63323,-0.15732,-0.15732,0.072198,-0.20832,-3.4215,0.53123,4.6115,-0.05531,-0.79486,0.40372,-0.28482,0.22521,-0.05531,-0.080812,0.1487,-0.53984,0.0977,0.1742,0.68424,-0.004307,-0.36133,0.072198,0.1487,0.25071,0.27621,1.0413,0.40372,-0.28482,0.37822,1.0668,0.22521,0.046696,0.046696,-0.56534,-1.8404,1.2198,-0.20832,-0.64185,-0.51434,1.6788,2.1888,1.3473,1.5768,-1.0244,-1.0499,-1.1519,-0.92237,0.88825,0.55673,0.50573,-1.0499,1.1943,3.0049,0.021195,-0.43783,-0.23382,0.021195,0.48022,0.42922,-0.31033,0.072198,-0.080812,-0.029808,0.0977,0.35272,0.27621,0.32721,-0.99887,0.35272,0.30171,0.86275,0.42922,-0.05531,-0.004307,-0.38683,0.53123,-0.46334,0.046696,0.22521,0.046696,1.6278,5.6061,-0.51434,-2.1464,-2.427,-1.6109,-0.004307,0.40372,1.0413,0.73524,0.45472,0.0977,0.30171,0.60773,0.22521,0.22521,0.53123,0.70974,0.35272,-0.18282,-0.59084,-0.89686,-0.23382,0.58223,1.6533,0.1232,-0.43783,0.1232,0.30171,0.40372,-0.28482,-1.3049,-2.5545,3.6934,0.63323,-0.66735,0.19971,0.73524,1.0158,-0.53984,-0.28482,-0.46334,-2.376,1.9593,1.5258,1.1178,0.65874,-0.74385,-0.25932,-0.36133,-0.080812,0.1232,0.19971,0.48022,0.70974,0.40372,0.42922,-0.004307,-0.13181,-0.13181,0.1232,-0.28482,-0.28482,-0.15732,-0.31033,0.58223,1.6533,0.83725,0.53123,0.0977,0.35272,-0.69285,-0.31033,0.021195,-0.38683,-1.1264,-0.23382,1.6278,0.50573,-0.20832,0.60773,0.45472,0.1487,0.1742,0.35272,-0.05531,-0.31033,0.22521,0.37822,0.25071,-0.18282,-0.05531,0.1232,0.1232,-0.46334,-0.15732,0.30171,0.42922,1.3983,1.0158,-0.004307,0.63323,-0.48884,-1.7639,-0.53984,-0.15732,-2.274,3.2344,1.7043,0.86275,-0.53984,-0.94787,-0.79486,-0.48884,0.072198,0.53123,0.78624,0.93925,0.19971,0.021195,0.55673,0.19971,-0.38683,-0.56534,-0.15732,0.40372,0.046696,-0.36133,-0.41233,0.58223,0.83725,1.0413,0.25071,0.021195,-0.080812,-0.31033,0.70974,-0.004307,0.22521,0.22521,-0.48884,-0.59084,-0.46334,0.70974,0.76074,-0.87136,1.8063,0.86275,-0.59084,-0.59084,0.22521,0.48022,0.1742,-0.38683,0.072198,-1.8149,2.0103,0.32721,0.37822,0.55673,-0.28482,-0.31033,-0.41233,-0.13181,-0.18282,0.27621,0.68424,0.40372,-0.004307,0.22521,0.55673,1.0158,1.3983,-0.25932,-0.33583,-1.1264,-1.1264,-0.080812,0.60773,0.32721,0.37822,-0.080812,-0.18282,0.30171,0.68424,1.0923,1.1433,0.072198,-0.25932,-0.33583,-0.15732,-0.48884,-0.76936,-0.76936,0.22521,-0.080812,1.3728,0.86275,-0.029808,0.40372,0.63323,0.0977,-0.004307,-0.080812,0.1742,-1.0499,0.40372,1.3728,0.42922,-0.51434,-0.33583,0.83725,-0.28482,-0.82036,-0.53984,-0.53984,-0.51434,1.4493,1.9338,1.5258,-0.004307,-0.89686,-1.1009,-0.28482,-0.33583,0.19971,0.42922,1.0413,0.53123,0.53123,-0.25932,0.1232,0.22521,0.046696,-0.38683,0.37822,-0.080812,-1.2794,0.42922,0.40372,1.1178,0.0977,1.5003,0.99026,-0.46334,-0.92237,-1.3304,0.22521,0.53123,0.37822,0.046696,0.1487,0.32721,0.58223,0.99026,0.0977,-0.10631,-0.53984,-0.38683,0.1232,0.60773,0.73524,0.1232,0.0977,0.0977,0.1232,0.45472,0.37822,-0.004307,0.046696,0.1232,0.1487,0.19971,-0.05531,0.072198,0.1487,-0.10631,0.021195,0.25071,0.53123,0.1742,-0.18282,0.22521,0.88825,-0.10631,0.81175,-1.2539,0.27621,0.40372,-0.080812,0.32721,-0.05531,-0.10631,0.22521,0.021195,0.37822,0.1742,0.19971,-0.080812,0.40372,0.58223,0.50573,-0.15732,-0.41233,-0.25932,0.1232,0.70974,0.40372,0.50573,0.021195,0.32721,-0.029808,-0.33583,-0.61635,-1.0244,0.19971,0.1487,0.91375,0.86275,0.1742,0.37822,0.58223,0.83725,-0.10631,-0.25932,-0.71835,-0.82036,-1.3559,1.2708,0.86275,0.45472,0.86275,1.2198,0.32721,-0.31033,-0.94787,-0.31033,-0.029808,0.45472,-0.82036,1.1943,0.96476,0.45472,-0.43783,-0.48884,0.072198,0.42922,0.1232,0.1487,-0.23382,0.70974,1.0413,1.1943,-0.64185,-1.1519,-0.92237,-0.23382,0.072198,0.65874,0.81175,0.48022,0.68424,0.25071,0.83725,-0.004307,-0.15732,-0.18282,-0.43783,-0.18282,0.42922,0.1742,-0.28482,-0.05531,0.35272,0.072198,1.4238,0.55673,-0.004307,-0.080812,0.021195,-0.004307,0.1742,-0.46334,-0.87136,-1.0499,0.1742,0.65874,0.78624,2.2653,0.63323,-0.28482,-0.28482,-0.13181,0.30171,0.60773,0.0977,-0.05531,-0.18282,-0.029808,0.37822,-0.080812,0.1232,-0.05531,0.1232,0.30171,0.60773,0.35272,0.25071,0.1487,-0.82036,1.2198,0.42922,-0.41233,-0.38683,-0.25932,-0.59084,1.0413,0.63323,-0.10631,0.1742,0.19971,0.1742,0.072198,-0.18282,-0.53984,-1.0244,0.40372,0.68424,2.4694,1.6788,-0.080812,-0.18282,-0.36133,-0.13181,-0.28482,-0.69285,-0.79486,-0.23382,0.42922,0.53123,0.072198,0.48022,1.2453,0.22521,0.42922,0.99026,0.1487,-0.31033,-1.1264,-0.05531,0.021195,0.1232,-0.10631,-0.46334,1.4238,0.48022,0.072198,0.1232,-0.18282,-0.20832,-0.13181,-0.080812,0.45472,0.42922,-0.080812,0.25071,0.50573,0.40372,-0.05531,-0.080812,-0.05531,0.25071,0.0977,-0.18282,-1.4324,0.91375,1.0413,1.8063,1.3728,-0.23382,-1.2539,-0.48884,0.1487,-0.48884,-0.10631,-0.46334,-0.004307,0.88825,0.072198,0.30171,0.50573,0.1487,1.1178,0.25071,0.53123,0.046696,0.35272,-0.18282,-0.46334,-0.51434,-0.25932,0.021195,0.22521,0.55673,-0.20832,0.88825,0.93925,-0.36133,-0.20832,0.48022,0.93925,-0.36133,-0.59084,-0.36133,0.50573,0.73524,0.27621,0.1232,0.27621,-0.080812,-0.46334,-0.10631,0.1487,0.32721,0.53123,-0.10631,0.40372,0.35272,0.27621,0.1487,-0.28482,0.78624,0.27621,0.072198,-0.46334,-0.25932,0.046696,0.021195,-0.76936,0.58223,0.63323,0.83725,0.81175,1.2453,0.53123,-0.79486,-0.84586,-0.82036,-0.64185,-0.31033,0.22521,0.22521,0.40372,0.78624,1.0668,1.0923,0.50573,0.22521,-0.28482,-0.15732,-0.59084,0.0977,-0.43783,-0.56534,-0.18282,1.7298,0.78624,0.021195,-0.28482,0.37822,-0.004307,-0.74385,0.35272,0.48022,-0.53984,0.25071,0.1487,0.99026,-0.15732,-0.33583,-0.10631,1.0413,0.42922,0.50573,0.35272,-0.71835,-0.74385,-0.46334,0.40372,0.76074,0.22521,0.021195,0.021195,-0.94787,0.63323,1.1688,0.68424,0.40372,0.32721,0.27621,-0.004307,-0.36133,-0.48884,-0.36133,-0.13181,-0.15732,-0.20832,0.91375,0.30171,0.0977,0.45472,0.37822,0.53123,0.88825,-0.10631,-0.69285,-0.41233,-0.28482,0.55673,0.73524,0.046696,-0.029808,-0.15732,-0.41233,0.93925,0.93925,0.27621,-0.080812,0.30171,-0.36133,-0.029808,-0.13181,-0.48884,-0.13181,0.021195,1.6788,0.42922,-0.23382,-0.18282,0.19971,0.73524,0.65874,-0.004307,-0.38683,-0.31033,-0.31033,0.37822,0.0977,-0.25932,0.1232,0.48022,0.37822,0.021195,0.48022,-0.029808,0.73524,1.1688,0.32721,-0.10631,-0.25932,-0.74385,-0.28482,-0.53984,-0.23382,-0.18282,0.83725,0.83725,0.68424,0.63323,-0.15732,-0.38683,-0.25932,0.30171,0.68424,0.0977,-0.33583,-0.15732,0.68424,0.78624,0.1232,-0.080812,-0.51434,0.48022,0.37822,0.046696,-0.23382,0.072198,0.072198,0.072198,-0.28482,-0.13181,0.19971,1.1178,0.58223,-0.38683,1.1178,0.63323,-0.69285,-0.84586,0.1487,0.0977,0.48022,0.48022,0.1487,-1.6109,0.83725,0.046696,0.1232,1.0413,0.68424,-0.15732,-0.080812,-0.080812,-0.18282,-0.10631,-0.20832,-1.1519,1.7298,0.58223,0.1742,0.1487,0.021195,0.32721,-0.080812,-0.18282,-0.25932,-0.41233,0.91375,0.35272,-0.10631,0.55673,0.45472,0.1232,-0.28482,-0.20832,0.19971,0.55673,0.27621,-0.33583,-0.13181,-0.38683,1.2453,-0.41233,-0.38683,1.0413,0.91375,1.1433,0.0977,-0.69285,-0.94787,-0.13181,-0.029808,0.22521,0.91375,0.65874,-0.48884,0.42922,-0.18282,-0.029808,0.021195,1.8318,0.63323,-0.76936,-0.76936,-0.25932,0.22521,0.27621,0.22521,-0.15732,0.19971,0.37822,0.88825,0.55673,-0.61635,-0.59084,-0.33583,-0.18282,0.48022,1.1178,0.83725,0.32721,0.1487,-0.79486,-0.18282,0.046696,0.1487,0.37822,0.50573,0.35272,-0.18282,0.1232,-0.20832,0.78624,0.19971,0.68424,0.1742,-0.87136,-0.13181,0.40372,-0.33583,0.1742,0.32721,0.22521,0.32721,0.22521,0.1232,-0.004307,-0.10631,1.2708,0.81175,-0.23382,-0.64185,-0.74385,-0.38683,1.7553,0.65874,-0.15732,-0.23382,-0.25932,0.19971,-0.84586,0.45472,0.81175,0.96476,0.072198,-0.36133,-0.004307,0.35272,0.27621,-0.23382,-0.080812,0.0977,0.40372,0.27621,-0.33583,0.072198,0.32721,0.99026,1.6533,0.76074,-0.61635,-1.1774,-0.84586,-0.33583,0.48022,0.021195,-0.31033,0.32721,0.86275,1.3218,0.19971,0.42922,-0.10631,0.021195,-0.20832,-0.41233,0.0977,0.25071,0.22521,0.70974,0.1232,-0.05531,-0.38683,-0.38683,-0.66735,0.25071,0.83725,1.0413,0.86275,0.0977,0.046696,0.1742,-0.33583,-0.56534,-0.92237,0.73524,0.1232,-0.53984,0.30171,0.37822,0.1742,1.2708,0.50573,-0.10631,0.021195,0.65874,0.42922,-0.20832,-0.59084,-0.41233,0.27621,0.37822,0.1487,0.072198,0.1232,0.70974,0.1232,-1.4069,1.4493,0.88825,0.32721,-0.38683,-0.66735,-0.48884,-0.25932,0.76074,0.83725,0.63323,-0.029808,-0.080812,-0.004307,-0.41233,-0.080812,-0.20832,0.40372,1.2198,0.27621,-0.080812,0.021195,0.22521,-0.20832,-0.10631,0.046696,0.50573,0.0977,-0.10631,-0.13181,0.25071,0.58223,0.50573,0.58223,0.53123,0.1232,-0.28482,-0.48884,-0.69285,-0.18282,-0.029808,0.81175,0.83725,0.37822,0.30171,0.58223,0.70974,0.0977,-0.15732,-0.23382,-0.41233,-1.3559,0.1232,-0.004307,-0.51434,1.4493,1.0923,0.63323,-0.20832,0.63323,0.53123,-0.28482,-0.51434,0.1232,0.45472,-0.080812,-0.25932,-0.41233,0.68424,0.91375,0.91375,0.60773,-0.05531,-0.48884,-0.92237,-1.0754,0.45472,1.1688,0.81175,0.25071,-0.99887,0.96476,0.19971,-0.20832,-0.080812,-0.18282,0.072198,0.40372,-0.15732,1.2708,1.5003,0.40372,-0.94787,-1.0754,-0.43783,0.1232,-0.41233,-0.15732,0.30171,1.0923,0.93925,0.93925,0.42922,-0.20832,-0.38683,-0.69285,-0.43783,-0.029808,0.60773,0.0977,0.53123,-0.10631,0.021195,0.53123,0.021195,-0.59084,1.2708,0.53123,-0.59084,-0.89686,0.93925,1.4238,0.22521,-0.76936,-0.51434,-0.33583,-0.18282,0.0977,0.37822,0.53123,0.60773,0.60773,0.63323,0.0977,0.0977,-0.029808,0.021195,0.046696,0.1232,-0.36133,-0.28482,-0.05531,0.53123,0.58223,0.42922,0.53123,0.1232,-0.029808,-0.28482,-1.3049,0.78624,1.2963,0.35272,0.0977,-0.10631,-0.18282,-0.15732,-0.004307,-0.15732,0.25071,1.3473,1.1943,-0.25932,-0.94787,-0.94787,0.19971,0.73524,0.30171,0.53123,0.25071,0.22521,0.32721,-0.029808,-0.004307,-0.38683,-0.99887,0.70974,0.58223,0.1232,0.1232,0.60773,0.40372,-0.33583,-0.43783,-0.31033,0.19971,1.1178,0.96476,0.0977,-0.28482,-0.25932,-0.48884,-0.28482,0.53123,0.1232,0.53123,0.50573,-0.10631,0.1487,0.072198,-0.05531,0.1487,0.19971,-0.59084,0.50573,0.35272,0.42922,0.27621,0.60773,0.50573,0.021195,0.1232,-0.69285,-0.61635,-0.33583,-0.05531,0.58223,1.3473,0.45472,0.1232,-0.18282,-0.029808,-0.23382,-0.18282,-0.004307,0.1742,0.32721,0.58223,0.1487,1.0668,0.86275,0.55673,0.35272,-0.53984,-0.82036,-1.1009,-0.76936,-0.48884,0.91375,0.68424,0.96476,1.1178,0.35272,-0.28482,-0.080812,-0.004307,-0.15732,0.1232,-0.28482,-0.28482,0.73524,0.32721,-0.05531,0.53123,0.22521,0.19971,0.0977,0.30171,0.1742,-0.10631,0.45472,0.30171,-0.029808,-0.10631,0.35272,0.19971,-0.13181,-0.46334,-0.25932,0.35272,1.3473,0.68424,0.0977,-0.029808,0.0977,-0.94787,0.53123,-0.13181,0.30171,0.78624,0.60773,1.6788,-0.33583,-0.89686,-0.71835,-0.029808,-0.23382,-0.15732,0.25071,1.1178,0.70974,-0.13181,-0.20832,0.35272,0.30171,0.35272,-0.029808,0.021195,0.88825,0.63323,-0.20832,-0.25932,-0.28482,0.046696,0.046696,-0.53984,-0.46334,0.19971,0.78624,1.0158,0.81175,0.65874,0.40372,0.072198,-0.56534,-1.1009,-1.5089,0.35272,0.53123,1.5003,0.072198,-0.004307,1.2198,0.27621,-0.89686,-0.31033,0.32721,1.1688,0.76074,-0.43783,-1.0244,-0.64185,-0.18282,0.50573,0.68424,0.65874,0.63323,0.32721,-0.15732,-0.029808,0.73524,0.68424,0.78624,-0.23382,-0.38683,-0.59084,-0.25932,0.1232,0.53123,0.22521,0.91375,0.78624,-0.05531,-0.43783,-0.82036,-2.4525,0.91375,1.7808,0.42922,0.072198,0.53123,0.63323,0.48022,0.32721,-0.61635,-0.87136,-0.94787,-0.53984,-0.05531,0.53123,0.53123,0.88825,1.5003,1.2963,0.1742,-0.48884,-0.74385,-0.61635,-0.28482,-0.080812,1.6788,0.19971,0.25071,0.021195,-0.33583,-0.23382,0.072198,0.63323,0.1232,-0.41233,-0.25932,0.27621,-0.18282,0.0977,0.42922,0.68424,0.48022,0.53123,0.37822,0.63323,0.0977,0.1742,-0.89686,0.046696,0.27621,0.48022,0.35272,-0.05531,-0.38683,-0.31033,0.1487,0.27621,0.1232,0.42922,0.63323,0.65874,0.93925,-0.38683,0.046696,-0.53984,0.0977,-0.05531,-0.66735,-0.080812,0.78624,1.6533,0.60773,-0.56534,-0.38683,-0.25932,-0.25932,-0.10631,0.0977,0.046696,0.32721,-0.004307,0.27621,0.35272,0.58223,0.25071,0.78624,0.35272,0.021195,0.22521,0.22521,0.1742,-0.74385,0.42922,-0.48884,-0.33583,0.42922,-0.18282,0.37822,0.91375,0.1487,-0.71835,-0.38683,0.68424,0.19971,0.27621,-0.080812,0.22521,0.1487,0.63323,0.93925,0.30171,-0.28482,-0.36133,-0.36133,-0.029808,-0.029808,0.19971,0.35272,0.48022,0.19971,0.072198,0.58223,0.78624,0.35272,-0.004307,-0.61635,-0.69285,-0.48884,0.63323,0.63323,0.73524,0.30171,0.021195,0.22521,0.1487,-0.080812,-0.25932,0.48022,0.32721,0.072198,-0.56534,0.48022,0.40372,-0.05531,0.19971,0.53123,0.63323,0.99026,0.25071,-0.33583,-0.41233,-0.56534,-0.28482,-0.080812,-0.029808,0.73524,0.88825,0.73524,-0.080812,0.021195,0.45472,0.1742,-0.20832,-0.029808,-0.43783,-0.84586,1.6788,0.22521,-0.004307,-0.61635,0.37822,0.1742,-0.15732,0.19971,0.91375,0.76074,-0.20832,-0.10631,-0.13181,0.1742,0.1232,-0.48884,-0.53984,-0.23382,-0.31033,1.7808,0.73524,0.30171,0.22521,0.40372,0.25071,-0.48884,-0.56534,-0.23382,-0.10631,0.73524,0.96476,0.88825,-0.20832,0.1742,-0.10631,-0.53984,-0.20832,-0.004307,0.1487,0.22521,1.1433,0.78624,-0.66735,-0.43783,-0.66735,-0.15732,0.76074,1.5513,0.73524,-0.51434,0.32721,-0.080812,0.22521,-0.28482,-0.28482,-0.33583,0.27621,0.30171,0.65874,-0.029808,0.021195,-0.10631,0.19971,0.50573,0.25071,0.63323,0.73524,0.072198,-0.15732,0.1232,0.1232,0.37822,-0.10631,-0.029808,0.25071,0.42922,-0.05531,-0.31033,-0.18282,-0.004307,0.37822,-0.05531,0.25071,0.37822,0.30171,0.30171,-0.15732,0.42922,1.1688,1.2198,-0.18282,-0.99887,-0.89686,-0.23382,0.35272,0.96476,0.48022,0.32721,0.046696,-0.28482,-0.53984,-0.080812,1.3983,0.40372,0.0977,1.1943,-0.59084,0.27621,-0.10631,0.27621,-0.51434,-0.31033,0.37822,0.19971,-0.004307,-0.080812,0.53123,0.0977,-0.05531,0.046696,0.30171,1.3983,1.0413,0.072198,-0.48884,-0.51434,-0.28482,0.1742,0.42922,0.021195,1.0923,0.1232,0.1487,-0.080812,0.1232,-0.43783,-0.61635,-0.41233,0.45472,0.1742,0.1742,0.45472,1.1943,1.3218,0.046696,-0.10631,-0.53984,-0.18282,-0.94787,1.1943,0.86275,-0.10631,-0.51434,-1.0244,0.22521,0.48022,0.1487,0.60773,0.63323,0.83725,0.68424,-0.029808,-0.66735,-0.41233,-0.23382,0.60773,0.0977,0.1742,0.68424,0.81175,-0.05531,0.021195,-0.15732,-0.31033,-0.41233,-0.20832,0.1232,-0.05531,-0.28482,-0.33583,1.6788,2.1378,0.50573,-0.23382,0.072198,-0.10631,0.86275,-0.05531,-0.43783,-0.46334,-0.51434,-1.5599,1.6788,0.48022,-0.33583,-0.15732,0.50573,0.55673,0.53123,-0.46334,0.50573,1.7553,0.53123,0.1232,-0.61635,-0.48884,0.25071,0.37822,-0.15732,-0.69285,-0.43783,-0.080812,0.22521,0.76074,1.0413,-0.080812,-0.46334,0.50573,0.046696,-0.25932,0.81175,1.8318,2.0613,-0.31033,-1.0754,-1.4324,-1.7129,-0.74385,-0.13181,0.81175,0.35272,0.96476,0.45472,0.37822,-1.2794,1.7553,0.65874,-0.029808,-0.25932,-0.004307,0.19971,0.30171,0.1487,0.30171,0.021195,-1.3304,0.88825,0.072198,-0.029808,-0.13181,-0.31033,0.32721,0.40372,0.53123,0.40372,-0.71835,-0.13181,0.50573,1.0158,0.58223,0.27621,-0.13181,-0.76936,-0.20832,0.25071,0.25071,0.37822,0.1232,-0.20832,-0.080812,1.5003,0.30171,-0.10631,-0.23382,1.0158,0.19971,0.19971,-0.080812,-0.31033,-0.23382,-0.004307,0.021195,-0.84586,0.58223,0.83725,0.27621,-0.61635,0.78624,0.0977,0.0977,0.27621,0.65874,0.65874,0.25071,-0.20832,-0.53984,-0.15732,0.1487,-0.05531,0.63323,0.1742,-0.38683,0.046696,1.1178,0.70974,0.021195,-0.48884,-0.66735,-0.20832,0.1487,0.25071,0.27621,0.25071,0.27621,1.2198,0.42922,0.35272,0.42922,-0.029808,-0.05531,-0.20832,-0.05531,-0.87136,-0.66735,-0.029808,0.42922,0.63323,0.55673,0.046696,0.86275,-0.48884,0.73524,0.32721,-0.43783,-0.38683,-0.51434,1.0668,0.93925,-0.05531,-0.51434,-0.20832,1.0668,0.32721,-0.13181,0.1232,-0.48884,-0.080812,0.1232,0.25071,0.19971,0.96476,0.91375,0.35272,0.1487,-0.36133,-0.33583,-0.48884,-0.20832,-0.31033,0.58223,-0.004307,0.68424,1.0158,0.32721,-0.004307,0.0977,-0.48884,-0.28482,0.50573,0.0977,0.0977,-0.69285,0.76074,0.021195,0.0977,0.65874,0.68424,0.60773,-0.080812,-0.84586,-0.15732,-0.92237,0.70974,1.1178,0.83725,-0.13181,-0.23382,-0.23382,-0.080812,-0.15732,-0.18282,0.25071,0.60773,0.88825,0.73524,0.37822,-0.33583,-0.82036,-0.15732,0.0977,0.93925,-0.87136,0.93925,0.58223,-0.61635,-0.69285,-0.029808,0.50573,0.42922,0.48022,1.0923,0.48022,0.021195,0.1742,0.19971,-0.69285,-0.029808,-0.13181,-0.004307,0.22521,-0.38683,1.3728,0.73524,-0.20832,-0.41233,0.0977,0.58223,0.19971,0.42922,0.35272,0.88825,0.25071,-0.66735,-0.89686,-0.61635,-0.080812,0.1232,0.50573,0.73524,0.78624,0.60773,0.32721,0.1742,0.25071,0.0977,0.046696,-0.41233,-0.38683,-1.2539,1.0413,0.68424,-0.25932,-0.20832,0.19971,0.25071,0.93925,1.1178,0.32721,-0.31033,1.7808,0.22521,-1.9424,-1.4324,-0.79486,-0.51434,0.37822,0.86275,1.4748,1.7808,0.40372,-1.0244,-0.79486,-0.15732,0.0977,0.60773,0.60773,0.96476,0.45472,0.0977,-0.41233,-0.64185,-0.48884,-0.13181,0.046696,-0.28482,1.3218,0.37822,0.40372,0.22521,0.1232,-1.3559,1.1688,2.1378,0.78624,-0.53984,-0.79486,-0.13181,0.0977,0.27621,0.40372,-0.69285,-1.5854,0.42922,1.8063,1.7553,-2.784,1.3473,1.1178,-0.99887,-0.92237,-0.28482,0.22521,0.63323,0.70974,0.65874,0.27621,-0.080812,-2.1464,2.6224,0.78624,-0.18282,-0.53984,-1.0244,-0.43783,-0.10631,-0.080812,0.37822,0.96476,0.30171,0.73524,0.32721,-0.38683,0.046696,0.37822,0.63323,0.1742,-0.36133,-0.10631,0.19971,0.25071,0.27621,0.96476,0.45472,-0.84586,0.32721,-0.51434,-0.82036,-0.41233,0.40372,0.91375,0.70974,-0.18282,0.046696,-0.05531,0.35272,1.2453,0.53123,-0.13181,-0.080812,-0.10631,-0.10631,0.1742,-0.029808,0.0977,0.046696,-1.7129,1.9848,1.9593,-0.13181,-0.46334,-0.48884,0.53123,0.25071,-0.25932,-0.53984,-0.36133,-0.13181,0.73524,1.0413,1.6533,-0.080812,-0.74385,-0.51434,-0.20832,0.021195,-0.13181,0.1487,0.63323,1.0158,0.68424,0.046696,-0.28482,-0.69285,-0.71835,0.37822,0.40372,1.0413,0.25071,0.1487,-0.23382,-0.13181,0.30171,0.65874,0.42922,-0.94787,-0.46334,0.70974,0.45472,-0.18282,0.37822,-0.05531,0.22521,1.2708,0.68424,0.021195,-0.38683,-0.48884,-0.10631,-0.10631,0.0977,0.53123,0.60773,0.046696,0.0977,0.1232,0.0977,-0.080812,-0.10631,0.25071,0.35272,0.40372,0.40372,-0.004307,-0.51434,-0.080812,0.1742,0.25071,0.63323,0.60773,0.35272,0.1232,-0.004307,-0.69285,-0.48884,-0.23382,0.22521,0.27621,0.53123,0.96476,0.70974,0.91375,0.50573,0.70974,0.58223,-0.76936,-1.2284,-0.97337,-0.33583,0.70974,-0.20832,1.0923,0.30171,-0.05531,-2.325,2.4183,1.1178,-0.13181,0.40372,0.30171,0.19971,-0.10631,-0.51434,0.046696,-0.23382,-0.28482,-0.15732,0.1742,0.65874,0.42922,0.22521,0.58223,0.32721,-0.029808,-0.18282,-0.31033,-0.43783,0.63323,0.45472,-0.05531,-0.13181,0.046696,-0.51434,0.68424,1.5003,0.37822,0.25071,0.072198,-0.20832,-0.004307,0.046696,0.0977,-0.53984,-0.94787,-0.10631,0.63323,1.3983,1.1433,0.1232,-3.09,3.1579,1.1178,-0.48884,-0.004307,0.30171,-0.05531,-0.48884,-0.38683,-0.48884,-0.66735,-0.31033,0.1742,0.37822,0.63323,0.91375,0.37822,1.3983,0.046696,0.63323,0.73524,0.32721,-0.38683,-0.15732,0.22521,0.072198,-0.004307,-0.51434,-0.61635,-0.38683,-0.23382,0.046696,0.072198,0.48022,1.1943,1.3218,1.1943,0.53123,0.25071,-0.74385,-0.61635,-0.48884,-0.10631,-0.28482,0.1232,0.32721,0.53123,0.73524,0.25071,0.93925,0.32721,-0.20832,-0.05531,0.0977,0.48022,0.072198,-0.10631,0.0977,-0.029808,-0.33583,-0.004307,0.42922,-0.66735,-0.18282,0.40372,1.2198,0.63323,-0.33583,-0.23382,-0.23382,1.2453,0.63323,-0.004307,0.35272,-0.10631,-0.23382,-0.69285,-0.71835,-0.38683,-0.029808,0.65874,0.99026,1.0413,0.63323,0.22521,0.22521,0.19971,-0.004307,-0.31033,-0.080812,-0.43783,-0.25932,0.22521,0.30171,0.1232,-0.029808,0.40372,0.35272,0.53123,0.35272,0.25071,0.1742,-0.10631,0.1487,0.78624,-0.10631,-0.59084,0.22521,0.021195,-0.28482,0.42922,-0.080812,-0.13181,0.25071,0.60773,0.50573,0.50573,0.30171,0.1742,-0.33583,-0.36133,-0.004307,-0.20832,0.58223,0.83725,0.42922,-0.53984,0.1487,0.30171,-0.13181,-0.13181,0.1232,0.50573,0.27621,-0.029808,0.046696,0.1487,0.1232,0.0977,0.42922,0.58223,-0.18282,0.30171,0.1232,-0.18282,-0.080812,0.0977,0.27621,0.48022,0.1232,0.072198,-0.87136,0.83725,1.2963,0.58223,-0.43783,-0.029808,0.1487,0.1487,-0.23382,-0.13181,-0.004307,0.40372,0.32721,0.1232,0.1232,0.046696,0.37822,0.0977,0.072198,0.35272,0.072198,0.30171,1.0413,0.32721,-0.69285,-0.94787,0.88825,0.25071,-0.05531,-0.38683,-0.004307,0.45472,0.22521,0.30171,-0.23382,-0.41233,-0.18282,0.48022,0.63323,1.4748,0.88825,-0.18282,-0.25932,-0.41233,-0.28482,-0.080812,0.25071,0.73524,0.78624,0.53123,-0.46334,-0.56534,-0.10631,-0.05531,-0.080812,0.0977,0.1487,0.50573,0.27621,1.0923,0.42922,-0.05531,-0.33583,-0.080812,0.046696,-0.20832,-0.46334,0.53123,0.072198,0.48022,-0.029808,0.021195,0.53123,0.60773,-0.004307,-0.28482,-0.080812,0.50573,0.45472,-0.029808,-0.48884,-0.36133,-0.25932,0.046696,1.0413,0.96476,0.68424,0.021195,0.0977,0.072198,-0.10631,-0.20832,-0.23382,-0.87136,0.70974,1.0923,0.42922,0.42922,0.27621,-0.15732,-0.004307,-0.25932,-0.51434,0.021195,0.072198,0.35272,0.40372,0.50573,0.32721,-0.029808,-0.080812,0.22521,0.25071,0.0977,0.83725,0.32721,-0.18282,0.021195,-0.004307,0.27621,0.42922,0.60773,-0.05531,-0.13181,-0.43783,-0.33583,-0.31033,-0.53984,0.22521,1.1433,1.3728,0.42922,0.76074,0.021195,-0.51434,-0.61635,-0.10631,0.32721,0.32721,0.25071,-0.20832,-0.28482,-0.10631,0.1487,0.45472,0.32721,0.1487,0.60773,0.73524,1.0158,0.046696,-0.28482,-0.38683,0.0977,0.35272,0.40372,-0.79486,-0.53984,-0.05531,-0.20832,0.63323,0.78624,0.25071,0.22521,-0.029808,1.5258,0.68424,-0.38683,-0.69285,-0.41233,0.1487,0.45472,0.37822,0.63323,0.83725,0.35272,0.1487,-0.43783,-0.46334,-0.25932,-0.13181,-0.20832,-0.05531,-0.20832,1.0923,0.68424,0.55673,0.40372,0.63323,0.1487,-0.080812,-0.029808,0.1232,-0.05531,-0.10631,-0.28482,0.046696,0.0977,-0.080812,0.40372,0.1742,0.1232,-0.13181,0.32721,0.25071,0.45472,0.40372,0.42922,0.70974,0.1232,0.0977,-0.31033,-0.41233,-0.25932,-0.23382,-0.13181,-0.029808,0.60773,0.60773,1.0923,0.68424,0.25071,-0.18282,-1.1774,1.3218,0.55673,0.19971,-0.33583,-0.66735,-0.31033,-0.43783,-0.25932,-0.05531,0.046696,0.88825,1.1943,1.2963,0.25071,0.45472,-0.46334,-0.76936,-0.48884,-0.10631,0.27621,0.072198,-0.20832,0.046696,0.1742,0.37822,0.88825,1.1178,1.0668,-0.05531,-0.53984,-0.64185,-0.53984,-0.13181,-0.004307,0.1487,0.25071,-0.20832,0.021195,1.1433,0.40372,0.35272,0.65874,0.50573,0.60773,-0.28482,-0.56534,-0.59084,-0.28482,0.1742,0.35272,0.046696,-0.82036,0.072198,0.32721,1.3728,1.1433,0.1487,-0.10631,-0.28482,-0.64185,-0.46334,-0.28482,0.30171,0.83725,1.2198,0.93925,0.32721,-0.53984,0.021195,-0.31033,-0.71835,0.27621,0.83725,0.1742,0.48022,0.25071,0.1232,0.19971,0.072198,0.1232,0.0977,-0.05531,0.1487,0.22521,0.45472,-0.080812,0.0977,0.40372,0.021195,0.35272,-0.25932,0.48022,-0.10631,0.37822,0.81175,0.30171,0.1487,-0.66735,-0.79486,-0.84586,0.32721,-0.46334,1.4493,0.93925,0.1487,0.40372,0.83725,0.53123,-0.31033,-0.69285,-0.31033,0.32721,1.0413,0.25071,-0.10631,-0.28482,-0.15732,-0.59084,-0.20832,-0.43783,1.8063,1.5513,-0.25932,-0.18282,-0.15732,-0.66735,-0.25932,0.42922,0.65874,0.83725,-0.18282,-0.48884,-0.38683,-0.080812,0.73524,0.63323,0.96476,0.48022,-0.74385,0.19971,0.0977,-0.080812
0.19971,0.22521,0.1232,0.0977,0.046696,0.021195,0.072198,0.19971,0.25071,0.0977,0.22521,0.25071,0.22521,0.1232,0.021195,-0.004307,0.0977,0.1742,0.30171,0.22521,0.1232,0.072198,0.1487,0.19971,0.1232,0.072198,0.021195,0.046696,0.1487,0.19971,0.27621,0.25071,0.1487,0.072198,0.046696,0.046696,0.046696,0.22521,0.22521,0.19971,0.1487,0.072198,0.1232,0.0977,0.19971,0.1232,0.1232,0.1487,0.22521,0.1742,0.1487,0.19971,0.1232,0.19971,0.072198,0.046696,-0.004307,0.072198,0.19971,0.19971,0.25071,0.27621,0.22521,0.19971,0.072198,0.046696,-0.004307,0.1232,0.22521,0.19971,0.27621,0.25071,0.1742,0.1232,0.0977,0.1232,0.021195,0.0977,0.27621,0.27621,0.22521,0.1487,0.072198,0.046696,0.046696,0.0977,0.0977,0.19971,0.27621,0.19971,0.1487,0.0977,0.1232,0.1232,0.0977,0.1232,0.1232,0.1232,0.19971,0.1232,0.1742,0.1232,0.1232,0.0977,0.1742,0.1232,0.1742,0.1232,0.19971,0.19971,0.22521,0.0977,0.021195,0.046696,0.046696,0.021195,0.1742,0.1742,0.27621,0.1742,0.22521,0.19971,0.046696,0.021195,0.1232,0.072198,0.1742,0.1742,0.32721,0.1487,0.19971,0.046696,0.021195,0.072198,0.1232,0.0977,0.22521,0.1487,0.1232,0.046696,0.0977,0.22521,0.27621,0.1742,0.1232,0.021195,0.021195,0.1487,0.22521,0.27621,0.19971,0.1487,0.046696,0.0977,0.1742,0.072198,-0.029808,0.0977,0.22521,0.19971,0.1487,0.27621,0.22521,0.072198,0.1232,0.35272,0.0977,-0.13181,0.27621,0.50573,0.0977,0.25071,-0.23382,-0.080812,0.32721,-0.25932,0.19971,0.76074,0.50573,0.88825,-0.080812,-0.69285,-1.4324,-0.080812,2.1633,1.5003,-0.51434,-0.99887,-1.2284,-0.92237,0.22521,4.8155,2.2398,-1.6109,-7.6548,0.73524,6.9576,1.0158,-4.7731,-6.0227,5.6316,7.8247,1.5003,-2.2485,-3.1155,-2.1974,-2.886,1.7043,1.3473,-0.69285,-1.3304,-0.080812,-4.0081,2.0613,14.812,4.8665,-4.0846,-4.7476,-3.702,2.7244,0.65874,-0.25932,-2.58,-3.243,-1.0754,1.9083,-0.004307,0.35272,4.688,4.3565,1.3983,-0.89686,-4.6711,-6.5582,0.60773,7.3147,0.45472,-3.2685,-0.38683,-1.2029,-1.1774,-4.9516,7.7737,0.60773,-1.7894,-1.4324,4.841,6.9066,-1.3049,-13.036,1.2198,6.5241,0.30171,-2.733,-4.9261,0.22521,7.8247,0.1742,-1.3814,-0.92237,-0.029808,0.32721,0.40372,0.81175,-3.549,-0.20832,0.99026,1.5513,-2.2229,6.1671,2.6479,-6.2777,-1.3814,4.1525,4.127,-1.0499,-1.9934,-5.4872,-3.5745,0.55673,1.9338,1.4493,1.3218,-1.1519,-4.4671,-1.2284,1.7298,2.6989,2.9029,5.8101,-3.0645,-3.2175,3.6679,2.4438,-0.28482,-1.0244,-2.0699,-1.0499,-0.20832,0.58223,0.1742,0.046696,-2.6055,1.5003,1.5513,-0.05531,-0.53984,-0.69285,0.046696,0.35272,-0.46334,0.78624,1.7553,1.3218,1.0413,0.0977,0.40372,-0.20832,-1.3049,-1.1519,-1.3304,-0.31033,0.072198,-1.9424,-0.92237,3.5404,1.6788,0.072198,-0.25932,-0.05531,0.53123,0.58223,-0.18282,-2.274,2.0868,3.3874,-3.396,-1.6619,0.19971,0.96476,1.2453,1.9083,3.0559,0.19971,-2.2485,-3.039,0.40372,0.68424,-0.82036,0.68424,0.70974,0.88825,0.0977,-1.1264,0.63323,2.3163,0.1232,0.30171,-0.15732,1.7808,0.58223,-3.6255,2.3163,-0.74385,-0.10631,1.2453,1.6278,2.0613,-2.9625,1.5003,-4.4161,-2.4015,0.1742,1.1688,1.0413,0.91375,1.0413,1.5258,0.83725,1.4238,1.9338,0.19971,-1.4324,-1.5854,2.0103,-0.41233,-1.9169,0.0977,1.3473,1.5513,-2.682,1.3728,0.0977,-0.029808,-0.15732,-0.48884,0.45472,0.25071,0.40372,-0.36133,0.27621,1.4748,1.7808,0.68424,-0.05531,-0.94787,-1.2794,-0.94787,-2.0699,0.96476,2.3163,1.7553,-0.10631,0.1232,0.072198,-0.25932,-0.51434,-2.2995,2.0613,2.6479,0.60773,0.32721,0.86275,-6.0482,1.1178,0.45472,0.37822,1.1943,1.5513,0.072198,-0.89686,-1.4069,-0.20832,0.32721,0.65874,0.70974,0.86275,-0.15732,0.1232,0.60773,0.48022,-0.33583,1.4238,0.48022,-0.28482,-0.48884,0.27621,0.45472,0.072198,-0.43783,-1.1519,0.53123,-0.31033,-0.69285,0.50573,-0.080812,3.1579,0.50573,-0.13181,-1.0754,-0.69285,-0.31033,-0.23382,0.1742,0.48022,-0.31033,0.91375,1.4238,1.1433,0.1232,-0.94787,0.22521,-0.36133,-2.1464,2.5969,0.42922,-0.59084,-0.23382,0.78624,0.37822,-0.51434,-1.0499,-0.43783,-0.31033,0.60773,0.22521,0.19971,0.93925,0.25071,1.7043,-0.23382,-0.59084,0.072198,0.35272,1.3473,1.0413,-2.0189,1.6278,-0.56534,-1.8149,-0.25932,0.1742,0.30171,-0.080812,-0.64185,0.072198,0.53123,1.8828,1.5003,0.0977,-0.15732,-0.13181,-0.25932,-0.69285,0.1232,0.19971,0.30171,0.0977,0.32721,1.0923,0.55673,-0.51434,-0.33583,0.1742,-0.029808,-0.10631,-0.51434,0.58223,0.99026,0.76074,-0.080812,-2.8095,1.8318,-0.23382,-0.92237,-0.48884,0.45472,0.73524,0.1487,0.68424,1.0413,0.0977,-0.36133,-0.23382,-0.43783,0.046696,0.96476,1.7298,-0.10631,-0.28482,-0.15732,-0.38683,0.48022,0.1742,-0.28482,-0.94787,0.73524,0.81175,0.76074,0.19971,-0.53984,-0.92237,-0.31033,0.88825,1.9338,0.68424,-0.33583,-0.18282,-0.004307,-0.99887,-0.46334,0.68424,0.25071,0.37822,0.30171,0.22521,0.1742,0.32721,0.37822,0.42922,0.046696,0.48022,1.2453,0.021195,-0.61635,-0.69285,-0.46334,0.1487,0.73524,1.0158,-0.38683,0.53123,2.8264,0.48022,-1.0754,-0.56534,-0.69285,-0.33583,-0.61635,-0.10631,0.40372,0.99026,0.99026,0.88825,-0.15732,1.5003,-0.20832,-0.76936,-0.05531,-0.79486,-1.1774,-1.0754,0.35272,0.27621,-0.15732,0.93925,2.1633,1.1433,2.8264,-1.0244,-0.33583,-0.84586,-3.1665,-1.0499,2.3928,-0.61635,-0.36133,0.53123,-0.18282,-0.13181,2.7244,0.96476,1.2198,-0.53984,0.37822,-0.43783,-1.3049,-0.28482,1.3473,0.58223,0.88825,0.19971,-0.10631,-0.94787,-0.74385,-0.18282,0.22521,0.63323,-0.10631,3.9994,1.2963,-0.48884,-1.5599,-0.43783,0.22521,0.19971,-0.69285,-0.64185,-0.23382,-0.23382,4.8155,-1.6364,-1.3049,-0.080812,1.4238,1.0158,-0.004307,0.63323,-0.84586,-0.92237,1.0923,-2.631,-0.56534,1.1178,1.3983,1.7043,1.8828,0.021195,-3.8551,-1.4579,-2.427,4.739,1.4238,1.2708,0.45472,-0.13181,-1.0754,-2.4015,-0.76936,-0.46334,0.55673,0.45472,0.40372,1.2963,0.19971,0.072198,-0.28482,-0.36133,-0.33583,0.19971,0.37822,0.83725,0.19971,0.021195,1.1688,0.93925,-1.9424,1.0668,0.88825,-0.25932,-0.46334,-0.38683,0.19971,0.42922,-0.080812,-0.43783,-0.15732,-0.79486,0.22521,2.0868,1.7808,-1.8659,-0.59084,-0.080812,1.0158,1.2708,1.2198,0.32721,-0.56534,-0.89686,-0.87136,-0.59084,-0.080812,0.32721,0.48022,1.2963,0.60773,0.1232,-0.080812,0.1487,0.88825,0.63323,0.046696,-0.33583,-0.41233,-0.20832,-0.25932,-0.43783,0.48022,0.50573,0.81175,0.32721,-0.029808,-0.080812,0.78624,-0.38683,-0.76936,0.32721,0.45472,1.7553,0.96476,0.1487,-0.38683,-0.33583,-0.36133,-0.28482,-0.029808,-0.080812,-0.23382,0.73524,0.91375,0.37822,0.48022,1.1433,0.48022,-0.05531,-1.2029,-1.1009,-1.2029,2.5204,-0.10631,-0.38683,-0.69285,0.50573,0.40372,-0.004307,-0.41233,-0.05531,0.37822,1.2198,1.3983,-0.004307,0.35272,0.45472,-0.18282,0.021195,-0.004307,-1.0754,-1.1519,-0.56534,0.40372,1.5768,1.8573,0.78624,-0.23382,-1.5089,-0.33583,-0.25932,1.2453,0.91375,1.1943,0.1487,-1.2794,-0.38683,-0.71835,0.45472,-0.28482,0.0977,0.73524,0.35272,2.9029,0.22521,-0.92237,-1.1264,-0.33583,0.58223,-0.004307,-1.3559,0.22521,-0.18282,0.99026,2.6989,2.1888,0.35272,-1.8914,-1.0499,0.55673,-1.7129,-0.64185,0.27621,1.1688,1.6533,0.32721,-2.5035,-1.7129,1.1943,1.6278,1.3728,-0.05531,1.6278,-1.0754,-0.74385,-0.56534,0.60773,1.0413,0.83725,-0.23382,-2.9115,0.88825,-0.38683,-0.69285,0.83725,1.5513,1.6023,0.63323,-2.631,1.5003,-2.478,-0.76936,0.96476,1.5513,1.2453,0.1232,0.1487,-0.23382,-0.51434,-0.69285,0.32721,0.83725,0.91375,-1.4069,2.6224,2.2143,-0.31033,-0.029808,-1.1519,-0.38683,-1.2029,-0.53984,0.1487,-0.28482,0.45472,0.42922,1.3218,1.5003,0.32721,-0.080812,0.37822,-0.28482,-0.31033,-0.28482,-0.080812,0.42922,0.45472,1.7043,0.1232,-1.2029,-1.1774,0.1232,1.7043,0.32721,0.072198,-0.41233,-0.05531,0.1742,0.22521,-0.48884,-1.0499,1.9083,0.88825,-0.18282,-0.18282,0.70974,0.99026,-0.23382,-2.58,-0.48884,1.0413,0.73524,-0.029808,0.1487,-0.004307,-0.10631,0.22521,0.99026,0.70974,-0.33583,-0.23382,-1.6874,-0.004307,-0.84586,-0.51434,1.1178,2.5714,1.1688,0.021195,-0.31033,-0.64185,-0.28482,-0.48884,-0.56534,-0.99887,-1.2539,1.8828,0.40372,0.1742,0.19971,0.37822,0.76074,-0.10631,-0.31033,0.27621,0.37822,0.50573,0.1487,-0.080812,-1.1519,-1.9679,0.22521,0.1742,1.3473,3.0814,0.40372,-0.69285,-1.1264,-1.5089,0.76074,0.68424,0.42922,0.60773,0.70974,0.70974,-0.36133,-1.3049,-0.53984,0.37822,0.072198,0.32721,-0.05531,0.58223,1.3473,0.91375,-0.13181,0.76074,0.63323,0.19971,-0.18282,-0.25932,0.021195,-0.76936,-1.4834,-0.99887,2.2908,-0.18282,-0.20832,2.4438,-0.97337,0.021195,0.93925,-0.69285,-4.8751,1.0158,5.4785,-0.79486,0.53123,2.1123,0.53123,0.072198,-1.5854,-1.5089,-1.4834,-1.1519,-3.651,4.0505,1.1688,0.37822,2.5459,2.9539,1.2963,-0.56534,-1.4579,-0.92237,-1.7129,-2.0444,-0.43783,0.99026,2.5204,1.7298,0.0977,1.5513,-1.7639,-2.274,0.30171,0.48022,3.1069,-1.1264,-1.0499,-0.10631,-0.004307,0.072198,0.81175,0.78624,0.45472,-0.74385,1.6278,0.25071,-0.64185,-0.28482,-1.5854,2.2143,0.32721,2.1633,-0.74385,-0.82036,-1.5089,-1.5344,-0.38683,0.55673,0.53123,0.73524,0.63323,0.1232,0.53123,0.60773,0.91375,0.0977,0.50573,0.32721,-0.79486,-1.3814,0.37822,-0.05531,0.046696,-0.080812,0.68424,1.0413,1.0158,0.99026,0.48022,-0.38683,-1.3304,-0.74385,0.19971,1.2708,0.25071,-1.0244,2.4949,-0.48884,-1.9679,-1.2029,1.9593,1.2963,0.91375,1.3728,0.42922,-0.15732,-0.38683,0.0977,0.0977,0.021195,-0.66735,-0.20832,-0.61635,-0.28482,0.40372,0.50573,1.0923,0.55673,0.22521,-0.10631,-0.69285,-0.53984,0.22521,0.021195,1.6023,0.88825,-0.029808,0.37822,-0.20832,-0.61635,-0.89686,0.68424,1.3218,-0.13181,-0.004307,0.22521,0.35272,-0.004307,-0.41233,0.072198,0.53123,0.40372,0.22521,0.60773,-0.66735,-0.25932,0.1232,0.58223,0.48022,-2.325,1.9338,0.50573,-0.080812,0.35272,0.53123,-0.029808,-0.10631,0.1487,0.27621,0.1232,-0.36133,-0.25932,-0.13181,-0.080812,-0.82036,-0.05531,2.0613,1.9338,0.021195,-0.59084,-0.92237,-0.18282,0.30171,1.4238,0.30171,0.19971,-0.53984,-0.69285,-0.23382,0.48022,0.88825,0.1742,0.63323,0.58223,-0.33583,0.021195,-0.05531,0.76074,0.63323,-0.43783,0.25071,1.4493,1.1943,-1.0754,-1.2029,-0.64185,-0.23382,-0.029808,0.40372,0.19971,0.50573,0.50573,0.70974,1.1688,0.50573,0.60773,-0.92237,-1.2794,-0.61635,-0.13181,0.35272,0.40372,-0.05531,0.45472,0.99026,1.0158,0.32721,-0.23382,-0.10631,-0.029808,0.25071,0.22521,0.1232,-0.080812,-0.53984,-0.080812,0.35272,-0.029808,0.65874,0.76074,0.73524,0.0977,-0.25932,-0.87136,0.1742,0.19971,-0.13181,-0.48884,-0.23382,-0.25932,0.96476,1.1943,0.48022,-0.33583,0.45472,0.072198,0.27621,-0.10631,-0.74385,0.1232,0.83725,0.27621,0.32721,0.45472,0.83725,-0.48884,-0.53984,0.53123,-0.20832,-0.46334,-0.05531,-0.15732,1.1178,0.81175,0.48022,0.27621,0.046696,-0.36133,-0.53984,0.42922,1.0668,1.1943,-0.20832,-0.74385,-0.31033,-0.74385,-0.74385,0.1232,0.93925,-0.15732,0.83725,0.93925,0.99026,-0.080812,-0.080812,0.65874,0.58223,-0.31033,-0.89686,-1.2284,-0.41233,-0.15732,-0.004307,2.3163,1.7553,-0.43783,-0.53984,-0.36133,0.1232,0.1742,0.63323,-0.41233,-0.080812,0.046696,0.81175,0.93925,0.30171,-0.56534,-0.23382,0.19971,0.22521,0.1232,0.0977,-0.080812,0.22521,0.60773,0.35272,-0.51434,-0.38683,-0.13181,0.30171,0.86275,1.4238,0.35272,-0.18282,-0.43783,-0.74385,-0.69285,0.021195,0.27621,1.0668,0.48022,-0.23382,0.37822,0.42922,0.021195,-0.13181,-0.10631,0.1487,0.046696,0.81175,0.58223,0.53123,-1.3049,1.5513,-0.41233,-1.2284,1.5003,0.0977,0.1487,0.60773,-0.79486,-0.76936,-0.97337,0.76074,0.60773,0.48022,0.68424,1.1688,0.65874,-0.05531,-0.89686,-0.48884,-0.15732,0.30171,0.55673,0.22521,0.70974,1.2708,0.0977,-0.31033,-0.43783,-0.28482,-0.99887,0.19971,0.60773,1.2453,0.68424,-0.029808,-0.38683,0.42922,0.60773,0.30171,-0.74385,-0.97337,0.1232,0.40372,0.30171,0.30171,0.42922,-0.53984,1.0413,0.42922,-0.080812,0.021195,0.19971,0.73524,0.046696,1.0158,-0.05531,-0.53984,-0.92237,-0.23382,-0.31033,2.3673,0.91375,-0.66735,-1.1264,-0.18282,0.42922,0.021195,1.5258,1.8828,0.53123,-0.53984,-0.92237,-1.1264,-0.28482,0.22521,0.93925,1.0413,0.60773,0.046696,0.1232,-0.61635,-1.3814,-0.004307,0.22521,0.072198,1.2198,1.1943,0.046696,-0.13181,-0.18282,-0.38683,-0.61635,-0.13181,0.22521,0.65874,-0.36133,0.86275,0.25071,0.58223,0.1742,-0.004307,-0.33583,-0.080812,0.27621,0.32721,0.0977,0.83725,0.32721,-0.10631,0.19971,0.53123,-0.31033,-0.41233,-1.3814,-1.3049,1.7553,2.0868,0.55673,-0.05531,-0.004307,0.021195,-0.38683,-0.79486,-0.33583,0.45472,0.40372,0.046696,0.072198,0.40372,0.072198,1.0158,0.86275,0.50573,0.021195,-0.25932,0.37822,-0.15732,-0.41233,-0.82036,-0.89686,-0.25932,0.40372,0.88825,0.19971,0.60773,0.86275,1.1688,-0.10631,-0.61635,0.48022,0.81175,-0.38683,-0.41233,0.50573,0.32721,0.32721,-0.15732,-0.51434,0.021195,-0.05531,-0.36133,-0.10631,0.1232,0.93925,0.48022,0.78624,0.42922,0.40372,-0.004307,-0.20832,-0.13181,0.35272,0.76074,-0.43783,-0.28482,-0.46334,-0.28482,-0.05531,1.2453,0.50573,-0.59084,0.19971,0.63323,0.35272,-0.23382,-1.0499,-0.10631,0.65874,0.25071,0.63323,0.63323,0.45472,-0.15732,-0.69285,-0.31033,0.072198,0.27621,1.6788,0.53123,-0.080812,0.45472,0.072198,-0.51434,-0.56534,-0.51434,-0.33583,0.48022,0.99026,0.1742,0.0977,-0.080812,0.1232,0.40372,0.32721,-0.10631,-0.33583,-0.28482,1.7553,0.0977,-0.61635,-0.71835,0.1742,0.81175,0.78624,0.91375,-0.18282,-0.69285,-0.080812,0.1232,0.021195,0.072198,0.27621,0.63323,1.2198,0.93925,0.072198,-0.33583,-0.33583,-0.28482,0.072198,-0.20832,-0.23382,0.1232,0.70974,1.7553,-0.18282,1.0158,-0.23382,-0.92237,-0.79486,-0.74385,0.42922,0.78624,0.70974,0.19971,0.021195,-0.48884,1.2963,-0.029808,-0.38683,-0.33583,0.19971,0.42922,0.68424,0.021195,0.78624,-0.66735,-0.97337,0.27621,0.65874,-0.004307,-0.59084,-0.10631,-0.48884,0.22521,0.83725,1.7298,0.63323,-0.31033,0.1232,-0.029808,-0.28482,-0.004307,0.19971,0.19971,-0.080812,0.88825,0.91375,-0.15732,-0.029808,0.021195,-0.59084,-1.1009,-0.61635,-0.23382,0.40372,0.73524,0.1487,1.1943,0.70974,0.22521,-0.029808,0.30171,0.88825,-0.05531,-0.20832,0.65874,0.53123,-0.48884,-0.004307,-0.33583,-0.41233,0.0977,0.1487,0.1487,0.42922,0.55673,0.1487,0.1487,0.021195,0.25071,0.27621,0.50573,0.76074,0.40372,-0.48884,-0.56534,-0.029808,-0.15732,-0.05531,0.1232,0.1232,0.021195,0.32721,0.32721,0.40372,0.0977,-0.004307,0.19971,0.63323,1.0413,0.021195,-0.56534,0.1487,0.32721,0.1742,-0.18282,-0.23382,-1.0499,0.55673,0.1742,0.48022,1.0158,-0.33583,-0.64185,-0.004307,0.83725,1.0158,-0.15732,-0.53984,-0.33583,0.19971,0.22521,0.88825,0.48022,0.40372,0.072198,0.63323,0.19971,-0.18282,-0.64185,0.40372,0.73524,0.1487,0.046696,0.1232,-0.25932,0.046696,0.83725,0.53123,-0.18282,0.021195,0.0977,0.42922,-0.33583,-0.48884,-0.080812,1.0923,1.8318,1.1688,-0.13181,-0.53984,-0.94787,-0.23382,-0.23382,-0.10631,-0.004307,-0.080812,0.96476,0.78624,0.50573,0.1487,-0.15732,-0.10631,-0.05531,0.25071,-0.41233,-0.13181,-0.20832,2.6224,1.2963,-0.28482,-0.94787,-1.3814,-0.82036,0.35272,0.19971,0.65874,0.86275,0.53123,0.0977,-0.23382,0.27621,0.35272,0.1232,0.53123,0.072198,-0.18282,-0.51434,0.40372,0.68424,-0.004307,0.021195,0.1487,-0.23382,-0.18282,0.35272,0.37822,0.072198,0.072198,-0.004307,0.81175,0.40372,-0.029808,-0.25932,-0.38683,-0.33583,0.32721,-0.20832,0.35272,0.53123,0.78624,0.1742,-0.31033,0.072198,0.27621,0.73524,0.37822,0.42922,-0.33583,-0.48884,-0.56534,-0.51434,0.0977,0.78624,1.5258,1.1178,-0.20832,-0.87136,-1.1774,-0.41233,0.58223,0.78624,0.65874,0.32721,0.22521,0.60773,0.1232,-0.36133,-0.79486,0.072198,0.0977,0.0977,1.0923,0.32721,0.60773,0.1487,-0.20832,0.046696,-0.25932,-0.33583,-0.48884,0.1487,0.22521,0.22521,0.1742,0.40372,0.83725,0.45472,-0.004307,-0.33583,-0.38683,0.021195,0.70974,-0.029808,-0.41233,0.48022,0.32721,0.99026,0.19971,-0.080812,-0.64185,-0.38683,0.19971,0.50573,0.22521,0.32721,0.32721,-0.31033,-0.080812,0.53123,0.046696,0.42922,0.32721,0.42922,0.021195,-0.20832,-0.31033,0.55673,0.1232,0.68424,0.1232,-0.080812,0.40372,0.70974,0.072198,-0.41233,-0.43783,-0.41233,-0.20832,-0.25932,0.1487,0.70974,1.1178,1.0668,0.37822,0.42922,0.76074,0.40372,0.1742,-0.28482,-0.69285,-0.46334,-0.15732,-0.13181,0.1232,0.021195,0.27621,0.1742,-0.05531,0.22521,0.68424,0.65874,-0.004307,-0.18282,0.0977,0.40372,0.27621,-0.05531,0.021195,-0.13181,0.072198,-0.28482,0.021195,0.32721,0.35272,0.60773,0.42922,0.22521,0.32721,0.021195,0.046696,-0.20832,-0.10631,-0.23382,1.0158,0.83725,-0.31033,-0.36133,0.27621,0.19971,0.0977,0.76074,0.27621,0.1232,0.19971,0.25071,0.30171,-0.13181,-0.20832,-0.18282,0.27621,0.83725,0.63323,-0.25932,-0.94787,-0.71835,-0.004307,0.48022,0.60773,0.76074,0.76074,-0.080812,-0.10631,0.50573,0.42922,-0.13181,-0.41233,0.021195,0.27621,0.45472,0.0977,0.22521,-0.080812,-0.41233,-0.029808,0.37822,0.48022,0.42922,-0.15732,0.021195,0.40372,0.63323,-0.13181,-0.13181,-0.080812,0.42922,0.30171,0.19971,0.1232,-0.74385,0.58223,1.1943,-0.13181,-0.38683,-0.029808,0.0977,0.021195,0.45472,-0.05531,-0.31033,-0.13181,-0.080812,0.68424,0.22521,0.25071,0.37822,0.93925,0.25071,-0.20832,-0.33583,-0.31033,0.0977,0.60773,0.1742,0.58223,-0.13181,-0.004307,-0.31033,-0.15732,0.25071,0.1487,0.27621,0.32721,0.35272,0.25071,0.42922,0.072198,-0.080812,0.046696,-0.25932,-0.029808,0.19971,0.78624,0.58223,-0.05531,-0.18282,-0.13181,0.021195,-0.004307,0.072198,0.65874,1.0158,0.30171,-0.15732,-0.46334,-0.41233,-0.15732,-0.84586,0.86275,1.4748,1.2708,0.42922,-0.79486,-0.69285,-0.56534,-0.28482,0.63323,1.3728,0.48022,-0.23382,-0.38683,-0.38683,-0.33583,-0.28482,0.45472,0.76074,1.2198,0.1232,-0.05531,-0.004307,-0.13181,0.40372,0.1742,0.32721,0.19971,0.072198,-0.004307,-0.33583,-0.41233,-0.23382,0.42922,0.73524,0.83725,0.27621,0.1487,-0.41233,0.22521,0.1742,0.25071,-0.080812,0.63323,0.42922,0.19971,0.1742,-0.43783,-0.28482,0.021195,0.73524,0.65874,-0.004307,-0.25932,0.021195,0.30171,-0.23382,-0.05531,0.1232,0.48022,0.93925,0.45472,0.021195,-0.18282,0.021195,-0.28482,-0.18282,0.1742,-0.080812,1.2963,0.58223,-0.18282,-0.56534,-0.48884,-0.004307,0.45472,0.072198,0.30171,0.42922,0.1232,0.76074,0.22521,0.42922,-0.05531,-0.080812,0.27621,0.19971,0.22521,0.19971,-0.25932,-0.20832,-0.79486,-0.31033,0.0977,0.42922,0.37822,0.78624,0.70974,0.32721,0.1487,-0.18282,-0.18282,-0.029808,0.046696,0.32721,0.96476,0.53123,0.19971,-0.10631,-0.53984,-0.48884,-0.080812,-0.05531,0.55673,0.40372,0.53123,-0.28482,0.1487,0.42922,0.021195,0.021195,-0.080812,0.1232,0.65874,0.1232,-0.080812,0.072198,0.86275,0.91375,-0.20832,-0.74385,-0.46334,0.55673,1.0668,-0.48884,-1.2029,0.73524,0.58223,0.1232,0.0977,0.35272,0.30171,0.046696,-0.080812,-0.71835,0.1232,-0.48884,-0.05531,0.86275,0.99026,0.73524,0.60773,0.45472,0.046696,-0.33583,-0.41233,-0.79486,-0.23382,0.58223,0.91375,0.53123,0.37822,-0.18282,-0.41233,-0.25932,-0.28482,0.021195,0.53123,0.68424,0.19971,0.1232,0.046696,1.0158,0.65874,0.27621,-0.10631,-0.38683,-0.10631,0.046696,0.1742,-0.18282,-0.004307,-0.56534,-0.56534,0.48022,0.96476,1.7553,0.78624,-0.18282,-0.38683,-1.2539,0.58223,0.45472,-0.029808,0.1487,0.1232,0.22521,0.072198,-0.004307,0.27621,-0.004307,0.072198,-0.23382,-0.33583,0.27621,1.2453,1.3218,0.68424,-0.13181,-0.48884,-0.33583,-0.66735,0.42922,-0.69285,-0.13181,0.072198,0.53123,0.93925,0.32721,0.30171,0.53123,0.072198,-0.31033,-0.36133,-1.3304,1.1688,1.2198,0.48022,0.25071,0.1742,-0.13181,-0.38683,-0.38683,-0.15732,-0.080812,0.19971,0.53123,0.68424,0.1487,0.32721,-0.36133,0.072198,-0.53984,1.2963,0.68424,0.55673,0.1742,-0.84586,-0.41233,-0.10631,-0.080812,0.32721,0.53123,0.021195,0.30171,0.32721,0.021195,0.37822,0.19971,0.63323,-0.080812,-0.38683,-0.56534,-0.18282,0.32721,0.45472,0.58223,0.70974,0.072198,-0.48884,0.1232,0.88825,0.19971,0.1487,0.021195,-0.10631,-0.36133,-0.38683,-0.28482,0.1742,0.53123,0.60773,0.81175,0.30171,-0.10631,-0.28482,-0.25932,0.37822,0.072198,0.50573,0.42922,0.22521,-0.10631,-0.15732,0.42922,0.68424,-0.004307,-0.20832,-0.23382,0.27621,0.19971,0.30171,-0.61635,-0.61635,0.27621,1.4748,0.37822,0.65874,0.83725,-0.97337,-0.004307,-0.33583,-0.66735,-0.53984,1.5513,0.53123,0.072198,0.1742,0.27621,-0.080812,0.021195,0.1232,0.48022,0.42922,0.83725,-0.15732,-0.33583,-0.25932,-0.31033,-0.029808,0.19971,0.1742,0.42922,0.48022,0.86275,0.35272,-0.25932,-0.05531,0.83725,0.50573,-0.25932,-0.53984,-0.66735,-0.38683,-0.46334,0.91375,0.1232,0.55673,0.68424,0.76074,0.53123,-0.31033,-0.61635,0.1232,0.1487,0.072198,0.37822,-0.15732,0.1742,0.35272,0.046696,0.30171,0.072198,0.021195,-0.48884,0.50573,0.45472,0.19971,-0.004307,0.37822,0.27621,0.1487,-0.18282,0.072198,0.27621,0.0977,0.1487,0.58223,0.42922,-0.28482,-0.33583,-0.41233,0.072198,0.1232,0.072198,0.37822,0.99026,0.81175,0.40372,-0.029808,0.021195,-0.23382,-0.66735,-0.38683,0.86275,1.1688,0.1742,-0.43783,-0.43783,-0.20832,0.25071,0.40372,0.42922,0.78624,-0.080812,-0.004307,-0.59084,-0.13181,0.78624,0.27621,0.1487,-0.23382,0.68424,0.68424,0.021195,-0.05531,0.0977,0.25071,-0.18282,0.22521,-0.13181,0.0977,-0.004307,-0.080812,0.19971,0.60773,0.60773,1.3218,0.25071,-0.41233,-0.64185,-0.79486,-0.029808,0.55673,1.1433,0.78624,-0.05531,-0.25932,-0.18282,0.1232,0.021195,-0.23382,-0.41233,-0.20832,0.42922,0.65874,0.63323,0.68424,0.55673,0.046696,-0.18282,0.1232,-0.15732,1.0413,-0.33583,-0.69285,-0.36133,0.1232,0.37822,0.046696,-0.76936,1.5003,0.88825,-0.23382,-0.33583,0.32721,0.0977,0.0977,-0.15732,-0.004307,0.40372,0.65874,0.50573,0.072198,-0.15732,-0.15732,-0.76936,0.63323,0.45472,-0.004307,0.53123,0.96476,0.27621,-0.53984,-0.51434,-0.25932,-0.31033,-0.53984,-0.28482,-0.004307,0.58223,0.86275,0.73524,0.68424,0.58223,0.48022,0.1487,0.072198,0.42922,-0.23382,-0.41233,-0.25932,-0.080812,0.40372,0.1487,0.0977,0.19971,0.021195,-0.23382,-0.25932,-0.10631,-0.13181,-0.10631,0.88825,0.73524,-0.23382,0.78624,0.70974,0.42922,0.021195,-0.18282,-0.25932,-0.36133,-0.20832,-0.31033,0.19971,0.58223,1.1688,1.3728,0.22521,-0.25932,-0.56534,-1.1009,0.42922,0.046696,0.0977,0.0977,0.19971,0.30171,0.27621,0.37822,0.53123,0.99026,0.35272,-0.33583,0.046696,-0.15732,0.046696,0.072198,0.48022,-0.23382,-0.79486,-0.41233,-0.20832,0.81175,0.63323,-0.15732,0.58223,1.0923,0.83725,0.22521,-0.43783,-0.66735,-1.3559,1.1433,1.4493,0.58223,-0.28482,-0.59084,-0.59084,-0.05531,0.30171,0.32721,0.42922,0.22521,0.1232,-0.004307,0.072198,0.0977,0.40372,0.53123,0.45472,0.50573,0.021195,-0.56534,-0.48884,0.1487,0.50573,0.25071,-0.004307,-0.13181,0.1742,0.046696,0.68424,0.73524,0.32721,-0.10631,-0.05531,-0.10631,-0.029808,-0.56534,-0.69285,1.1178,1.7553,-0.99887,0.88825,0.27621,0.30171,0.1232,-0.38683,-0.84586,-0.74385,-0.41233,0.1232,0.68424,1.1943,0.88825,0.96476,0.19971,0.35272,-0.38683,-0.64185,-0.74385,-0.31033,0.27621,0.30171,0.35272,0.42922,0.68424,0.91375,0.83725,-0.38683,-0.89686,-0.43783,-0.23382,-0.004307,0.35272,0.73524,1.0923,0.68424,0.37822,-0.51434,-0.89686,-0.74385,-0.15732,0.78624,1.1178,0.99026,-0.05531,-0.080812,-0.28482,-0.61635,-0.080812,0.45472,-0.15732,0.32721,-0.46334,2.9284,0.68424,-0.23382,-0.25932,-0.43783,-0.48884,-0.56534,-0.18282,-0.004307,0.35272,0.42922,0.42922,-0.84586,0.58223,0.27621,-0.080812,0.0977,0.021195,0.42922,0.30171,-0.13181,0.88825,0.96476,0.60773,0.0977,0.021195,0.32721,-0.28482,-0.94787,-0.97337,-0.71835,-0.18282,0.1487,1.3728,0.91375,-0.33583,-0.99887,0.42922,1.0158,0.60773,0.53123,0.60773,1.3728,-0.004307,-1.1774,-1.3049,-0.82036,-0.28482,0.42922,0.65874,0.88825,0.63323,0.19971,0.1742,0.22521,0.1742,0.37822,0.1742,-0.004307,-0.69285,-1.1009,0.30171,1.9848,0.50573,-0.25932,-0.41233,-0.82036,1.1178,0.40372,-0.25932,-0.74385,-0.23382,0.76074,1.2453,1.0923,-0.31033,0.1742,-0.25932,-0.56534,-0.51434,-0.43783,0.1232,0.48022,0.86275,1.3728,0.60773,0.0977,-0.18282,-0.23382,-0.20832,0.0977,-0.080812,0.25071,0.32721,0.22521,-0.004307,-0.53984,0.32721,0.021195,-0.20832,0.072198,0.19971,-0.18282,1.3983,0.48022,-0.53984,-0.004307,0.35272,0.81175,0.1232,-0.38683,-0.51434,-0.76936,-0.64185,-0.080812,0.50573,0.50573,1.6278,1.5768,0.32721,-0.05531,-0.13181,-0.41233,-0.43783,-0.46334,-1.1009,1.1433,0.99026,0.37822,0.1742,-0.13181,-0.28482,-0.004307,0.1232,0.27621,0.27621,0.0977,-0.41233,1.0413,0.58223,0.70974,0.50573,0.046696,-0.69285,-0.74385,-1.0754,0.45472,0.60773,0.30171,-0.13181,-0.05531,0.27621,0.63323,0.40372,1.0158,1.0413,0.021195,-0.46334,-0.87136,-0.36133,0.19971,0.22521,0.30171,0.0977,0.1232,-0.029808,0.25071,0.68424,0.65874,0.22521,0.021195,0.1487,0.1232,0.1742,0.1232,-0.080812,0.072198,0.1742,0.19971,-0.33583,-0.38683,-0.18282,0.22521,0.40372,0.73524,1.0413,1.0158,0.32721,-0.51434,-0.74385,-0.89686,-0.28482,0.25071,0.40372,0.53123,0.37822,0.32721,0.30171,0.1232,-0.004307,0.40372,0.48022,0.1487,-0.05531,-0.31033,-0.029808,0.37822,0.58223,0.73524,-1.1774,0.81175,0.35272,-0.25932,-0.87136,-0.92237,0.0977,0.83725,0.1232,0.27621,0.27621,0.25071,0.45472,0.1232,0.30171,0.65874,0.60773,-0.004307,-0.23382,-0.28482,-0.05531,0.22521,0.65874,0.1232,0.021195,-0.10631,-0.080812,0.25071,0.072198,-0.10631,0.37822,1.4748,0.60773,0.072198,0.1232,-0.56534,-0.74385,-0.71835,-0.029808,0.70974,1.8573,0.60773,0.27621,-0.23382,-0.99887,-0.23382,-0.080812,-0.41233,-0.10631,0.81175,0.93925,0.53123,0.1232,-0.18282,-0.05531,0.25071,0.30171,-0.25932,-0.004307,1.1433,-0.080812,-0.23382,0.1742,0.60773,0.27621,-0.029808,-0.13181,-0.31033,-0.36133,-0.10631,0.53123,0.45472,0.30171,0.1232,-0.31033,0.65874,0.19971,0.072198,0.53123,0.32721,0.22521,0.42922,0.65874,-0.61635,-0.89686,-0.18282,0.021195,0.22521,0.1487,0.68424,0.86275,0.19971
0.1487,0.0977,0.1487,0.19971,0.072198,0.072198,-0.004307,0.1232,0.19971,0.22521,0.22521,0.30171,0.1232,0.021195,0.0977,0.072198,0.1487,0.1742,0.22521,0.1232,0.1742,0.22521,0.22521,0.0977,0.046696,0.0977,0.1232,0.0977,0.1232,0.1232,0.19971,0.25071,0.1742,0.072198,0.072198,0.1742,0.046696,0.1232,0.22521,0.19971,0.25071,0.1232,0.072198,0.072198,0.072198,0.1742,0.1232,0.1742,0.19971,0.22521,0.1742,0.1742,0.072198,0.1487,0.0977,0.072198,-0.004307,0.072198,0.25071,0.32721,0.072198,0.19971,-0.080812,-0.004307,0.22521,0.27621,0.072198,-0.004307,0.046696,0.25071,0.22521,0.22521,0.1232,-0.28482,-0.004307,0.42922,0.78624,0.30171,-0.46334,-0.28482,-0.53984,0.22521,0.22521,0.40372,1.2453,0.93925,-0.82036,-0.74385,0.42922,0.99026,-2.0954,1.6023,3.8719,-0.18282,-1.6109,-1.9679,-1.1774,0.35272,0.30171,-2.325,-0.05531,5.249,-0.97337,1.4493,4.3055,0.48022,-2.376,-5.4872,0.072198,2.6734,0.45472,-2.733,-1.1774,1.2453,-2.274,5.2235,7.2892,-1.7384,-2.0444,6.5751,-2.733,-4.1866,-4.1101,2.6479,0.48022,-1.9169,-0.74385,0.70974,1.1943,1.2453,1.4493,2.5714,0.60773,-3.9826,-2.8605,8.7683,1.9593,-4.3906,-4.0081,-2.376,2.8519,4.025,-1.4324,-2.376,3.6934,3.1834,-3.345,-1.4069,-0.13181,2.5459,1.0923,-0.18282,-3.549,5.504,-3.243,-4.0081,-1.6619,4.2035,1.2708,2.2908,-1.4069,-0.69285,1.2453,2.1123,1.8318,0.65874,-0.31033,-1.7894,-1.1774,-0.23382,-0.94787,-1.1519,0.021195,-1.3304,4.0505,1.9338,0.60773,0.072198,-1.0244,-0.13181,0.91375,-0.51434,0.53123,-0.004307,-0.48884,0.22521,-0.15732,0.27621,0.48022,-0.25932,-0.15732,0.22521,0.32721,0.072198,0.1487,0.35272,0.78624,0.1232,-0.38683,0.37822,0.86275,1.7298,0.0977,-1.0754,-1.2284,-0.79486,-1.8659,1.8318,1.4493,0.53123,0.93925,0.83725,0.50573,-0.38683,-0.66735,-0.82036,-0.84586,-1.2029,0.45472,1.0923,1.5003,0.58223,-0.13181,0.0977,0.55673,1.7553,0.42922,-0.64185,-0.79486,0.55673,1.0668,0.55673,-2.0954,1.1688,0.046696,-1.1264,-0.76936,-0.43783,0.30171,0.1742,0.53123,1.2708,0.88825,0.99026,0.96476,1.7553,0.021195,-0.69285,-1.4579,-0.97337,-0.87136,-0.66735,0.45472,0.65874,0.63323,0.65874,0.70974,0.25071,0.78624,0.60773,0.0977,-0.28482,-1.7129,-0.33583,0.021195,0.0977,0.45472,0.86275,-0.94787,1.2708,3.4894,1.5513,-0.18282,-0.33583,-0.029808,-0.56534,-1.4069,-0.84586,-0.56534,-0.48884,-3.549,3.4639,1.6788,0.73524,0.1487,0.48022,0.27621,-0.004307,0.1487,0.48022,-0.10631,-0.28482,-0.20832,-0.004307,-0.25932,0.40372,-0.25932,0.021195,0.072198,0.0977,0.58223,0.70974,0.70974,-0.31033,0.1232,-0.23382,0.072198,0.78624,1.1178,0.53123,0.046696,-0.029808,-0.13181,-1.2029,-1.0754,-0.33583,0.78624,0.50573,-0.20832,0.0977,0.42922,1.2198,0.42922,0.70974,0.22521,-0.69285,0.32721,-0.004307,0.35272,0.19971,-0.080812,-0.004307,-0.080812,0.40372,0.53123,0.30171,0.53123,-0.25932,-0.71835,-1.3814,0.99026,-2.1209,3.2344,-0.48884,0.1487,-0.64185,0.30171,0.48022,-0.38683,-0.38683,0.021195,0.32721,-0.080812,0.19971,0.53123,0.55673,0.45472,0.35272,-0.004307,0.27621,0.40372,0.68424,0.19971,0.1742,-0.92237,-1.0244,-0.41233,-0.05531,0.68424,0.91375,0.32721,0.50573,0.42922,0.0977,-0.33583,1.3728,-1.2284,0.60773,0.021195,-0.48884,-0.05531,0.37822,0.53123,0.1487,0.30171,-0.080812,-0.18282,0.70974,-0.080812,1.4748,-0.38683,-0.20832,-0.004307,0.42922,0.021195,-0.18282,-0.18282,0.32721,0.60773,0.48022,0.93925,-0.53984,-0.69285,-0.46334,0.0977,0.021195,0.42922,0.48022,1.0413,1.3983,0.78624,-0.51434,-2.2485,0.88825,0.072198,-0.20832,-0.69285,0.25071,2.3673,0.68424,-0.25932,-0.46334,-0.20832,0.22521,0.88825,-0.31033,0.046696,-0.18282,0.48022,0.22521,-0.029808,0.1487,0.25071,0.1232,0.30171,0.50573,0.072198,0.072198,0.25071,-0.080812,-0.18282,-0.41233,-0.10631,0.072198,-0.20832,0.22521,0.81175,0.91375,-0.05531,0.37822,1.2198,0.37822,-1.9424,0.35272,-0.004307,-0.10631,-0.13181,-0.004307,0.65874,0.25071,0.37822,0.99026,-0.004307,0.22521,-0.25932,0.22521,-0.13181,0.19971,0.1232,0.60773,0.1232,-0.13181,-0.029808,0.22521,0.93925,0.30171,0.22521,-0.23382,0.37822,1.9083,-0.28482,-0.23382,-0.74385,-1.4324,-0.69285,0.19971,0.65874,-0.43783,0.0977,2.2143,1.5003,0.19971,-0.69285,-0.004307,0.30171,-0.61635,-1.1519,-0.71835,1.6278,1.5258,0.68424,-0.15732,-0.38683,-0.38683,-0.13181,-0.18282,-0.25932,0.48022,0.42922,0.50573,0.30171,0.22521,0.88825,0.42922,0.27621,-0.79486,-0.20832,-0.64185,-0.46334,0.1487,0.70974,-0.004307,1.0923,1.0923,-0.28482,-0.71835,-0.48884,0.021195,-0.080812,-0.48884,0.22521,2.5459,1.4238,0.1232,-0.004307,-0.56534,-0.71835,-0.59084,-0.38683,-0.13181,0.48022,-0.43783,-0.004307,2.3163,1.1688,0.072198,-0.59084,-0.84586,-0.69285,-0.33583,0.88825,0.40372,0.53123,0.19971,0.1487,0.32721,0.021195,0.35272,0.37822,0.072198,-0.20832,-0.18282,0.072198,-0.28482,1.1433,0.60773,0.53123,-0.05531,-0.61635,-0.64185,0.046696,-0.13181,0.35272,0.70974,0.76074,0.32721,0.021195,-0.74385,-0.71835,-0.15732,0.50573,0.32721,1.7043,1.4493,-0.48884,-0.25932,0.22521,0.27621,0.1232,-0.61635,-0.43783,-0.080812,0.58223,0.1487,0.32721,-0.48884,0.046696,0.50573,0.45472,0.27621,0.40372,-0.15732,-0.28482,-0.10631,0.19971,0.0977,1.4238,0.99026,0.1232,-0.004307,-0.53984,-0.080812,-0.10631,0.22521,0.27621,0.0977,0.19971,0.53123,0.78624,0.19971,-0.36133,-0.66735,-0.46334,0.1487,0.70974,-0.28482,0.63323,1.5768,0.68424,-0.48884,-0.53984,-0.28482,0.0977,0.22521,0.37822,0.072198,-0.15732,-0.31033,0.072198,0.63323,0.91375,0.1232,-0.13181,0.072198,0.1487,0.046696,0.63323,0.32721,-0.41233,-0.080812,-0.080812,0.072198,-0.15732,1.0413,0.37822,-0.20832,-0.92237,1.0668,1.7298,0.0977,-0.82036,-0.79486,-0.53984,0.37822,0.50573,0.27621,0.53123,0.76074,0.58223,-0.92237,0.48022,-0.029808,-0.46334,-0.48884,0.072198,0.072198,0.1232,0.86275,1.0413,0.68424,-0.05531,-1.0754,-0.004307,1.2453,0.32721,-0.56534,-0.18282,-0.15732,0.1232,0.76074,0.42922,0.021195,-0.89686,-0.18282,-0.10631,-0.13181,-0.28482,0.65874,0.81175,0.45472,0.78624,0.30171,0.93925,-0.20832,-0.53984,-0.28482,-0.28482,-0.004307,-0.23382,1.2453,-0.18282,-0.13181,0.1232,0.22521,-0.029808,-0.029808,0.25071,0.81175,1.1433,0.046696,0.072198,0.22521,-0.64185,-0.61635,-0.61635,0.1742,0.53123,-0.38683,0.88825,0.93925,1.2453,0.65874,0.40372,-0.10631,-0.13181,-0.43783,-0.84586,-0.82036,-0.23382,0.73524,0.22521,-0.31033,-0.31033,0.83725,0.81175,0.68424,0.42922,0.68424,0.78624,0.072198,-0.23382,-0.64185,-0.79486,0.60773,0.78624,-0.004307,-0.76936,-0.56534,-0.05531,0.22521,-0.15732,1.6788,0.73524,0.63323,0.25071,-0.20832,-0.59084,-0.31033,0.45472,0.86275,0.22521,0.40372,-0.080812,-0.20832,0.19971,-0.84586,0.73524,0.53123,-0.56534,-0.38683,-0.25932,0.48022,0.91375,0.76074,0.046696,0.1487,0.25071,-0.23382,0.30171,0.072198,0.046696,0.25071,0.50573,0.55673,-0.38683,0.30171,-0.004307,-0.48884,-0.43783,-0.48884,1.3473,1.0413,0.50573,0.1742,-0.33583,-0.53984,-0.41233,0.072198,0.40372,-0.080812,-0.13181,1.6278,0.27621,-0.15732,-0.029808,0.0977,0.45472,0.0977,-0.38683,-0.23382,0.27621,0.42922,0.42922,0.25071,-0.080812,-0.33583,0.046696,0.53123,0.63323,-0.080812,-0.64185,0.70974,0.37822,-0.13181,0.32721,0.021195,-0.56534,0.45472,0.37822,0.1742,-0.080812,0.1742,0.30171,1.0413,0.19971,-0.25932,-0.36133,-0.25932,-0.080812,0.1232,0.27621,0.53123,0.68424,0.70974,-0.029808,-0.59084,-0.43783,0.072198,0.046696,0.63323,0.58223,0.19971,0.1232,-0.33583,-0.38683,0.22521,0.25071,0.70974,0.60773,1.0158,0.046696,-0.51434,-0.28482,-0.25932,0.046696,-0.28482,0.60773,0.55673,0.42922,0.35272,0.25071,0.70974,-0.20832,-0.33583,-0.46334,-0.20832,0.32721,0.70974,0.88825,0.40372,-0.48884,0.93925,0.0977,-0.69285,0.22521,-0.38683,-0.94787,0.1487,0.70974,0.42922,0.22521,0.48022,1.1178,1.5513,-0.51434,-1.4834,-0.56534,-0.13181,0.48022,-0.13181,-0.10631,0.1742,0.0977,0.63323,1.0158,0.63323,-0.33583,0.1487,0.072198,0.1232,-0.05531,-0.10631,0.021195,0.19971,0.83725,-0.080812,0.27621,0.072198,0.32721,0.35272,-0.004307,-0.46334,-0.23382,-0.28482,0.93925,0.50573,0.27621,-0.10631,-0.029808,1.2198,0.53123,0.19971,-0.28482,-0.25932,-0.31033,-0.10631,-0.82036,1.1943,0.78624,-0.38683,-0.28482,-0.25932,0.046696,-0.20832,1.0158,0.1487,0.68424,0.91375,0.32721,0.1742,0.1232,0.30171,-0.43783,-0.61635,-0.53984,-1.3304,0.93925,0.88825,0.55673,1.0923,0.65874,0.1232,-0.18282,-0.43783,-0.38683,-1.1009,-0.59084,-0.080812,1.1178,1.1433,-0.41233,0.53123,0.96476,-0.28482,0.27621,0.55673,-0.31033,-0.56534,-0.004307,0.60773,0.96476,0.93925,-0.20832,-0.48884,-0.15732,0.60773,-0.004307,-0.029808,-0.080812,0.046696,-0.004307,-0.33583,0.50573,0.32721,0.25071,0.25071,1.3473,0.48022,-0.89686,-0.31033,0.27621,0.60773,0.68424,-0.20832,0.48022,-0.13181,-0.87136,-0.51434,-0.10631,0.63323,0.96476,1.1943,0.32721,0.0977,-0.53984,-0.41233,-0.080812,0.58223,0.83725,-0.31033,0.40372,0.0977,-0.66735,0.22521,1.0668,0.76074,0.22521,-0.23382,-0.92237,-0.25932,0.55673,-0.66735,0.58223,0.83725,0.65874,0.0977,-0.28482,-0.38683,-0.41233,0.63323,1.2198,0.63323,0.73524,-0.20832,-0.56534,-0.64185,-0.41233,-0.23382,0.1232,0.83725,1.3983,1.1178,-0.05531,-0.15732,-0.28482,-0.43783,-0.59084,-0.080812,0.76074,0.93925,-0.080812,-0.10631,-0.080812,0.35272,0.1232,-0.38683,-1.1774,0.1232,1.7298,1.5513,0.30171,-0.10631,-0.15732,-0.15732,-0.43783,-0.029808,0.021195,-0.25932,1.3983,0.45472,-0.10631,-0.10631,-0.029808,0.63323,0.65874,-0.10631,-0.20832,-0.10631,0.0977,-0.15732,0.50573,0.42922,1.2198,0.19971,-0.48884,-0.33583,0.1742,0.22521,-0.64185,-0.31033,0.32721,0.63323,0.1232,-0.25932,0.30171,0.55673,1.1433,0.021195,-0.05531,-0.05531,0.0977,0.37822,-0.48884,-0.56534,-0.15732,0.35272,0.19971,0.19971,-0.080812,0.072198,-0.05531,1.2708,0.91375,0.73524,0.0977,1.1433,-0.69285,-0.97337,-0.59084,-0.20832,0.021195,0.22521,0.27621,-0.51434,-0.13181,1.3983,-0.080812,0.93925,0.83725,0.27621,0.072198,-0.56534,-0.48884,-0.080812,-0.28482,0.27621,0.1487,-0.004307,0.96476,0.046696,0.072198,0.1487,-0.029808,-0.18282,0.65874,0.40372,-0.20832,-0.46334,0.1232,1.1178,1.3218,0.021195,-0.46334,-0.64185,-1.5854,0.40372,0.22521,0.48022,0.48022,-0.05531,0.021195,0.53123,0.70974,0.60773,0.73524,-0.31033,-0.48884,-0.080812,0.88825,-0.004307,-0.25932,-0.05531,0.021195,0.42922,0.78624,0.45472,-0.20832,-0.41233,-0.59084,0.021195,0.32721,-0.48884,0.91375,1.0413,0.37822,-0.31033,-0.33583,0.35272,1.3218,0.45472,0.072198,-0.64185,-0.51434,-0.31033,-0.36133,0.55673,0.88825,0.70974,-0.029808,-0.66735,0.27621,0.73524,0.99026,0.68424,0.19971,-0.25932,-0.74385,-0.74385,-0.41233,0.1232,1.3473,1.5258,-0.53984,0.0977,0.42922,0.19971,-0.36133,-0.74385,-0.38683,-0.18282,0.27621,1.2453,0.86275,0.19971,0.22521,-0.61635,0.96476,0.58223,-0.13181,-0.82036,-0.05531,0.1232,0.19971,0.48022,0.021195,-0.029808,-0.18282,0.021195,0.1487,1.0413,0.65874,0.021195,-0.23382,-0.36133,-0.18282,-0.10631,0.60773,0.58223,0.1742,-0.15732,-0.080812,0.63323,0.40372,0.35272,0.19971,-0.18282,-0.36133,-0.15732,0.53123,0.37822,-0.18282,-1.1009,0.63323,1.2963,0.99026,-0.004307,-0.33583,-0.23382,-0.74385,-0.61635,0.072198,0.63323,-0.05531,1.2708,0.60773,0.32721,-0.38683,-0.33583,-0.13181,0.072198,-0.10631,0.22521,0.73524,0.96476,-0.28482,-0.66735,-0.13181,0.68424,0.70974,-0.10631,-0.36133,-0.13181,0.1232,-0.48884,0.83725,0.58223,-0.13181,-0.31033,0.48022,0.81175,0.27621,-0.99887,0.91375,0.27621,-0.74385,-0.71835,-0.51434,1.7553,2.1888,0.55673,-0.43783,-0.10631,-0.18282,-0.41233,-0.36133,-0.28482,-0.20832,0.25071,0.81175,1.0668,-0.79486,0.55673,-0.18282,-0.05531,0.1232,0.021195,0.30171,0.25071,0.19971,0.1232,0.40372,0.1232,-0.004307,0.021195,-0.48884,0.48022,0.021195,-0.080812,0.32721,0.45472,0.1742,0.072198,-0.33583,0.35272,0.68424,0.30171,-0.004307,-0.029808,0.021195,-1.0244,0.1232,1.0413,0.35272,0.63323,0.021195,-0.18282,-0.46334,0.021195,-0.84586,1.9593,0.83725,-0.53984,-0.28482,-0.05531,0.50573,0.1232,0.45472,0.86275,0.45472,0.32721,0.021195,0.1742,-0.94787,-0.28482,0.1232,-0.33583,0.32721,1.0413,0.73524,0.32721,0.86275,-0.48884,-0.15732,-0.05531,-0.59084,0.1232,-0.080812,0.35272,0.42922,-0.18282,-0.20832,0.76074,1.8318,0.96476,-0.33583,-0.94787,-0.76936,-0.59084,0.072198,-0.029808,0.73524,0.76074,0.63323,-0.029808,0.1487,0.19971,0.1487,0.55673,-0.080812,-0.25932,-0.69285,-0.36133,0.1232,0.73524,0.046696,0.73524,0.30171,-0.41233,-0.029808,0.73524,0.32721,-0.28482,0.046696,0.73524,-0.38683,0.25071,0.30171,-0.080812,0.22521,0.1742,0.50573,-0.10631,-0.36133,-0.080812,-0.71835,0.45472,0.65874,0.63323,0.55673,0.40372,0.55673,0.0977,-0.23382,-0.66735,-0.61635,0.25071,0.30171,0.63323,0.32721,0.1742,0.30171,0.0977,-0.004307,-0.38683,0.021195,0.58223,1.1943,0.68424,-0.28482,0.021195,-0.46334,-0.51434,-0.18282,0.19971,-0.41233,0.93925,0.53123,0.1232,0.021195,-0.31033,0.73524,0.48022,0.73524,0.40372,0.021195,-0.33583,-0.84586,-0.69285,-0.38683,0.63323,0.70974,0.42922,0.42922,0.63323,0.68424,0.22521,-0.18282,0.35272,-0.23382,-0.36133,-0.38683,-0.61635,0.73524,0.73524,0.53123,0.1742,-0.18282,-0.10631,0.22521,0.48022,0.072198,-0.20832,-0.029808,1.2453,0.30171,0.30171,-0.029808,-0.38683,-0.33583,0.35272,0.021195,0.046696,0.27621,0.1487,0.1232,0.32721,0.1487,0.32721,0.48022,-0.004307,0.40372,0.0977,-0.28482,-0.41233,-0.20832,0.072198,0.37822,-0.13181,0.0977,0.32721,0.35272,1.1433,0.35272,-0.48884,0.68424,-0.41233,-0.41233,0.19971,-0.080812,0.1487,-0.15732,0.22521,0.1232,0.072198,0.53123,0.37822,0.25071,-0.080812,0.0977,0.25071,-0.05531,0.25071,0.53123,0.50573,-0.15732,-0.74385,0.73524,0.53123,-0.28482,-0.28482,-0.080812,0.072198,-0.13181,0.78624,0.93925,0.072198,0.0977,-0.46334,0.0977,-0.46334,0.072198,0.19971,0.73524,0.81175,0.22521,-0.33583,-0.05531,0.55673,0.53123,0.48022,-0.13181,-0.004307,0.1487,-1.3049,-0.10631,0.27621,0.88825,0.99026,-0.13181,0.45472,0.0977,-0.56534,-3.345,3.7699,2.4183,0.42922,-0.38683,-0.94787,-1.9424,-1.3304,-0.99887,0.60773,1.2198,2.1378,1.4493,0.65874,-0.18282,-1.2029,-0.56534,0.45472,0.50573,1.7298,-0.13181,-0.56534,-0.080812,0.021195,0.32721,-0.080812,-0.13181,0.072198,0.1232,0.25071,0.19971,0.35272,1.0158,0.35272,-0.18282,0.40372,0.30171,-0.20832,-0.029808,-0.69285,0.30171,0.45472,-0.029808,-0.28482,-0.38683,1.3473,-1.6364,2.5204,1.0923,-1.0244,-0.38683,-0.53984,-0.004307,0.81175,0.021195,1.0413,-0.36133,-0.74385,0.30171,0.1487,0.53123,0.072198,1.1433,0.021195,-0.36133,-0.13181,-0.38683,0.35272,0.63323,0.76074,-0.25932,-0.76936,0.40372,0.78624,0.73524,-0.18282,-0.13181,0.072198,0.35272,-0.56534,-0.10631,1.0158,0.63323,0.046696,-0.56534,-0.13181,0.37822,-2.325,2.8264,0.1742,-1.3049,0.68424,0.86275,0.40372,-0.61635,0.046696,1.1433,-0.71835,-2.478,0.046696,2.1123,1.4493,0.73524,-0.18282,-0.82036,-0.080812,0.42922,0.42922,0.37822,-0.38683,-0.69285,0.32721,0.99026,0.91375,-0.10631,-0.15732,-0.36133,-1.4069,0.37822,0.99026,0.046696,-0.23382,-0.38683,1.0923,0.81175,-0.029808,0.021195,-0.080812,-0.71835,0.63323,0.58223,0.22521,-0.080812,-0.10631,-0.71835,0.021195,0.55673,0.68424,0.60773,0.53123,0.83725,0.19971,-2.478,-0.59084,0.76074,0.70974,0.81175,0.63323,0.99026,0.93925,-0.76936,-1.7384,-0.38683,0.60773,0.76074,0.40372,0.37822,-0.15732,-0.31033,-0.25932,0.19971,0.42922,0.83725,1.0923,-0.20832,-1.4324,0.65874,0.93925,0.37822,-0.05531,-0.080812,0.072198,0.25071,-0.029808,0.37822,0.1742,0.25071,0.1742,0.1487,0.0977,0.1232,-0.23382,-0.38683,0.021195,1.1433,1.6788,-0.51434,-0.23382,0.42922,0.65874,0.48022,0.45472,-1.7129,-0.69285,-0.13181,0.78624,1.0413,-0.56534,-1.5344,0.81175,1.1178,0.88825,0.40372,0.35272,-0.20832,0.25071,-0.18282,-0.23382,-0.33583,-0.004307,0.32721,0.93925,-0.13181,-0.41233,0.35272,0.76074,0.22521,-0.18282,0.1487,-0.004307,-0.10631,0.30171,0.046696,-0.43783,-0.18282,0.55673,0.42922,0.1742,0.27621,0.27621,0.50573,0.32721,-0.15732,-0.33583,0.88825,0.58223,-0.13181,-1.3304,0.19971,0.55673,0.37822,0.30171,0.37822,0.1487,-0.36133,-0.13181,0.1232,0.1742,0.40372,0.42922,0.60773,-0.23382,0.072198,0.1232,-0.05531,-0.13181,-0.10631,0.53123,0.53123,-0.28482,-0.05531,0.25071,0.072198,0.1487,0.53123,0.19971,-0.74385,-0.25932,0.53123,0.63323,0.35272,0.046696,0.27621,0.021195,0.046696,0.19971,0.072198,-0.004307,0.1487,0.63323,0.58223,0.021195,-0.20832,-0.18282,-0.33583,-0.43783,0.19971,0.78624,0.86275,1.0158,0.63323,-0.13181,-0.51434,-0.38683,0.68424,0.1232,-0.10631,-0.36133,0.42922,0.40372,-0.10631,-0.36133,-0.33583,-0.15732,1.0668,0.65874,0.88825,0.30171,-0.080812,-0.43783,0.76074,0.25071,-0.64185,-1.0499,-0.20832,0.73524,0.73524,-0.79486,2.4183,1.1433,-0.74385,-1.1774,-0.53984,0.35272,0.35272,0.0977,-0.15732,-0.33583,-0.20832,0.48022,0.48022,0.27621,0.40372,0.60773,0.27621,0.58223,0.0977,-0.25932,-0.004307,0.27621,0.55673,-0.61635,-0.74385,-0.18282,0.86275,0.58223,0.1742,0.22521,0.32721,0.1232,0.021195,-0.080812,0.072198,-0.20832,0.30171,0.73524,0.42922,0.1742,0.0977,-0.28482,-0.13181,0.1742,-0.15732,0.42922,0.58223,0.48022,0.60773,-0.13181,0.1742,-0.59084,-0.61635,-0.61635,0.30171,0.58223,0.63323,0.55673,0.40372,0.27621,0.53123,0.021195,0.0977,0.1232,-0.05531,-0.28482,0.1232,-0.05531,0.63323,-0.004307,-0.25932,0.1232,0.45472,0.76074,0.0977,-0.79486,-0.080812,0.30171,0.42922,0.42922,0.0977,0.55673,0.22521,0.072198,0.45472,0.0977,-0.79486,-0.41233,0.30171,0.60773,0.42922,0.32721,0.19971,0.37822,0.0977,-0.53984,0.021195,0.58223,0.58223,1.0158,0.22521,-0.20832,-0.48884,-0.53984,0.22521,0.046696,0.072198,-0.13181,-0.13181,0.40372,0.91375,0.78624,0.60773,0.30171,0.50573,-0.004307,-0.48884,-0.28482,-0.23382,0.021195,0.021195,-0.029808,-0.15732,0.58223,0.63323,0.22521,0.35272,0.76074,0.63323,0.48022,-0.004307,-0.36133,-0.029808,-0.84586,-0.18282,-0.10631,0.021195,0.73524,-0.004307,1.0413,1.1943,0.35272,-0.13181,-0.66735,-0.61635,-0.38683,-0.10631,0.19971,0.27621,0.1487,0.22521,0.35272,0.60773,0.78624,0.0977,0.1232,0.30171,0.42922,0.60773,-0.48884,-0.66735,-0.43783,0.1487,0.046696,0.1232,0.50573,0.35272,0.68424,0.30171,-0.38683,-0.20832,0.046696,0.25071,0.1742,0.1742,0.32721,-0.029808,0.1232,0.53123,0.45472,0.48022,-0.10631,-0.25932,-0.76936,-0.61635,0.53123,0.32721,0.37822,1.1943,0.91375,0.48022,-0.31033,-0.28482,-0.20832,-0.080812,-0.080812,-0.004307,0.072198,0.48022,0.1742,0.0977,0.32721,-0.029808,-0.05531,0.35272,0.63323,-0.46334,1.0158,0.40372,-0.36133,-0.41233,-0.25932,-0.05531,0.1487,0.68424,0.0977,-0.28482,-0.05531,0.25071,0.99026,0.70974,-0.029808,0.021195,1.3473,-0.28482,-0.64185,-0.43783,-0.48884,-0.20832,0.1487,0.53123,0.63323,-0.13181,-0.23382,0.53123,1.0158,1.0158,0.1232,-0.46334,-0.46334,0.1742,0.1487,-0.029808,-0.43783,-0.080812,-0.15732,0.1487,0.70974,0.68424,0.25071,-0.15732,1.0413,1.3473,-0.18282,0.046696,0.021195,-0.43783,-0.82036,-0.38683,-0.23382,0.1487,0.22521,0.40372,-0.23382,-1.0754,1.2453,1.9593,0.81175,0.0977,-0.10631,0.046696,-0.25932,-0.38683,0.30171,0.072198,-0.31033,0.021195,0.30171,0.53123,0.25071,-0.28482,-0.20832,0.072198,0.37822,0.42922,0.42922,0.48022,0.35272,0.35272,0.1232,-0.28482,-0.31033,-0.18282,0.53123,0.30171,0.021195,-0.15732,0.22521,-0.080812,0.55673,-0.20832,0.68424,0.32721,-0.029808,-0.05531,-0.23382,0.73524,0.27621,-0.94787,-0.84586,0.072198,0.58223,0.70974,0.046696,0.78624,0.0977,-0.13181,0.37822,1.0923,0.73524,-0.28482,-0.28482,-0.51434,-0.31033,-0.51434,-0.05531,0.32721,0.25071,0.63323,0.0977,0.35272,-0.029808,0.1742,0.50573,0.40372,0.58223,-0.43783,-0.59084,-0.25932,0.63323,-0.23382,-0.080812,0.30171,0.55673,0.25071,0.27621,0.1742,0.1742,0.22521,0.22521,0.072198,0.93925,0.83725,-0.66735,-0.38683,0.046696,-0.23382,-0.25932,-0.15732,0.30171,0.73524,0.50573,0.37822,0.1742,0.072198,0.1742,0.021195,-0.25932,-0.15732,0.30171,-0.05531,0.22521,1.1943,0.50573,-0.15732,-0.25932,-0.080812,-0.029808,0.0977,0.1232,1.0413,0.072198,-0.15732,-0.029808,-0.25932,-0.029808,0.046696,0.73524,0.63323,0.68424,-0.15732,-0.31033,-0.18282,0.046696,-0.10631,-0.18282,0.1487,0.60773,0.40372,0.22521,0.19971,0.60773,0.70974,0.25071,-0.20832,-0.15732,-0.64185,-0.69285,-0.20832,0.53123,0.0977,0.53123,0.37822,0.25071,0.046696,0.1742,0.19971,0.48022,0.19971,-0.029808,0.1232,0.91375,1.0923,0.1232,-0.82036,-0.82036,-0.23382,-0.004307,0.40372,0.25071,0.0977,0.1487,0.73524,0.70974,-0.31033,-1.0244,0.37822,0.63323,0.45472,0.30171,0.1232,-0.13181,-0.43783,0.60773,0.70974,-0.080812,-0.25932,-0.25932,0.072198,0.58223,-0.05531,0.55673,-0.004307,-0.41233,-0.15732,-0.13181,0.25071,0.53123,0.53123,0.68424,0.32721,0.1232,0.046696,0.072198,-0.20832,-0.004307,0.021195,0.1742,0.0977,0.0977,0.30171,0.22521,-0.38683,0.1742,1.1943,0.021195,-0.23382,0.1232,0.42922,0.50573,0.48022,-0.080812,-0.25932,-0.20832,-0.31033,-0.23382,-0.13181,0.22521,0.42922,0.58223,0.45472,0.53123,0.45472,-0.080812,-0.33583,-0.20832,0.046696,0.42922,0.1487,-0.28482,-0.029808,0.19971,0.48022,0.50573,-0.23382,0.30171,0.1232,-0.029808,-0.13181,0.0977,0.25071,0.40372,0.22521,0.1232,-0.10631,-0.13181,-0.87136,0.58223,0.22521,0.27621,-0.10631,0.88825,0.35272,-0.029808,-0.080812,0.072198,-0.51434,0.48022,0.046696,0.072198,0.1487,0.1487,0.0977,0.22521,0.40372,0.78624,-0.13181,-0.10631,-0.080812,0.046696,0.42922,0.53123,-0.13181,-0.76936,0.48022,0.30171,0.27621,0.19971,0.19971,0.42922,0.55673,0.072198,-0.84586,0.1487,0.37822,0.27621,-0.69285,0.88825,0.37822,-0.13181,-0.31033,0.021195,0.83725,0.48022,-0.15732,-0.31033,0.1232,0.40372,0.99026,0.1232,0.1742,0.072198,-0.05531,-0.080812,-0.28482,-0.41233,-0.10631,0.27621,0.50573,0.48022,0.88825,0.91375,-0.10631,-0.48884,-0.36133,0.25071,0.55673,0.78624,0.35272,-0.48884,-0.05531,-0.23382,-0.18282,-0.28482,-0.10631,0.27621,0.32721,-0.029808,0.93925,1.1178,0.021195,-0.004307,0.1742,0.19971,0.046696,-0.18282,0.25071,-0.41233,-0.43783,0.19971,0.42922,0.25071,0.42922,0.60773,0.021195,-0.004307,0.1232,0.0977,0.25071,0.1742,0.046696,0.1487,0.22521,0.1232,0.1487,0.1487,-0.029808,0.22521,0.35272,0.1487,0.22521,-0.28482,-0.080812,0.1742,0.021195,0.22521,0.22521,0.1742,-0.41233,0.93925,0.81175,0.0977,-0.20832,-0.33583,-0.20832,0.021195,0.30171,0.45472,0.50573,0.37822,0.072198,-0.28482,-0.05531,0.73524,0.86275,0.22521,-0.20832,-0.23382,-0.13181,-0.004307,-0.080812,0.30171,0.22521,0.072198,-0.05531,0.1232,0.42922,0.22521,0.37822,0.0977,0.60773,-0.25932,0.68424,0.25071,-0.31033,-0.61635,-0.23382,0.25071,0.91375,0.60773,0.30171,-0.23382,-0.46334,-0.51434,-0.029808,0.25071,0.22521,0.50573,0.58223,0.40372,0.58223,0.50573,-0.31033,-0.20832,0.1232,0.1742,0.1232,0.19971,0.1232,-0.10631,0.42922,-0.10631,-0.029808,0.021195,0.072198,0.63323,-0.004307,-0.56534,0.37822,0.58223,0.73524,0.27621,0.072198,-0.41233,0.1487,0.19971,0.30171,0.32721,-0.05531,-0.13181,-0.080812,0.0977,0.22521,0.27621,-0.029808,-0.18282,0.27621,0.53123,0.37822,0.60773,0.32721,0.1232,-0.029808,-0.38683,-0.080812,-0.43783,-0.15732,0.30171,0.73524,0.86275,0.30171,-0.20832,-0.38683,-0.31033,0.072198,0.1487,0.27621,0.1232,0.88825,1.1433,0.86275,0.1487,-0.10631,-0.51434,-0.51434,-0.31033,-0.10631,0.1487,0.1742,0.50573,0.50573,0.45472,0.35272,0.65874,0.22521,-0.080812,-0.48884,-0.74385,0.32721,0.1232,0.45472,0.58223,0.35272,0.0977,0.19971,0.1742,0.072198,0.1232,-0.029808,-0.13181,-0.029808,0.021195,0.32721,0.68424,0.70974,0.55673,0.1232,-0.38683,-0.15732,-0.20832,0.1232,-0.080812,0.021195,0.40372,0.48022,0.30171,0.072198,-0.004307,0.021195,0.30171,0.65874,0.32721,-0.23382,-0.029808,0.22521,0.072198,0.1232,0.046696,-0.05531,-0.05531,0.22521,0.40372,0.32721,-0.080812,0.0977,0.19971,0.1742,0.072198,0.1487,0.96476,0.78624,-0.28482,-0.36133,-0.18282,0.32721,-0.05531,-0.61635,0.22521,0.68424,0.76074,0.45472,0.35272,-0.59084,0.19971,0.96476,0.42922,0.32721,-0.23382,-0.76936,-0.53984,0.021195,0.32721,0.27621,-0.029808,-0.029808,0.0977,0.65874,0.60773,0.55673,0.1232,0.37822,-0.20832,-0.28482,-0.33583,0.78624,0.48022,0.1232,-0.25932,-0.029808,-0.10631,0.27621,0.0977,0.1232,-0.029808,0.25071,0.1232,0.046696,0.19971,0.45472,0.73524,1.1943,-0.18282,-0.64185,-0.61635,-0.20832,0.32721,0.25071,0.40372,0.42922,0.50573,0.42922,-0.33583,-0.080812,0.0977,-0.18282,-0.25932,-0.31033,0.40372,0.73524,0.1232,-0.05531,0.40372,0.40372,0.81175,-0.33583,-0.82036,-0.59084,-0.10631,0.32721,0.42922,0.48022,0.072198,0.48022,0.1742,-0.28482,-0.25932,0.072198,0.68424,0.45472,-0.080812,-0.10631,0.046696,0.1232,0.30171,0.40372,0.1742,0.37822,-0.029808,-0.28482,-0.080812,-0.029808,0.25071,0.37822,0.53123,0.53123,-0.080812,-0.28482,0.0977,0.73524,0.55673,0.1232,-0.080812,-0.10631,-0.23382,-0.38683,-0.080812,0.30171,0.40372,0.37822,0.1742,0.35272,0.32721,0.19971,0.55673,0.19971,-0.029808,-0.10631,0.1232,0.046696,0.27621,0.0977,-0.28482,0.58223,0.1232,-0.15732,-0.46334,0.1232,0.40372,0.42922,0.58223,0.021195,0.22521,0.25071,-0.029808,-0.10631,-0.28482,-0.18282,0.30171,0.73524,1.2198,0.1232,-0.56534,-0.41233,-0.23382,-0.080812,0.45472,0.60773,0.53123,-0.080812,-0.23382,0.63323,0.1742,0.0977,-0.59084,0.37822,0.50573,0.60773,-0.029808,-0.51434,-0.23382,0.021195,0.55673,0.37822,-0.10631,-0.10631,0.22521,0.45472,0.68424,0.35272,-0.029808,-0.23382,-0.23382,0.021195,0.30171,0.021195,-0.029808,-0.080812,0.96476,0.55673,0.32721,0.35272,-0.05531,-0.28482,-0.41233,-0.36133,-0.23382,0.1232,1.2708,0.68424,0.22521,-0.080812,-0.31033,-0.10631,-0.004307,0.60773,0.60773,0.27621,-0.080812,-0.080812,-0.13181,0.1742,0.0977,0.32721,0.40372,0.50573,-0.05531,-0.28482,-0.36133,-0.20832,0.53123,1.0923,0.50573,-0.15732,-0.20832,-0.25932,-0.029808,0.27621,0.42922,0.072198,0.072198,0.19971,0.42922,0.19971,0.072198,-0.004307,-0.10631,0.1742,0.22521,0.19971,-0.004307,0.1232,0.37822,0.55673,0.50573,-0.13181,-0.25932,-0.05531,-0.10631,0.1232,0.30171
0.25071,0.1742,0.0977,0.1232,0.1487,0.1742,0.021195,0.1232,-0.004307,0.22521,0.19971,0.32721,0.19971,0.0977,0.046696,0.0977,0.1232,0.1232,0.1742,0.1232,0.1742,0.27621,0.1232,0.021195,0.1487,0.19971,0.021195,0.072198,0.1232,0.072198,0.27621,0.27621,0.072198,0.0977,0.1742,0.32721,-0.080812,-0.15732,0.0977,0.35272,0.37822,0.27621,-0.10631,-0.004307,0.25071,-0.080812,0.1487,0.1232,0.072198,0.35272,0.40372,0.27621,0.48022,-0.41233,-0.51434,-0.15732,-0.080812,0.42922,0.50573,0.25071,0.32721,0.1487,0.25071,0.63323,-0.080812,-1.2029,0.78624,1.0413,-0.25932,-2.7075,0.70974,4.994,2.0613,-0.84586,-2.1209,-2.733,-5.3852,6.9576,-0.92237,1.0413,5.249,-1.2539,-2.6055,-3.702,1.3473,3.8464,-0.23382,-5.2576,1.0923,0.83725,-9.2104,9.8903,8.2327,-0.20832,0.1232,-6.5072,-0.28482,2.6479,0.45472,-4.5691,-1.8659,12.517,1.7298,-4.8241,-4.6201,-7.1703,2.8519,5.1215,-3.7785,-6.4307,5.7846,3.8974,1.2708,0.32721,1.1433,3.7444,-0.64185,0.25071,-5.7932,3.7189,-2.5545,-5.0536,-1.2794,-0.10631,1.3983,1.0923,5.0195,-1.8404,0.1232,3.4894,1.3983,-0.080812,-0.31033,-0.92237,-1.4324,1.4238,-7.7313,-0.46334,2.2653,1.4238,1.6788,2.3928,3.1069,0.30171,-3.5745,1.0158,0.22521,1.3983,0.60773,-4.0336,8.4367,-7.3233,-4.1356,0.046696,0.60773,1.6788,2.2398,0.73524,-0.080812,-0.89686,0.25071,1.5768,0.046696,2.2143,0.78624,-0.41233,-1.1264,-1.6109,0.83725,-0.66735,-3.1155,-1.0754,0.45472,4.3565,8.1817,-2.0699,-2.529,-1.0754,-1.4579,0.65874,0.37822,-0.28482,0.81175,0.63323,0.25071,-0.92237,-0.79486,-0.43783,-0.10631,0.58223,0.22521,0.53123,0.73524,0.60773,0.32721,0.37822,-0.13181,1.6278,1.4493,-0.25932,-0.59084,-0.56534,-0.33583,-0.46334,-0.10631,0.1742,-0.28482,0.68424,-0.46334,-0.61635,-0.029808,1.2708,3.4639,1.4748,0.072198,-1.0754,-1.2794,-1.1774,-0.20832,-0.25932,-0.59084,1.3728,1.3983,-0.43783,-0.82036,-0.46334,1.3728,1.8063,1.2198,0.0977,-1.4324,0.072198,-1.7129,2.4694,0.68424,1.2198,-1.6109,-2.376,-0.71835,1.6278,2.7754,1.2453,-0.36133,0.30171,0.046696,-0.69285,-0.46334,-2.1209,-1.5599,0.70974,0.40372,0.86275,0.68424,0.99026,0.99026,0.70974,0.25071,-0.23382,-0.23382,-0.13181,1.7553,-0.38683,-1.0754,-0.33583,0.27621,0.45472,-0.18282,0.48022,-0.10631,-0.18282,-0.10631,0.25071,0.73524,0.1232,0.046696,-0.080812,-1.1009,-0.69285,1.3473,2.1888,0.96476,0.86275,1.6533,-3.09,1.0413,-0.18282,-1.8659,-0.25932,-0.53984,-0.029808,0.55673,0.91375,0.60773,0.76074,0.35272,-0.10631,-0.25932,0.60773,0.68424,1.2453,0.1487,0.021195,-0.25932,-0.92237,-1.2029,-1.2029,-1.3304,0.99026,2.0613,1.3473,0.19971,0.45472,0.37822,-0.28482,0.021195,-0.94787,-1.4579,0.50573,0.53123,1.7298,0.50573,-0.33583,-1.1009,-0.18282,-0.25932,1.3473,0.55673,0.0977,-0.004307,-0.89686,-0.89686,0.22521,1.8063,1.7043,0.73524,-0.71835,-1.0244,-0.56534,-0.48884,-0.66735,0.072198,0.40372,1.4238,3.8719,0.40372,-1.2539,-1.7639,-0.56534,-1.5089,1.2708,0.99026,0.73524,1.0413,0.30171,-0.41233,-0.56534,-0.10631,0.22521,-0.51434,-0.41233,0.60773,0.35272,-0.029808,0.50573,1.0158,-0.38683,-0.23382,-0.05531,0.30171,-0.46334,0.76074,0.53123,-0.31033,-0.004307,-0.23382,-0.56534,0.50573,0.58223,1.4238,0.25071,-0.15732,-0.31033,-0.82036,-0.53984,-0.48884,0.072198,0.35272,1.0668,1.2453,0.22521,-0.18282,-0.10631,0.40372,0.53123,0.27621,-0.51434,-0.51434,0.86275,0.65874,-0.004307,-0.15732,-0.38683,-0.13181,0.046696,0.35272,0.58223,-0.029808,-0.029808,-0.82036,1.5513,0.70974,-0.25932,-0.61635,-0.18282,-0.15732,0.32721,-0.10631,0.25071,0.78624,-0.13181,0.78624,1.6278,0.046696,-0.92237,-0.56534,-0.38683,0.30171,0.0977,0.50573,0.78624,0.91375,0.55673,0.0977,-0.64185,0.22521,-0.64185,-0.46334,0.55673,0.37822,-0.66735,1.1688,0.35272,0.53123,-0.48884,-0.029808,-0.004307,0.83725,0.30171,-0.41233,-0.080812,-2.2229,1.9848,0.60773,-0.28482,-0.46334,-0.59084,0.91375,0.37822,1.0668,0.55673,0.072198,-0.43783,0.1742,-0.25932,-0.53984,-0.61635,-0.51434,1.0413,1.0413,1.0668,0.35272,0.046696,-0.10631,-0.41233,-0.25932,-0.76936,1.6533,0.48022,0.1742,0.55673,0.35272,-0.23382,-0.71835,-0.61635,-0.51434,0.65874,0.65874,-0.080812,0.55673,0.22521,0.76074,0.70974,0.19971,-0.18282,-0.84586,0.83725,-0.59084,-0.69285,-0.18282,0.53123,-0.080812,1.4748,-0.82036,1.7808,-0.004307,-1.0244,-0.28482,0.35272,1.3473,0.68424,-0.66735,-0.87136,-1.1519,0.60773,0.73524,0.1232,-0.31033,-0.18282,0.1487,0.58223,1.0923,0.48022,0.046696,1.2198,1.1178,-0.33583,-0.76936,-0.99887,-0.82036,-0.48884,-0.53984,0.32721,0.27621,1.5003,1.6023,0.88825,-0.18282,-0.69285,-0.15732,0.27621,-0.20832,-0.25932,-0.89686,0.81175,0.63323,1.0413,0.73524,-0.13181,0.55673,-0.69285,-0.46334,0.0977,-0.10631,0.63323,-0.33583,0.55673,0.93925,0.55673,-0.48884,-0.41233,-1.6619,-0.74385,0.76074,1.8573,0.32721,-0.41233,0.1487,1.3983,1.0668,-0.38683,-2.1209,1.7553,1.5513,1.2198,-0.23382,-1.0244,-0.56534,-0.64185,-0.28482,0.1487,-0.33583,0.86275,0.50573,0.63323,0.45472,0.78624,0.30171,-0.46334,-0.64185,-0.13181,-0.029808,0.35272,0.76074,0.83725,0.19971,-0.029808,0.53123,-0.15732,-0.51434,-0.31033,-0.029808,0.35272,0.0977,-0.13181,0.63323,0.072198,0.68424,0.25071,0.50573,0.37822,-0.05531,-0.18282,-0.029808,0.32721,-0.029808,0.072198,0.32721,0.1742,0.021195,0.37822,-0.38683,0.0977,0.63323,0.30171,-0.28482,-0.46334,0.1742,0.88825,0.86275,-0.029808,-0.33583,-0.41233,0.27621,0.78624,0.072198,0.0977,-0.33583,0.37822,1.0923,1.5768,-0.18282,-1.0754,-0.82036,-0.46334,0.22521,0.42922,0.37822,0.1232,-0.13181,-0.28482,-0.20832,0.53123,0.63323,1.5003,0.40372,0.27621,1.0923,0.73524,-0.59084,-0.82036,0.1487,0.42922,0.32721,-0.28482,-0.33583,-0.79486,-0.004307,0.68424,0.96476,0.53123,0.63323,0.45472,-0.25932,-0.66735,-0.71835,-0.20832,-0.36133,0.45472,0.91375,1.1688,0.27621,-0.28482,0.25071,0.021195,0.55673,-0.28482,-0.71835,0.58223,0.021195,-0.59084,-0.97337,2.1123,2.1633,-0.36133,-1.1009,-1.1774,-0.43783,-0.28482,0.32721,0.60773,0.45472,0.32721,0.55673,0.30171,0.0977,0.046696,0.25071,-0.53984,0.83725,0.48022,0.22521,0.25071,-1.0754,-0.28482,0.19971,0.072198,0.19971,0.25071,-0.20832,0.1232,0.40372,1.1688,-0.15732,-0.99887,-1.3304,0.60773,-0.53984,-0.46334,1.2708,0.53123,1.8828,0.93925,0.1742,-0.05531,0.021195,-0.53984,-0.66735,0.19971,0.27621,0.45472,-0.080812,-0.080812,0.046696,-0.10631,-0.029808,0.55673,0.32721,-0.18282,0.0977,0.19971,0.1232,0.0977,0.81175,2.2653,1.1178,-1.2029,-1.9424,-0.41233,0.22521,0.32721,0.93925,0.30171,-0.28482,-0.13181,0.40372,0.88825,0.072198,0.40372,-0.10631,0.60773,-1.0499,-1.0499,0.73524,1.4493,1.2963,1.0668,-0.33583,-0.13181,-0.13181,-0.13181,-0.38683,-0.080812,-0.080812,-0.33583,-0.53984,0.072198,0.50573,0.0977,0.68424,0.32721,1.1433,1.4748,0.021195,-0.94787,-0.48884,0.1487,-0.10631,0.35272,0.1742,-0.10631,0.046696,0.046696,0.32721,0.45472,0.78624,0.78624,0.19971,0.046696,-0.13181,-0.25932,-0.41233,0.046696,-0.56534,-1.1009,-0.46334,0.48022,0.73524,2.0613,1.6533,0.37822,-0.56534,-0.25932,-0.38683,-0.15732,0.53123,-0.05531,-0.71835,-0.15732,-0.28482,0.37822,0.37822,0.32721,0.27621,0.50573,-0.28482,0.76074,0.83725,0.86275,-0.080812,-0.13181,0.50573,-0.15732,-0.59084,-0.31033,-0.89686,-0.64185,-0.23382,0.30171,0.60773,2.5714,1.5513,0.046696,-0.28482,-0.28482,-0.66735,0.021195,-0.080812,0.42922,-0.080812,-0.46334,0.046696,0.37822,0.53123,0.45472,-0.05531,-0.05531,0.27621,0.58223,-0.10631,-0.79486,-0.51434,0.60773,0.88825,1.6533,0.60773,0.40372,-0.84586,-1.2284,-0.61635,-0.64185,-0.28482,0.93925,0.73524,1.3473,0.81175,-0.18282,-0.48884,-0.74385,-0.080812,0.37822,0.27621,0.35272,0.1742,0.99026,0.70974,0.27621,-0.99887,0.76074,1.0668,-0.25932,-0.97337,-1.3304,-0.080812,1.2198,1.1433,0.22521,-0.080812,0.22521,0.0977,-0.004307,-0.43783,-1.1009,-0.84586,0.50573,1.5513,1.2453,0.42922,0.0977,-0.20832,-0.080812,0.19971,-0.10631,0.22521,-0.33583,-0.029808,0.30171,0.42922,0.32721,0.76074,0.0977,0.25071,-0.41233,-0.004307,0.22521,-0.33583,-0.64185,-0.61635,-0.59084,1.3218,1.1433,0.60773,-0.13181,0.91375,1.1688,0.25071,-0.48884,-0.94787,-0.18282,0.1487,0.22521,-0.080812,0.30171,0.37822,0.22521,0.021195,-0.13181,0.072198,-0.31033,0.86275,1.2963,0.99026,-0.41233,0.35272,-0.004307,-0.20832,-0.46334,-0.31033,-0.05531,0.0977,-0.080812,-0.05531,0.45472,0.27621,0.83725,0.53123,0.30171,-0.20832,-0.13181,-0.99887,-0.004307,1.3983,-0.080812,0.1232,0.32721,-0.15732,-0.20832,-0.029808,-0.23382,0.072198,0.65874,0.73524,0.45472,0.58223,0.1742,0.1487,-0.25932,-0.33583,0.072198,-0.28482,-0.004307,-0.33583,0.86275,1.7808,1.9083,0.1487,-0.97337,-1.1264,-0.99887,-0.51434,-0.94787,0.65874,0.93925,1.4748,1.6278,0.30171,-0.74385,-0.66735,-0.46334,-0.31033,-0.13181,0.1487,0.22521,0.91375,0.65874,0.50573,0.53123,-0.18282,-0.48884,-0.41233,-0.28482,1.3983,0.78624,0.1232,-0.28482,-0.20832,0.30171,-0.10631,-0.56534,-0.10631,0.19971,0.48022,-0.33583,0.27621,1.5003,0.55673,-0.004307,0.021195,0.046696,-0.38683,-0.41233,0.53123,0.73524,0.60773,0.27621,0.1487,0.65874,-0.28482,-0.71835,-0.48884,-0.20832,0.30171,-0.20832,0.42922,0.27621,0.45472,0.86275,-0.05531,-0.05531,-0.10631,-0.004307,0.021195,-0.080812,-0.004307,0.48022,1.2963,0.35272,0.0977,0.021195,-0.48884,-0.31033,-0.33583,0.1742,0.68424,0.072198,0.19971,0.73524,0.35272,-0.66735,-0.10631,0.50573,0.53123,0.73524,-0.20832,-0.080812,0.35272,0.30171,-0.029808,-0.36133,-0.13181,0.63323,0.046696,0.40372,0.58223,0.48022,-0.31033,-0.43783,0.046696,-0.05531,-0.080812,-0.20832,0.42922,0.88825,0.70974,0.55673,-0.004307,-0.61635,-0.76936,-0.080812,0.60773,0.73524,-0.31033,-0.48884,0.93925,1.2198,0.55673,0.1232,-0.23382,-0.53984,-0.74385,-0.36133,0.48022,-0.38683,0.42922,1.0923,2.0358,-0.41233,-0.23382,-0.18282,0.046696,-0.10631,-0.53984,0.35272,0.50573,0.25071,-0.15732,0.1232,-0.05531,0.53123,0.25071,1.0668,0.88825,-0.23382,-0.31033,-0.38683,-0.38683,-0.43783,-0.36133,0.35272,0.58223,0.76074,0.37822,0.1742,0.48022,0.25071,-0.43783,-0.84586,0.35272,0.072198,-0.36133,0.19971,0.072198,1.2708,0.93925,0.42922,-0.59084,-0.31033,-0.36133,-0.38683,-0.13181,0.65874,0.37822,0.1742,0.83725,0.50573,0.30171,0.046696,-0.33583,-0.53984,-0.56534,-0.05531,0.42922,0.91375,0.072198,0.58223,0.40372,0.1742,-0.41233,-0.38683,-0.38683,-0.13181,0.27621,-0.080812,1.3473,0.81175,0.32721,0.58223,-0.48884,-0.79486,-0.029808,0.22521,0.48022,0.1742,0.40372,-0.33583,0.046696,0.58223,0.58223,0.19971,0.35272,0.072198,-0.87136,-0.43783,0.0977,0.0977,0.22521,-0.080812,0.19971,0.68424,0.93925,0.42922,-1.0244,0.68424,0.83725,0.37822,-0.23382,-0.69285,0.1232,0.1742,0.55673,0.60773,0.19971,-0.31033,-0.51434,-0.56534,-0.28482,0.88825,2.1123,0.45472,-0.56534,-0.33583,-0.97337,-0.28482,-0.23382,0.1487,-0.64185,1.5513,1.7553,1.9848,0.88825,-0.69285,-2.1464,-0.080812,0.25071,-0.41233,-0.10631,0.072198,0.63323,0.63323,0.55673,0.37822,0.072198,-0.13181,-0.080812,-0.10631,1.0158,0.83725,-0.15732,-0.13181,-0.31033,0.27621,-0.029808,0.68424,0.27621,0.1232,-0.38683,-1.8659,-0.33583,0.42922,0.70974,0.78624,-0.080812,0.83725,0.63323,0.22521,-1.1519,0.1487,-0.20832,0.32721,0.83725,0.27621,0.19971,0.046696,0.046696,-0.10631,-0.38683,0.42922,1.3728,-1.2029,2.6479,0.35272,-0.64185,-0.94787,-0.76936,-0.25932,-0.25932,0.45472,-0.25932,0.021195,0.91375,0.91375,0.48022,-0.25932,0.63323,0.50573,0.1232,-0.13181,-0.23382,0.53123,0.32721,-0.080812,-0.25932,-0.28482,-0.28482,0.021195,0.63323,1.2963,-0.28482,0.1232,-0.10631,-0.74385,-0.36133,0.021195,0.37822,0.35272,-1.2794,2.0613,0.65874,0.0977,0.35272,-0.28482,0.73524,-0.64185,-0.15732,-1.2794,-0.28482,0.19971,-0.48884,-0.004307,0.76074,1.2963,1.2963,1.7043,0.1232,-1.2029,-1.0499,-0.64185,0.0977,0.45472,0.53123,0.25071,0.1487,-0.004307,0.021195,-0.23382,0.0977,0.53123,0.70974,0.48022,-0.029808,-0.33583,0.046696,0.60773,0.1742,0.96476,-0.97337,1.2453,0.42922,-0.59084,-0.43783,-0.48884,0.25071,0.072198,-0.25932,-0.28482,0.40372,1.3983,0.78624,0.046696,-0.38683,-2.2229,1.6278,0.83725,0.60773,0.76074,-1.2794,1.5513,0.91375,-0.69285,-1.3559,0.1232,-0.36133,-0.53984,-0.51434,0.68424,0.96476,0.65874,0.53123,0.27621,0.50573,0.0977,0.58223,-0.029808,0.046696,-0.029808,-0.46334,-0.18282,0.046696,0.60773,-0.029808,0.30171,0.40372,-0.13181,-0.87136,0.30171,0.68424,0.76074,-0.18282,0.22521,0.58223,0.37822,0.021195,-0.66735,-0.53984,-0.05531,0.35272,0.93925,-2.3505,2.6989,1.3218,-0.46334,-0.15732,-0.94787,0.50573,0.96476,0.45472,0.1487,-0.51434,-0.41233,-0.080812,0.40372,0.37822,0.072198,0.27621,0.60773,1.0668,-0.080812,-0.38683,-0.10631,0.1232,-0.004307,-0.10631,-0.56534,-0.48884,0.53123,0.76074,0.68424,-0.25932,1.5513,0.78624,0.1232,-0.15732,-2.1719,1.1433,0.22521,-0.64185,-0.10631,-0.05531,0.19971,0.0977,0.37822,1.1433,0.78624,1.1433,-1.1009,-0.48884,0.32721,0.072198,0.22521,0.1232,0.45472,0.42922,0.22521,-0.46334,-0.28482,-0.10631,0.78624,-0.15732,0.021195,0.63323,0.68424,0.22521,-0.004307,0.19971,0.30171,-0.23382,0.25071,-0.25932,-0.43783,0.35272,-0.05531,0.50573,-0.004307,-0.33583,0.27621,0.68424,0.48022,0.42922,-0.31033,0.50573,0.19971,0.072198,-0.10631,-0.23382,0.021195,0.22521,-0.05531,-0.46334,-0.28482,-0.029808,-0.38683,-0.004307,0.58223,0.76074,0.88825,0.30171,0.27621,-0.13181,-0.51434,-0.10631,0.63323,0.25071,-0.18282,-0.46334,-0.080812,0.58223,0.68424,0.42922,0.072198,0.25071,0.1487,0.42922,0.1232,0.19971,0.1487,-0.28482,-0.79486,0.81175,-2.0699,2.1123,2.1888,0.22521,0.37822,-0.23382,-0.33583,0.1487,0.1487,-0.18282,-0.76936,0.021195,-0.05531,1.1433,-0.28482,-0.48884,-0.89686,2.7499,2.4183,1.3728,0.25071,-0.99887,-1.4579,-0.46334,-1.0499,-0.87136,-0.38683,0.27621,0.86275,0.76074,0.021195,0.50573,2.0358,0.73524,0.37822,0.40372,1.2198,0.37822,-1.1519,-2.0699,-0.43783,0.50573,-0.59084,-0.53984,1.1178,0.27621,0.91375,2.2908,-0.10631,-2.1209,-0.74385,0.73524,1.6278,2.8264,-0.92237,-3.2685,-0.99887,1.3983,1.2963,0.58223,-0.33583,-1.7894,2.3673,0.046696,-0.13181,0.1232,0.86275,0.32721,-0.28482,-0.10631,-0.029808,0.42922,-0.15732,-0.23382,-0.029808,0.1232,0.30171,0.19971,1.2453,0.70974,0.35272,0.0977,1.1433,0.50573,-0.25932,-1.1264,-1.2029,-0.76936,-0.28482,0.48022,-0.48884,1.3218,0.88825,0.32721,0.65874,-0.20832,3.8209,1.3218,-3.243,-0.99887,0.0977,1.5003,0.78624,0.1487,-0.46334,-0.31033,0.1742,-0.74385,-0.23382,0.78624,1.4493,-0.004307,-0.69285,-0.59084,-1.7129,1.4748,1.0923,0.78624,0.68424,0.1232,0.40372,-0.029808,-0.82036,0.072198,0.42922,0.1742,-0.84586,-0.61635,0.37822,0.30171,-0.029808,0.1742,0.50573,0.99026,1.1688,0.27621,-0.15732,-0.10631,0.1742,-0.080812,-0.76936,-1.1009,2.4438,-0.23382,-1.0754,-0.38683,0.78624,-0.029808,0.22521,0.63323,0.37822,-0.05531,-0.15732,0.1232,0.072198,1.3218,-0.51434,-0.74385,0.046696,0.73524,1.2963,0.86275,0.27621,0.021195,-0.33583,-0.48884,-0.48884,-0.13181,0.27621,0.53123,0.99026,0.68424,0.1742,-1.3049,-0.15732,-0.080812,-0.38683,0.73524,1.7043,1.6533,0.19971,-0.79486,-1.5599,-1.4324,-0.92237,0.046696,1.0413,2.0613,1.2963,0.93925,0.81175,0.27621,-0.28482,-0.61635,-0.92237,-0.28482,-0.41233,1.7043,0.32721,1.1688,0.30171,-0.38683,-1.1774,0.021195,0.25071,0.73524,1.0158,0.60773,-0.004307,-0.56534,-1.3049,-0.59084,-0.51434,0.96476,0.40372,0.25071,0.40372,0.55673,1.1943,0.53123,0.1742,0.35272,-0.51434,-1.0499,-0.38683,0.60773,0.58223,0.45472,0.32721,0.22521,-0.38683,0.86275,0.1742,-0.23382,0.58223,0.1232,-0.10631,-0.18282,-0.69285,-0.05531,-0.92237,1.0923,0.93925,2.7499,-1.9424,1.1178,-0.46334,-1.3049,-1.8149,-1.0754,0.1487,0.27621,1.1433,1.6023,1.2963,-0.004307,-0.10631,-0.004307,0.0977,0.37822,0.58223,-0.15732,-0.38683,-0.18282,0.1232,0.60773,0.68424,-0.10631,-0.46334,-0.080812,-0.13181,-0.004307,0.83725,-0.15732,1.1178,0.0977,0.1742,-0.76936,-0.74385,-0.41233,0.42922,0.81175,0.046696,0.021195,0.42922,0.072198,0.19971,0.60773,-0.89686,2.5204,0.58223,-2.733,0.73524,0.072198,-0.41233,-0.080812,-0.10631,0.1232,-0.05531,-0.69285,1.5768,2.3163,1.3728,0.19971,-0.89686,-0.94787,-0.92237,-0.48884,-1.3559,0.88825,-1.3814,2.6479,1.0413,-1.3559,0.37822,1.0923,1.1433,1.6533,0.42922,-1.7384,-0.080812,-0.080812,-3.396,3.8719,1.7043,-0.28482,-0.64185,-0.56534,-0.53984,-1.3049,-0.25932,0.19971,0.25071,0.42922,0.81175,1.5003,0.072198,-0.36133,-0.18282,0.072198,0.021195,-0.004307,0.30171,0.021195,1.5003,1.3473,0.93925,0.70974,-0.004307,-0.43783,-1.2539,-1.3559,-2.0444,1.4493,-0.94787,-1.5089,-0.48884,3.4129,1.2453,2.2143,0.70974,-0.71835,-0.33583,0.27621,-0.20832,-0.82036,-0.82036,-0.56534,0.19971,0.63323,0.27621,0.35272,0.35272,0.53123,1.3983,0.55673,-0.20832,0.50573,-0.38683,-1.2284,-0.53984,0.0977,-1.9424,-0.59084,1.7043,1.3728,1.9593,1.1688,-2.0444,0.70974,-0.46334,0.27621,-0.53984,-0.82036,-0.61635,-0.82036,-0.25932,0.63323,0.96476,1.0413,0.30171,0.81175,0.35272,-0.10631,-0.33583,-0.080812,0.27621,0.22521,-0.66735,-0.59084,-0.71835,0.83725,1.2708,0.65874,-0.004307,-0.94787,-0.48884,0.63323,1.5513,1.0413,-0.13181,-0.28482,-0.46334,-2.376,1.5768,-0.53984,-0.87136,0.1232,1.2453,1.5768,1.9593,0.68424,-0.66735,-0.69285,-0.28482,-0.20832,0.65874,-0.99887,-0.004307,0.55673,-2.1719,1.3983,0.93925,1.0923,0.55673,-0.43783,-0.18282,0.1742,0.19971,0.65874,-1.6874,-0.71835,-0.56534,1.1178,0.99026,0.25071,0.48022,0.53123,1.5258,1.0158,0.25071,-1.3304,-0.48884,-2.0954,1.9593,0.48022,-0.20832,-0.76936,0.53123,0.1232,0.1742,0.68424,0.70974,0.25071,0.37822,-0.69285,-0.82036,0.25071,0.65874,1.1688,0.021195,0.63323,-0.18282,-0.53984,-0.004307,0.68424,0.60773,-0.13181,-0.38683,-0.48884,0.37822,-0.38683,-0.28482,0.70974,2.3673,1.7298,0.046696,-0.46334,-1.2029,-1.0499,-0.18282,0.93925,0.37822,0.68424,0.046696,-0.92237,0.45472,0.55673,0.96476,0.76074,0.35272,0.1232,0.27621,-0.48884,-0.87136,-0.66735,-1.5089,0.046696,0.91375,4.7135,1.1178,-0.84586,-1.4834,-0.51434,-0.43783,-0.56534,0.53123,-0.64185,-0.15732,0.19971,1.9593,2.3163,1.1688,-0.38683,-1.3814,-0.74385,-0.33583,-0.10631,-0.61635,0.53123,0.76074,1.7043,0.78624,0.1232,-1.0499,-0.92237,-0.18282,0.50573,1.1433,-0.05531,-1.6619,0.78624,1.3473,1.3983,0.42922,-0.25932,-0.74385,-0.004307,-0.28482,0.1232,0.42922,0.0977,-0.28482,0.046696,-0.029808,0.072198,0.50573,0.22521,-0.13181,0.25071,0.55673,0.40372,0.76074,1.0158,0.48022,-0.31033,-0.82036,-0.89686,-0.87136,0.25071,0.072198,0.25071,0.78624,0.99026,0.32721,-2.478,1.7043,0.45472,0.83725,0.58223,-0.10631,0.42922,-0.71835,-0.46334,-0.25932,-0.23382,0.1742,0.1487,0.072198,0.68424,1.2963,0.93925,0.32721,-0.59084,-0.66735,-0.25932,-0.13181,0.70974,-0.080812,-0.43783,0.072198,0.76074,0.96476,0.48022,0.37822,-0.10631,-0.15732,-0.13181,-0.66735,-0.74385,0.19971,0.53123,0.93925,1.2963,0.30171,-0.080812,0.45472,-0.82036,-0.004307,0.32721,-0.004307,-0.05531,0.96476,0.1232,-0.28482,-0.13181,-0.05531,-0.080812,-0.13181,0.046696,-0.05531,0.30171,0.58223,0.53123,0.42922,0.40372,-0.004307,0.072198,0.58223,0.19971,-0.59084,0.45472,0.55673,-0.13181,-0.48884,-0.36133,-0.080812,0.30171,0.37822,-0.029808,0.32721,0.50573,0.1742,0.046696,0.48022,0.83725,1.4748,-0.41233,-1.1774,-0.25932,-0.004307,-0.46334,0.35272,0.50573,0.42922,-0.004307,-0.15732,0.22521,0.53123,0.73524,0.42922,0.37822,-0.28482,-0.53984,0.40372,-0.51434,-0.66735,0.046696,0.73524,0.73524,0.42922,0.83725,-0.64185,-0.23382,-0.28482,1.1688,0.78624,0.1232,-0.13181,-0.61635,-0.080812,0.30171,-0.029808,-0.41233,0.072198,1.1688,1.4493,0.37822,-2.1974,0.37822,1.2453,-0.36133,-0.43783,-0.10631,0.91375,0.81175,0.19971,0.046696,-0.38683,0.1232,0.1487,0.072198,0.22521,0.1232,-0.05531,-0.05531,0.45472,-0.080812,0.046696,0.30171,-0.004307,-0.15732,0.58223,1.0413,0.86275,-0.029808,-1.1519,-0.33583,0.1232,1.5003,-1.2539,-0.97337,0.27621,0.91375,1.0923,1.1433,0.50573,-0.25932,-0.10631,-0.13181,0.27621,0.40372,0.40372,-0.33583,-1.1009,1.0158,0.32721,0.35272,0.50573,0.42922,-0.029808,-0.59084,-0.15732,0.35272,-0.004307,-0.59084,0.1232,0.81175,0.65874,0.45472,0.78624,0.32721,0.32721,-0.029808,-0.38683,0.021195,0.60773,0.83725,-0.69285,-0.43783,0.1232,0.25071,0.072198,-0.53984,-0.23382,0.88825,0.53123,0.19971,0.0977,0.1487,0.072198,-0.33583,0.73524,0.40372,-0.004307,0.0977,0.37822,0.22521,-0.31033,-0.029808,0.1487,0.35272,0.48022,0.48022,-0.029808,-0.28482,-0.28482,-0.41233,-0.15732,0.1232,0.1232,0.68424,0.81175,0.86275,0.072198,-0.029808,-0.029808,-0.25932,0.37822,0.32721,0.63323,0.42922,0.1232,-0.56534,-0.080812,0.072198,-0.56534,-0.59084,-0.080812,0.70974,0.93925,1.1943,1.1943,0.55673,-0.53984,-0.61635,0.021195,-1.0244,-1.4324,1.3218,1.1943,0.93925,0.58223,0.27621,-0.029808,-0.43783,-0.43783,0.1487,0.63323,0.35272,0.0977,0.072198,0.63323,0.60773,-0.89686,-1.0499,-0.41233,1.1178,0.42922,0.046696,0.27621,0.88825,0.30171,0.30171,0.37822,-0.31033,-0.71835,-0.18282,0.1742,-0.029808,0.48022,1.0413,0.73524,0.25071,-0.13181,-0.18282,0.19971,0.30171,-0.25932,-0.23382,-0.029808,0.25071,0.96476,0.60773,0.072198,-0.28482,-0.13181,-0.05531,-0.15732,0.53123,0.1487,-0.53984,0.32721,0.58223,0.78624,0.48022,0.25071,-0.18282,-0.13181,-0.51434,-0.51434,0.046696,0.37822,0.65874,0.0977,-0.48884,-0.13181,0.42922,1.0413,0.021195,-0.28482,0.27621,0.78624,0.60773,0.53123,0.83725,-0.28482,-0.99887,-0.71835,-0.080812,-0.28482,0.22521,0.65874,1.0413,1.4238,0.86275,0.65874,-1.1264,-0.33583,-0.38683,-0.080812,0.046696,0.046696,0.1742,0.76074,0.70974,0.32721,0.91375,0.0977,-0.080812,-0.48884,-0.41233,-0.20832,0.046696,0.30171,0.81175,0.1232,0.53123,0.68424,0.50573,0.25071,-0.080812,-0.46334,-0.080812,0.30171,0.96476,-0.31033,-0.87136,-0.56534,0.22521,0.37822,0.63323,0.73524,0.58223,0.32721,-0.61635,-0.15732,0.19971,0.65874,0.25071,-0.59084,0.0977,-0.029808,0.35272,0.42922,0.48022,-0.029808,-0.004307,0.19971,0.53123,0.55673,-0.36133,-0.61635,-0.53984,-0.36133,-0.61635,1.1943,1.7043,1.2963,-0.05531,-0.92237,-0.71835,0.072198,0.1487,0.40372,0.58223,0.76074,0.1742,0.30171,-0.13181,-0.56534,-0.48884,-0.20832,0.30171,0.37822,0.35272,0.37822,0.78624,0.1232,0.37822,0.046696,-0.94787,0.35272,0.19971,-0.05531,0.96476,0.42922,0.1742,-0.74385,-0.56534,0.1232,0.1742,0.37822,0.32721,0.1487,-0.10631,-0.080812,0.32721,0.48022,0.40372,0.1742,0.48022,0.58223,0.37822,-0.080812,-0.13181,-0.23382,-0.46334,-0.51434,0.021195,0.55673,1.0158,0.73524,0.021195,-0.43783,-0.15732,0.0977,-0.13181,-0.15732,-0.004307,0.60773,0.25071,0.072198,0.1232,0.0977,-0.38683,-0.41233,0.53123,0.60773,0.86275,0.88825,0.046696,-0.18282,-0.48884,-0.61635,0.046696,-0.13181,0.25071,0.81175,1.3473,0.37822,-0.31033,-0.48884,-0.38683,0.30171,0.35272,-0.004307,-0.33583,-0.28482,0.19971,0.91375,1.1433,0.1742,-0.029808,-0.25932,0.072198,0.58223,0.50573,0.1487,0.1487,-0.18282,0.021195,0.1487,-0.080812,-0.18282,0.072198,0.53123,-0.23382,-0.25932,0.046696,0.45472,0.99026,-0.23382,-0.23382,-0.23382,0.91375,0.22521,-0.10631,-0.46334,0.021195,-0.13181,0.021195,0.73524,1.1688,-0.59084,0.48022,0.53123,-0.23382,-0.71835,0.32721,0.93925,0.30171,-0.13181,-0.23382,0.1232,-0.080812,0.046696,0.072198,-0.15732,0.37822,0.70974,0.30171,0.32721,-0.23382,-0.41233,0.072198,0.53123,0.50573,0.65874,-0.13181,-0.13181,0.22521,0.32721,0.021195,-0.46334,-0.59084,-0.56534,1.0413,1.5258,0.42922,-0.080812,0.32721,0.55673,-0.36133,-0.25932,-0.43783,-0.10631,0.1232,0.30171,0.072198,0.046696,0.48022,0.40372,0.81175,0.27621,-0.46334,0.73524,0.30171,-0.15732,-0.18282,-0.029808,-0.28482,-0.05531,-0.53984,-0.28482,0.63323,1.1943,0.32721,0.45472,0.072198,0.50573,0.072198,0.30171,0.27621,-0.20832,-0.05531,-0.46334,-0.53984,-0.33583,0.19971,0.99026,1.5003,1.0158,0.70974,-0.13181,-0.46334,-0.74385,-0.99887,-0.48884,0.19971,0.76074,0.83725,-0.20832,0.32721,0.35272,-0.080812,0.83725,1.2198,0.1742,-0.51434,-0.76936,-0.080812,0.35272,0.30171,-0.05531,-0.43783,0.58223,0.27621,0.046696,0.1487,0.58223,0.42922,0.68424,-0.15732,-0.18282,-0.004307,0.19971,0.021195,-0.15732,-0.080812,-0.18282,0.19971,0.32721,0.88825,0.68424,0.1232,-0.029808,-0.004307,-0.18282,-0.10631,-0.05531,0.25071,0.1232,0.25071,0.19971,-0.004307,0.021195,-0.029808,0.37822,0.63323,0.76074,0.1232,-0.080812,-0.25932,-0.10631,-0.004307,0.50573,0.32721,0.35272,-0.13181,-0.48884,-0.28482,0.27621,0.32721,0.48022,0.32721,0.021195,0.42922,0.86275,-0.36133,-0.53984,0.021195,0.25071,-0.13181,-0.05531,0.32721,0.81175,0.48022,0.1487,0.22521,-0.05531,-0.61635,-0.36133,0.046696,1.0158,1.0668,0.91375,-0.61635,-1.2029,-0.94787,-0.46334,0.30171,1.1178,0.96476,0.30171,0.30171,0.63323,0.81175,0.0977,-0.51434,-0.56534,-0.61635,0.021195,0.37822,0.65874,0.25071,-0.28482,0.40372,0.68424,-0.004307,-0.029808,-0.080812,0.63323,0.88825,0.58223,-0.51434,-1.2029,-1.1519,-0.82036,0.0977,1.2453,1.7553,1.1943,0.0977,-0.28482,-0.79486,-0.43783,-0.36133,-0.41233,0.1232,1.1433,2.1123,0.73524,0.0977,-0.51434,-0.51434,-0.51434,-0.64185,-0.46334,0.27621,0.83725,1.2198,0.30171,0.1232,-0.38683,0.30171,0.0977,0.1487,0.021195,0.22521,-0.13181,-0.43783,0.42922,0.48022,0.60773,0.93925,0.072198,-0.66735,-0.99887,-0.53984,0.1232,0.99026,0.73524,0.35272,0.22521,0.42922,-0.004307,-0.029808,0.1487,0.30171,0.1742,0.0977,0.0977,0.1742,-0.10631,-0.20832,-0.080812,0.0977,0.48022,0.58223,0.30171,0.30171,0.25071,0.99026,0.22521,-0.31033,-0.89686,-0.51434,-0.38683,0.32721,0.60773,1.6533,0.30171,-0.31033,0.1742,0.1232,-0.20832,-0.25932,-0.20832,-0.36133,0.1487,0.50573,0.99026,0.78624,0.1487,-0.25932,0.1232,0.58223,0.48022,-0.004307,-0.31033,-0.46334,-0.080812,0.42922,0.22521,-0.28482,-0.38683,0.58223,0.0977,0.50573,0.48022,0.32721,0.86275,1.1943,-0.029808,-0.51434,-0.46334,-0.15732,-0.20832,-0.13181,0.021195,0.35272,0.021195
0.072198,0.1232,0.22521,0.27621,0.25071,0.19971,0.0977,0.1232,0.0977,0.1487,0.1232,0.22521,0.22521,0.1487,0.1487,0.1742,0.19971,0.1742,0.046696,0.046696,0.1487,0.1487,0.1742,0.1742,0.25071,0.1487,0.1742,0.1487,0.1232,-0.029808,0.072198,0.1232,0.1487,0.19971,0.27621,0.25071,0.046696,0.0977,0.0977,-0.004307,0.0977,0.1232,0.22521,0.1232,0.1232,0.1742,0.22521,0.1742,0.0977,0.021195,0.072198,0.22521,0.1742,0.1742,0.1742,0.25071,0.1742,0.1232,0.072198,-0.029808,0.072198,0.1742,0.30171,0.1742,0.0977,0.27621,0.19971,0.1232,0.046696,0.072198,0.0977,0.072198,0.19971,0.27621,0.22521,0.072198,0.1742,0.19971,0.072198,0.021195,0.0977,0.1742,0.30171,0.19971,0.22521,0.1232,0.1232,0.1232,0.1487,0.072198,-0.004307,0.1232,0.22521,0.25071,0.22521,0.1232,0.072198,0.0977,0.1487,0.072198,0.072198,0.0977,0.27621,0.1742,0.25071,0.1487,0.046696,0.0977,0.22521,0.072198,0.021195,0.1232,0.25071,0.30171,0.22521,0.19971,0.021195,0.0977,0.1742,0.046696,-0.004307,0.0977,0.1487,0.25071,0.32721,0.1487,0.072198,0.021195,0.072198,0.0977,0.1487,0.25071,0.32721,0.22521,0.1742,0.021195,0.0977,0.1487,0.0977,0.021195,0.1232,0.19971,0.22521,0.27621,0.1487,0.1232,0.1742,0.1487,0.1232,-0.10631,-0.029808,0.27621,0.42922,0.40372,0.22521,0.021195,-0.029808,0.1232,0.1232,0.021195,-0.13181,-0.004307,0.40372,0.55673,0.50573,0.27621,-0.20832,0.072198,0.072198,0.046696,0.1232,-0.080812,0.40372,0.0977,0.1742,0.25071,0.53123,-0.23382,-0.18282,-0.080812,0.072198,0.32721,0.22521,0.1232,0.046696,0.1742,0.1742,0.50573,0.1232,0.32721,-0.28482,0.072198,0.19971,0.91375,-0.89686,-1.0244,0.83725,1.2963,0.1487,-2.2995,0.91375,1.0158,0.19971,0.1232,-0.79486,-0.69285,-0.48884,-3.4725,8.0542,6.7281,-3.7275,-3.702,0.83725,0.60773,-0.66735,-1.6619,-1.2029,-1.9679,-2.3505,1.1178,1.7553,8.6662,4.229,-3.651,0.48022,-0.48884,-1.1009,-0.59084,-6.0227,2.6224,5.9376,0.32721,-3.039,-3.5745,-0.38683,5.3,5.4785,-1.6874,-6.0992,-1.0499,0.1232,-2.0189,6.1416,2.1633,-0.87136,-0.66735,-0.004307,-2.58,-1.2794,-0.43783,-0.15732,0.68424,0.63323,-3.7785,6.5751,3.6679,-1.0499,-1.3049,-2.0954,0.73524,2.4694,-0.029808,-1.9424,-1.2029,0.1742,2.0103,1.2453,-0.43783,-1.0244,-0.97337,-0.69285,-0.69285,0.27621,0.63323,0.91375,1.0158,0.68424,1.4493,0.60773,1.3473,0.32721,-0.92237,-1.0754,-0.56534,0.0977,0.37822,-0.33583,-0.51434,-0.46334,-0.38683,0.48022,0.55673,0.32721,0.30171,0.25071,0.50573,0.60773,0.1742,0.1232,0.1487,-0.10631,0.0977,-0.080812,0.30171,0.70974,0.046696,0.45472,0.0977,-0.38683,0.1487,-0.43783,-0.38683,0.072198,0.35272,0.27621,0.40372,0.32721,0.35272,0.27621,0.19971,-0.004307,-0.15732,0.35272,0.42922,0.021195,-0.74385,0.37822,0.88825,0.25071,-0.33583,-0.41233,-0.38683,0.30171,0.50573,0.42922,0.021195,0.1742,0.021195,-0.15732,-0.66735,1.0668,0.78624,0.32721,-0.38683,0.63323,0.86275,0.1232,-0.46334,-0.69285,-0.33583,-0.18282,0.1742,0.50573,0.63323,0.32721,0.1487,0.48022,0.68424,-0.28482,-0.05531,-0.004307,0.19971,0.27621,-0.029808,-0.28482,-0.41233,0.30171,0.50573,0.1232,0.19971,0.27621,-0.38683,0.1232,0.78624,0.88825,-0.05531,0.27621,0.046696,-1.0499,0.65874,0.73524,0.1487,-0.10631,-0.36133,0.22521,0.27621,-0.004307,0.072198,-0.029808,0.1232,0.1742,0.60773,0.68424,-0.23382,-0.18282,0.40372,0.021195,-0.05531,-0.080812,0.30171,0.42922,0.1742,0.1487,-0.25932,-0.18282,-0.05531,0.32721,0.046696,0.42922,0.1487,0.50573,0.42922,-0.080812,-0.15732,0.45472,0.072198,-0.25932,-0.20832,1.1433,0.37822,-0.33583,-0.20832,0.63323,0.53123,0.22521,-0.20832,-0.59084,0.25071,0.22521,0.32721,-0.48884,-0.18282,0.48022,0.25071,0.63323,0.046696,0.1487,0.40372,0.68424,0.19971,-0.080812,0.021195,0.1487,0.37822,0.22521,-0.18282,0.021195,0.60773,-0.004307,-0.51434,-0.48884,-0.23382,0.37822,0.76074,0.88825,0.68424,0.40372,-0.31033,-0.41233,0.22521,0.021195,-0.38683,-0.66735,-0.15732,0.55673,1.5003,0.42922,0.1232,0.30171,-0.46334,-0.38683,0.50573,0.50573,0.30171,0.072198,-0.36133,-0.004307,0.55673,-0.15732,-0.31033,-0.05531,0.93925,0.53123,0.072198,-0.36133,-0.029808,0.0977,0.1232,0.27621,0.35272,-0.18282,0.63323,0.32721,0.27621,-0.33583,-0.36133,0.30171,0.53123,0.81175,-0.13181,-0.080812,0.1232,0.1232,-0.18282,-0.31033,-0.15732,0.22521,0.73524,0.83725,0.072198,-0.15732,-0.080812,0.53123,0.78624,0.0977,-0.23382,-0.25932,-0.25932,-0.18282,0.68424,0.58223,0.32721,0.072198,0.021195,-0.13181,0.30171,0.45472,0.25071,-0.080812,-0.33583,-0.25932,-0.10631,0.30171,1.0158,0.55673,0.046696,-0.004307,-0.10631,-0.10631,0.1487,0.072198,-0.029808,0.021195,0.1487,0.68424,0.58223,0.86275,-0.10631,-0.13181,-0.38683,-0.029808,0.1487,-0.10631,0.1232,0.50573,1.0923,0.072198,-0.31033,-0.36133,-0.05531,0.32721,0.25071,0.30171,-0.004307,0.1232,0.072198,0.0977,0.30171,0.42922,0.37822,0.1232,-0.28482,-0.004307,0.68424,0.76074,-0.080812,-0.20832,-0.080812,-0.25932,0.0977,0.22521,0.48022,0.27621,0.22521,-0.004307,0.60773,-0.004307,-0.13181,-0.10631,-0.080812,-0.31033,0.1742,1.3983,0.96476,0.25071,-0.28482,-0.36133,-0.23382,-0.38683,-0.05531,-0.15732,0.42922,-0.004307,0.70974,0.65874,0.32721,0.53123,0.45472,0.48022,-0.59084,-1.0244,-0.89686,-0.13181,0.60773,0.86275,0.45472,0.63323,0.0977,-0.10631,-0.029808,-0.004307,-0.080812,-0.13181,0.53123,1.1688,0.25071,-0.004307,-0.13181,-0.080812,-0.15732,-0.10631,-0.10631,0.1232,0.1487,0.0977,0.65874,0.021195,-0.25932,-0.33583,-0.13181,0.25071,0.63323,0.32721,0.25071,0.78624,0.86275,-0.004307,-0.080812,-0.28482,-0.029808,-0.41233,-0.43783,0.1232,0.86275,0.35272,-0.05531,-0.18282,-0.080812,0.25071,0.25071,-0.004307,0.072198,0.22521,0.35272,0.1232,0.53123,0.91375,0.1487,-0.13181,-0.53984,-0.46334,-0.05531,0.60773,0.27621,0.25071,-0.004307,0.27621,-0.48884,-0.029808,0.73524,1.0413,0.072198,-0.38683,-0.46334,0.1232,0.072198,0.021195,0.19971,0.53123,0.93925,0.40372,-0.28482,-0.13181,0.25071,0.35272,-0.25932,-0.080812,-0.080812,0.072198,0.22521,0.37822,-0.029808,0.22521,0.63323,0.22521,-0.79486,0.19971,0.88825,0.91375,-0.53984,-0.94787,-0.38683,-0.029808,0.58223,0.50573,0.27621,0.48022,0.63323,0.27621,-0.13181,0.046696,-0.029808,-0.15732,0.072198,-0.080812,0.48022,0.40372,-0.18282,0.0977,0.22521,0.32721,-0.080812,0.1742,0.021195,0.25071,0.81175,0.60773,-0.31033,-0.41233,-0.38683,0.0977,0.76074,0.60773,0.046696,-0.13181,-0.31033,-0.13181,0.1487,0.32721,0.32721,0.48022,0.30171,0.22521,0.40372,0.27621,0.37822,0.1487,-0.41233,-0.28482,-0.51434,0.1742,0.32721,0.1232,0.53123,1.2453,0.73524,0.22521,-0.59084,-0.56534,-0.18282,-0.23382,-0.004307,0.68424,0.35272,0.25071,0.19971,0.27621,0.70974,-0.10631,-0.61635,-0.18282,0.73524,0.55673,-0.38683,-0.004307,0.32721,0.32721,-0.10631,-0.18282,0.25071,0.48022,0.35272,0.55673,0.0977,0.25071,-0.004307,0.48022,-0.10631,-0.080812,0.22521,0.046696,-0.28482,-0.13181,0.1232,0.0977,0.48022,0.22521,-0.05531,0.55673,0.22521,0.27621,-0.33583,0.48022,0.48022,0.046696,-0.33583,-0.004307,0.35272,0.35272,-0.46334,-0.38683,0.37822,0.73524,0.63323,-0.15732,0.19971,0.32721,-0.43783,-0.61635,-0.10631,1.0923,0.19971,0.19971,0.32721,0.35272,0.73524,0.19971,-0.59084,-0.10631,0.1232,-0.13181,-0.029808,-0.080812,0.021195,0.19971,0.19971,0.55673,0.86275,-0.10631,-0.10631,-0.28482,0.48022,-0.23382,-0.41233,0.32721,1.1688,0.63323,-0.31033,-0.18282,-0.004307,-0.05531,0.0977,0.22521,0.42922,0.1232,0.22521,0.25071,-0.080812,-0.13181,-0.51434,0.19971,0.70974,-0.13181,-0.05531,0.25071,0.48022,0.50573,0.78624,0.63323,-0.080812,-0.28482,-0.23382,-0.33583,-0.13181,-0.15732,0.70974,0.046696,0.19971,-0.13181,0.48022,0.63323,0.48022,-0.25932,-0.05531,0.32721,-0.41233,-0.029808,0.42922,0.1742,-0.004307,0.25071,-0.38683,0.30171,0.93925,0.88825,-0.10631,-0.53984,-0.36133,-0.18282,-0.23382,-0.029808,0.50573,0.58223,0.60773,0.27621,0.37822,-0.38683,-0.61635,-0.28482,0.22521,0.1487,0.48022,0.1232,0.0977,0.37822,0.22521,-0.080812,0.27621,0.37822,0.37822,-0.31033,-0.76936,0.88825,0.42922,0.1232,0.021195,0.072198,-0.15732,-0.18282,-0.13181,0.25071,0.60773,0.30171,0.32721,1.3473,0.1232,-0.69285,-0.51434,-0.13181,0.35272,0.021195,0.0977,0.35272,0.32721,0.30171,0.1742,0.73524,0.046696,0.1232,0.021195,0.25071,-0.080812,-0.43783,-0.31033,0.30171,0.30171,0.021195,0.32721,0.19971,1.3728,0.072198,0.1232,0.30171,-0.080812,-0.61635,-0.13181,-0.13181,0.27621,0.40372,0.45472,0.22521,-0.15732,0.021195,-0.080812,0.50573,0.58223,0.1232,0.37822,0.68424,-0.31033,-0.61635,0.1487,0.42922,0.1232,-0.029808,0.0977,0.1232,0.1742,0.30171,0.046696,-0.080812,0.1232,0.1742,0.27621,0.48022,0.072198,0.83725,0.42922,-0.10631,0.021195,0.22521,0.1742,0.1232,0.046696,0.1232,-0.28482,-0.48884,-0.080812,0.78624,-0.080812,-0.28482,0.1487,0.27621,0.83725,0.83725,0.88825,-0.029808,-0.15732,-0.080812,-0.36133,0.25071,0.046696,-0.28482,-0.25932,0.30171,0.76074,0.1232,0.63323,-0.004307,-0.43783,-0.36133,0.021195,0.65874,0.072198,0.32721,0.70974,0.48022,-0.33583,-0.13181,-0.13181,0.19971,-0.25932,0.25071,0.65874,1.1688,0.021195,-0.36133,-0.23382,0.046696,-0.10631,-0.82036,1.1688,0.96476,0.27621,-0.15732,-0.05531,-0.05531,0.021195,0.19971,0.1232,-0.10631,0.021195,0.1742,0.42922,0.60773,0.63323,0.22521,-0.38683,-0.23382,0.22521,0.37822,-0.080812,0.072198,0.48022,0.1232,-0.05531,-0.28482,0.1232,0.86275,-0.13181,-0.13181,-0.080812,0.22521,0.1232,0.1742,0.53123,0.48022,0.27621,-0.029808,-0.28482,0.072198,0.1487,0.25071,0.1232,0.021195,0.30171,-0.05531,0.37822,0.48022,-0.25932,-0.20832,0.45472,0.0977,-0.20832,0.32721,0.37822,0.19971,-0.13181,0.32721,-0.10631,0.55673,-0.20832,-0.080812,-0.25932,0.19971,1.0158,1.1433,-0.029808,-0.36133,-0.28482,-0.18282,0.19971,-0.20832,0.32721,0.40372,0.19971,0.1232,0.50573,0.78624,-0.10631,0.19971,-0.080812,-0.15732,-0.48884,-0.05531,0.63323,0.1487,0.1232,0.45472,0.58223,-0.36133,-0.080812,-0.25932,0.27621,0.63323,0.55673,0.83725,0.19971,0.072198,-0.23382,-0.25932,-0.20832,0.072198,-0.64185,0.55673,1.3218,0.0977,-0.59084,-0.36133,0.021195,1.0668,1.5768,-0.43783,-0.97337,-0.33583,0.1232,0.45472,0.25071,0.53123,0.50573,0.83725,-0.59084,-0.87136,-0.18282,1.3473,1.5768,0.1232,-0.61635,-0.28482,-0.38683,0.68424,-0.13181,-0.31033,-0.080812,-0.05531,0.27621,0.35272,0.60773,0.1742,0.25071,0.1232,0.22521,0.1232,-0.13181,-0.41233,1.1178,0.30171,-0.20832,-0.23382,0.1487,0.0977,0.50573,-0.029808,-0.080812,0.37822,0.86275,0.37822,-0.41233,0.22521,0.0977,-0.38683,-0.51434,-0.36133,0.55673,0.35272,0.45472,0.30171,0.27621,-0.20832,0.40372,-0.46334,-0.13181,0.37822,0.40372,-0.05531,0.50573,-0.004307,0.60773,0.1742,0.046696,0.021195,0.021195,-0.10631,-0.61635,0.53123,0.1487,0.22521,0.1487,0.40372,-0.18282,0.046696,0.22521,0.25071,0.27621,0.19971,0.0977,0.30171,0.22521,0.19971,0.021195,0.072198,0.40372,0.32721,-0.05531,-0.36133,-0.33583,0.19971,0.45472,-0.25932,-0.13181,0.42922,0.68424,0.83725,0.1487,-0.38683,-0.25932,1.0413,1.0158,0.22521,-0.43783,-0.23382,-0.28482,-0.25932,-0.38683,0.37822,0.63323,0.55673,0.046696,0.1232,0.30171,0.55673,0.0977,0.27621,0.37822,-0.38683,-0.41233,-0.33583,0.1487,0.83725,0.37822,0.0977,0.37822,-0.004307,0.30171,-0.53984,-0.20832,0.25071,0.22521,0.78624,0.73524,-0.029808,-0.38683,-0.36133,0.99026,-0.38683,-0.13181,0.1232,0.55673,0.60773,0.63323,-0.92237,-0.94787,0.53123,1.3983,0.35272,0.25071,0.021195,-0.15732,0.32721,-0.10631,-0.41233,0.19971,0.25071,-0.004307,-0.25932,0.78624,0.32721,-0.84586,0.78624,0.88825,-0.029808,-0.28482,0.1232,0.40372,-0.43783,0.65874,0.37822,0.1487,0.1232,-0.84586,-0.82036,0.42922,0.73524,0.19971,0.0977,0.68424,0.40372,0.0977,0.072198,0.30171,0.1232,0.32721,0.42922,0.60773,-0.23382,-0.87136,-0.029808,0.50573,-0.46334,-0.13181,0.60773,0.42922,-0.20832,-0.080812,1.0413,1.3728,0.1487,-0.13181,-0.61635,-0.46334,0.0977,0.53123,0.42922,-0.46334,-0.33583,0.30171,0.73524,-0.05531,-0.36133,0.73524,0.55673,0.1232,-0.15732,0.32721,0.35272,-0.080812,-0.59084,0.046696,0.60773,0.35272,0.046696,-0.23382,0.32721,0.30171,-0.33583,-0.029808,0.1487,-0.18282,0.58223,0.50573,0.30171,0.072198,-0.15732,0.1487,0.22521,-0.13181,0.1487,-0.029808,-0.080812,-0.15732,0.48022,0.021195,0.93925,0.1232,0.1487,-0.15732,-0.64185,0.93925,0.27621,0.42922,0.37822,-0.029808,-0.080812,-0.080812,-0.10631,-0.10631,0.27621,0.35272,-0.79486,-0.31033,0.73524,1.3218,0.32721,-0.10631,-0.080812,0.53123,0.81175,-0.20832,-0.13181,-0.029808,-0.41233,-0.76936,0.0977,0.53123,-0.029808,0.35272,0.55673,0.45472,0.19971,-0.029808,0.0977,-0.080812,0.37822,0.88825,0.1232,-0.25932,0.1487,0.42922,0.046696,-0.18282,-0.51434,0.63323,0.1232,-0.05531,-0.13181,0.27621,-0.28482,0.27621,0.86275,0.55673,0.45472,0.19971,-0.080812,0.37822,0.35272,0.35272,-0.31033,-0.25932,-0.080812,0.53123,0.0977,0.0977,-0.33583,-0.05531,0.0977,0.1742,0.30171,0.45472,0.1742,0.60773,0.32721,0.25071,-0.28482,-0.28482,-0.20832,0.046696,0.81175,0.55673,-0.23382,0.0977,0.55673,0.072198,-0.28482,-0.13181,0.19971,0.93925,-0.029808,0.50573,0.25071,-0.18282,-0.53984,-0.20832,-0.20832,0.1487,0.81175,1.1943,0.1742,-0.10631,-0.15732,-0.004307,0.1232,0.65874,0.1232,-0.10631,-0.53984,-0.080812,0.45472,0.35272,0.27621,0.63323,-0.10631,-0.28482,-0.080812,0.0977,0.53123,0.32721,0.046696,0.22521,-0.05531,-0.84586,1.1688,1.1433,-0.20832,-0.51434,-0.25932,0.25071,0.42922,0.50573,0.88825,0.0977,-0.56534,-0.69285,-0.46334,0.55673,0.42922,0.70974,-0.84586,0.58223,0.42922,-0.20832,-0.080812,0.45472,0.53123,0.30171,0.35272,0.40372,0.1742,-0.20832,-0.15732,-0.28482,-0.46334,-0.36133,0.42922,1.1178,1.1688,0.0977,-0.05531,0.1487,-0.23382,-0.56534,0.78624,0.021195,-0.48884,0.25071,0.45472,0.63323,0.19971,-0.029808,0.021195,0.37822,0.021195,-0.38683,0.021195,-0.13181,1.0668,0.27621,-0.080812,0.046696,0.046696,0.27621,0.30171,0.0977,0.1232,-0.05531,0.22521,0.25071,-0.25932,1.1433,0.53123,0.37822,-0.59084,-0.41233,-0.13181,-0.38683,-0.004307,0.40372,-0.23382,1.0923,0.91375,0.37822,0.046696,0.0977,-0.080812,-0.029808,-0.18282,-0.05531,-0.05531,0.1487,0.021195,0.046696,0.68424,0.1232,0.1232,0.1232,0.25071,0.22521,0.58223,-0.74385,-0.029808,0.40372,0.60773,0.1232,0.021195,-0.080812,-0.28482,-0.28482,0.35272,0.40372,0.40372,0.25071,0.30171,0.32721,0.19971,-0.18282,0.27621,0.1487,0.22521,-0.31033,-0.31033,0.96476,1.1178,0.32721,-1.3304,0.45472,0.48022,0.37822,-0.87136,-0.41233,0.19971,0.53123,0.25071,0.32721,0.22521,0.42922,0.22521,0.55673,0.046696,-0.23382,-0.20832,-0.28482,-0.18282,-0.31033,1.2198,0.99026,0.021195,0.22521,0.30171,0.072198,-0.33583,-0.25932,-0.18282,-0.20832,0.1487,0.58223,0.45472,0.45472,-0.25932,0.78624,-0.029808,0.30171,-0.13181,-0.69285,-0.59084,-0.25932,0.83725,0.48022,0.70974,0.60773,0.76074,0.32721,-0.38683,-0.56534,0.0977,0.046696,0.63323,0.19971,-0.33583,-0.53984,1.0668,0.58223,-0.029808,-0.25932,-0.66735,0.0977,1.0413,0.55673,0.072198,-0.15732,-0.004307,0.1487,0.55673,-0.029808,-0.48884,-0.36133,0.70974,1.3218,0.32721,-0.18282,0.021195,-0.15732,-0.13181,-0.20832,0.1232,-0.029808,0.35272,1.1943,0.42922,0.021195,-0.10631,-0.28482,-0.23382,-0.38683,0.42922,1.2198,0.53123,0.19971,-0.18282,-0.36133,-0.33583,-0.10631,0.1487,0.40372,0.1742,0.35272,0.27621,0.37822,0.1232,0.19971,0.19971,0.60773,0.021195,-0.20832,-0.38683,-0.51434,-0.029808,0.45472,0.60773,-0.74385,1.2963,1.1433,0.0977,-0.71835,-0.76936,0.19971,0.1742,-0.28482,0.25071,0.45472,0.37822,0.96476,0.0977,-0.31033,-0.004307,0.1742,0.1232,0.25071,0.021195,0.1742,0.65874,0.53123,0.25071,-0.97337,-0.61635,-0.15732,0.53123,0.1232,0.73524,1.2963,0.25071,-0.15732,-0.31033,-0.20832,-0.029808,0.1487,0.1487,0.19971,0.22521,0.19971,0.27621,0.0977,0.046696,0.19971,0.45472,0.48022,-0.004307,-0.004307,0.1487,0.021195,-0.25932,0.1232,0.1742,-0.64185,0.22521,-0.15732,0.83725,1.2453,0.37822,-0.05531,-0.004307,-0.28482,0.0977,-0.33583,-0.31033,-0.53984,0.70974,0.65874,0.83725,0.42922,-0.05531,0.0977,-0.029808,0.22521,0.021195,0.1232,0.072198,-0.28482,-0.41233,0.1232,0.32721,0.48022,0.32721,-0.080812,0.0977,0.32721,0.19971,-0.36133,-0.05531,1.1943,0.78624,-0.28482,-0.59084,-0.10631,0.58223,0.45472,-0.38683,-0.28482,0.35272,0.19971,-0.28482,-0.28482,-0.38683,-0.029808,1.1178,1.0923,0.50573,0.25071,0.35272,0.072198,-0.28482,-0.36133,-0.080812,-0.36133,-0.31033,-0.23382,0.0977,0.50573,0.55673,0.50573,0.53123,0.88825,1.1433,0.40372,-0.05531,-0.59084,-0.76936,-0.25932,-0.51434,-0.080812,-0.15732,-0.74385,0.45472,1.3983,0.50573,0.42922,0.81175,0.73524,0.1232,-0.61635,-0.71835,-0.31033,0.072198,-0.31033,0.22521,0.63323,0.99026,0.45472,0.021195,0.1232,0.40372,-0.029808,-0.28482,-0.28482,-0.05531,0.32721,0.1232,0.32721,0.65874,0.60773,-0.004307,-0.41233,-0.080812,0.32721,-0.23382,-0.10631,0.22521,0.22521,0.30171,0.072198,0.25071,0.35272,0.25071,0.55673,-0.99887,1.5513,0.25071,-0.38683,-0.20832,0.55673,0.30171,-0.33583,-0.36133,-0.38683,-0.05531,0.55673,0.93925,0.42922,-0.080812,0.021195,0.55673,0.1232,-0.18282,-0.38683,-0.18282,0.1487,-0.004307,0.30171,0.96476,1.0668,0.35272,-0.64185,-0.080812,0.1232,0.19971,-0.20832,-0.25932,0.19971,0.78624,0.35272,0.1232,-0.18282,-0.61635,0.19971,0.86275,0.021195,-0.28482,0.27621,1.0413,0.65874,0.0977,0.22521,-0.38683,-0.43783,-0.84586,0.53123,0.25071,0.27621,1.1433,0.65874,0.27621,0.046696,-0.41233,-0.61635,-0.029808,0.021195,-0.31033,0.021195,0.73524,0.73524,0.40372,0.1742,0.046696,0.1742,0.60773,0.78624,-0.029808,-1.2794,-0.46334,-0.004307,-0.69285,1.4238,0.63323,0.1742,0.072198,-0.080812,-0.18282,0.88825,0.42922,-0.080812,-0.029808,0.1742,-2.0189,1.4238,1.3983,-0.18282,-0.15732,-0.23382,0.22521,0.32721,0.25071,-0.080812,-0.43783,-0.18282,-0.33583,0.81175,0.40372,0.27621,0.0977,0.046696,0.021195,1.0923,0.60773,-0.69285,-0.51434,0.88825,0.19971,0.42922,0.65874,-0.080812,-1.3304,-0.10631,0.27621,0.021195,0.55673,0.50573,0.40372,0.27621,-0.029808,-0.28482,-0.05531,-0.080812,0.93925,-0.13181,0.42922,0.83725,1.1688,-0.004307,-0.48884,-0.080812,-0.48884,-0.004307,0.32721,0.22521,-0.10631,0.021195,0.1742,0.50573,0.37822,0.1487,-0.20832,-0.84586,-0.080812,0.53123,0.78624,0.45472,0.021195,0.0977,0.19971,0.0977,-0.080812,0.32721,-0.33583,1.2453,0.93925,0.021195,0.60773,-1.3304,0.68424,0.021195,-0.69285,-0.20832,-1.2794,1.7553,1.2198,0.45472,0.25071,-0.33583,-0.28482,-0.33583,-1.2284,1.0413,0.1232,-0.15732,0.55673,1.2453,0.99026,-0.004307,-0.05531,-0.13181,-0.004307,-0.53984,-0.56534,-0.080812,0.50573,1.0158,0.50573,-0.080812,-0.004307,0.1232,-0.84586,1.1688,0.32721,-0.05531,-0.029808,-0.69285,-0.20832,0.48022,0.81175,0.40372,-0.004307,0.046696,-0.13181,-0.79486,0.40372,0.40372,0.68424,0.046696,-0.004307,0.22521,0.30171,0.1487,0.046696,0.32721,0.60773,0.072198,-0.48884,-0.61635,-0.080812,0.73524,0.42922,0.1487,-0.18282,-0.029808,-0.82036,1.3728,0.96476,0.50573,0.046696,-0.59084,0.1232,-0.56534,0.58223,-0.69285,0.55673,0.32721,0.50573,0.1742,-0.33583,0.63323,-0.15732,-0.05531,0.072198,-0.18282,-0.10631,0.58223,0.48022,0.45472,0.48022,0.046696,-0.029808,0.1232,0.19971,-0.15732,-0.004307,0.53123,-0.59084,1.2198,-0.33583,-0.66735,-0.10631,0.83725,0.60773,0.30171,-0.029808,-0.15732,-0.05531,-0.15732,0.27621,1.0413,0.76074,0.1232,-0.28482,-0.33583,-0.43783,-0.05531,0.32721,0.73524,0.58223,0.1232,-0.10631,-0.080812,0.0977,0.1232,0.53123,0.35272,0.1742,-0.004307,-0.10631,-0.51434,-0.28482,0.32721,0.76074,0.1487,-0.25932,0.35272,0.70974,0.76074,-0.79486,0.021195,0.73524,-0.004307,-0.33583,0.37822,0.27621,0.27621,0.32721,0.25071,0.0977,-0.080812,0.1232,-0.18282,-0.76936,1.2453,0.68424,0.19971,-0.10631,-0.18282,-0.05531,0.021195,0.1487,0.0977,0.27621,0.19971,0.22521,0.1487,-0.029808,0.021195,0.1232,0.68424,0.22521,0.30171,0.30171,-0.28482,-0.18282,0.072198,0.0977,0.0977,0.63323,0.32721,0.35272,-0.51434,0.30171,-0.10631,0.19971,0.1232,-0.33583,-0.18282,0.1487,0.48022,0.1487,1.2708,0.55673,-0.43783,-0.43783,-0.004307,0.30171,0.42922,0.30171,0.32721,0.53123,0.0977,-0.38683,-0.41233,-0.18282,-0.13181,0.1742,0.48022,0.40372,0.32721,0.30171,0.25071,-0.43783,0.73524,0.55673,-0.23382,-0.18282,0.70974,1.1433,-0.18282,-0.56534,-0.48884,-0.43783,0.48022,-0.029808,0.1487,0.25071,0.53123,0.70974,0.48022,0.25071,0.021195,0.072198,0.072198,-0.15732,-0.080812,0.046696,0.1232,0.072198,0.58223,0.19971,-0.10631,0.1487,0.63323,-0.029808,0.021195,-0.33583,-0.080812,0.32721,0.68424,-0.56534,1.0413,0.42922,0.021195,0.30171,0.48022,-0.33583,-0.59084,-1.1264,0.37822,0.40372,-0.18282,0.22521,0.83725,1.0668,0.48022,0.1232,0.42922,0.32721,-0.38683,-0.36133,-0.33583,0.1742,0.27621,0.35272,0.27621,0.046696,0.45472,0.42922,0.021195,0.072198,0.1232,-0.20832,-0.029808,-0.05531,0.25071,0.63323,0.81175,0.65874,-0.05531,-0.31033,-0.76936,-0.33583,-0.69285,0.42922,0.27621,0.45472,0.63323,0.50573,0.68424,0.48022,-0.46334,-0.18282,0.1487,-0.38683,-0.13181,0.93925,0.83725,-0.23382,-0.76936,0.30171,0.32721,0.0977,-0.004307,0.45472,0.50573,0.046696,-0.15732,-0.004307,0.27621,0.45472,-0.029808,0.072198,-0.029808,0.1487,0.021195,0.35272,0.50573,0.22521,-0.28482,-0.28482,-0.080812,0.32721,0.99026,-0.18282,0.1742,0.78624,0.37822,-0.20832,-0.13181,-0.004307,0.021195,0.22521,0.35272,0.1487,0.45472,0.046696,0.25071,-0.004307,0.021195,-0.004307,-0.029808,-0.05531,0.1232,-0.15732,0.32721,0.86275,0.22521,-0.029808,0.046696,0.0977,0.0977,-0.31033,-0.05531,0.88825,0.73524,0.046696,-0.15732,0.25071,0.25071,-0.029808,-0.23382,0.046696,-0.13181,0.1487,0.86275,0.83725,0.35272,0.021195,-0.18282,-0.33583,0.072198,0.1487,0.1742,-0.004307,0.22521,0.1742,0.27621,0.046696,0.60773,0.1742,-0.004307,-0.20832,0.50573,0.27621,-0.15732,-0.23382,-0.05531,0.30171,0.50573,0.42922,-0.080812,-0.84586,0.70974,0.65874,0.1742,-0.18282,-0.53984,0.19971,1.2453,0.37822,-0.43783,-0.38683,0.48022,0.22521,0.22521,0.27621,0.42922,-0.13181,-0.15732,-0.38683,-0.18282,0.30171,0.68424,0.32721,0.58223,0.42922,-0.46334,-0.25932,0.072198,0.78624,0.25071,-0.23382,-0.080812,0.072198,0.30171,-0.004307,0.1742,0.1742,0.1487,-0.029808,0.27621,0.65874,0.27621,0.021195,0.1487,-0.05531,-0.25932,-0.33583,-0.05531,0.30171,0.53123,0.35272,0.22521,0.1232,-0.38683,0.22521,0.35272,-0.029808,-0.05531,-0.10631,0.1232,0.42922,0.70974,0.1742,0.40372,0.30171,0.19971,0.1232,-0.080812,-0.20832,-0.15732,-0.13181,-0.31033,0.81175,0.45472,0.1232,0.37822,0.53123,0.046696,-0.20832,-0.33583,-0.46334,0.1742,0.63323,0.1232,-0.080812,0.53123,0.35272,0.37822,-0.080812,-0.43783,-0.43783,-0.28482,-0.18282,0.53123,0.99026,0.40372,-0.23382,-0.15732,-0.13181,-0.05531,0.1232,0.22521,-0.10631,-0.05531,0.19971,0.40372,0.27621,0.021195,0.42922,0.19971,0.0977,-0.59084,-0.080812,0.22521,0.60773,0.1232,0.27621,-0.43783,-0.36133,-0.18282,0.021195,0.046696,0.19971,0.86275,0.58223,0.65874,0.1742,-0.23382,0.65874,-0.20832,-0.61635,-0.13181,-0.46334,0.40372,0.32721,-0.18282,0.50573,0.70974,-0.18282,0.1487,-0.13181,0.25071,1.0413,0.58223,-0.53984,-0.33583,-0.13181,0.0977,-0.029808,0.27621,0.32721,0.32721,-0.20832,0.88825,0.22521,-0.31033,0.021195,-0.004307,0.1232,0.072198,0.072198,0.19971,0.0977,0.19971,0.50573,0.30171,0.22521,0.021195,0.046696,-0.10631,0.046696,0.021195,0.35272,-0.15732,-0.080812,0.1232,0.32721,0.22521,0.046696,-0.41233,0.021195,0.68424,1.2708,0.1232,-0.43783,-0.41233,0.0977,0.58223,0.22521,0.1487,-0.13181,0.046696,0.73524,-0.029808,-0.20832,0.021195,0.27621,0.35272,0.22521,-0.15732,-0.69285,0.73524,0.76074,-0.48884,0.27621,0.021195,1.0668,0.30171,-0.28482,-0.38683,-0.28482,-0.029808,0.0977,0.19971,0.32721,0.50573,0.73524,-0.004307,-0.029808,0.1487,0.53123,0.30171,-0.05531,-0.05531,-0.53984,0.19971,0.63323,0.40372,0.0977,0.1232,0.0977,-0.23382,0.0977,-0.20832,0.0977,0.53123,0.0977,0.021195,0.40372,0.53123,0.25071,-0.23382,-0.10631,0.81175,0.42922,0.1487,-0.25932,-0.13181,0.1742,-0.15732,-0.56534,-0.61635,0.60773,0.68424,0.40372,0.25071,0.32721,0.50573,0.0977,-0.13181,0.1487,-0.20832,0.1487,0.1742,-0.18282,0.35272,0.73524,0.76074,0.1232,-0.25932,-0.004307,-0.41233,-0.15732,-0.05531,0.1232,1.1433,0.48022,-0.080812,0.0977,0.30171,0.30171,0.19971,-0.28482,-0.029808,-0.080812,0.19971,0.37822,0.45472,-0.41233,0.88825,0.48022,-0.004307,-0.31033,-0.05531,-0.080812,0.32721,0.1232,-0.15732,-0.004307,0.072198,0.046696,0.1742,1.0923,0.27621,-0.004307,0.021195,0.19971,0.45472,0.1232,-0.004307,-0.25932,-0.28482,-0.080812,0.37822,0.70974,-0.004307,0.53123,0.25071,0.37822,-0.05531,0.60773,-0.10631,-0.20832,-0.41233,-0.004307,0.32721,0.072198,0.35272,0.30171,0.25071,-0.84586,0.48022,0.48022,0.42922,0.0977,0.40372,-0.029808,-0.38683,-0.23382,0.072198,0.53123,0.40372,0.42922,0.55673,0.45472,-0.15732,-0.46334,-0.080812,0.50573,0.83725,0.072198,-0.53984,-0.43783,-0.029808,0.32721,0.37822,0.32721,0.65874,0.27621,-0.10631,-0.48884,-0.46334,0.046696,0.70974,0.37822,0.27621,0.22521,0.40372,-0.20832,-0.51434,-0.15732,0.1487,0.91375,0.63323,0.35272,-0.15732,-0.48884,0.22521,0.0977,-0.080812,0.63323,0.1232,-0.38683,0.072198,1.0923,0.30171,0.30171,-0.10631,-0.13181,0.021195,0.072198,-0.13181,0.35272,0.0977,0.27621,0.30171,0.35272,0.021195,0.40372,0.19971,-0.029808,0.37822,0.45472,0.021195,-0.20832,-0.080812,0.19971,-0.25932,-0.10631,0.42922,0.32721,0.072198,0.0977,0.072198,0.1742,0.19971,0.35272,0.48022,0.0977,-0.18282,0.48022,0.32721,0.22521,-0.25932,-0.10631,0.35272,0.1742,0.0977,-0.004307,-0.13181,-0.05531,-0.23382,0.0977,0.48022,1.0923,0.65874,-0.18282,0.25071,0.35272,-0.10631,-0.48884,-0.25932,0.30171,0.37822,-0.69285,0.96476,1.8573,0.35272,-0.64185,-0.66735,-0.43783,-0.080812,0.42922,0.22521,0.021195,0.35272,0.50573,0.0977,-0.23382,0.021195,0.50573,0.83725,0.1232,-0.31033,0.1232,0.53123,-0.05531,-0.080812,0.0977,0.1232
0.0977,0.19971,0.0977,0.1742,0.1487,0.072198,0.1232,0.021195,-0.004307,0.0977,0.22521,0.25071,0.25071,0.1232,0.1742,0.1232,0.1742,0.1232,0.072198,0.021195,0.0977,0.22521,0.22521,0.25071,0.0977,0.1487,0.021195,0.046696,0.072198,0.072198,0.22521,0.32721,0.22521,0.1232,0.1232,0.0977,0.1232,0.1742,0.1232,0.0977,0.072198,0.1487,0.22521,0.25071,0.19971,0.1232,0.021195,0.1232,0.1232,0.1742,0.1232,0.1742,0.0977,0.27621,0.1487,0.046696,0.072198,0.19971,0.072198,0.072198,0.22521,0.22521,0.1232,0.19971,0.22521,0.1487,0.046696,0.072198,0.0977,0.021195,0.1742,0.30171,0.1742,0.1487,0.1232,0.1742,0.1487,0.0977,-0.004307,0.0977,0.1742,0.19971,0.1487,0.1487,0.25071,0.22521,0.1742,0.046696,0.072198,0.046696,0.19971,0.25071,0.1232,0.19971,0.30171,0.1232,0.021195,0.021195,0.1232,0.1232,0.1232,0.1232,0.27621,0.32721,0.1487,0.19971,0.021195,0.0977,0.1232,0.0977,-0.004307,0.072198,-0.05531,0.35272,0.48022,0.42922,0.19971,-0.28482,0.1742,-0.20832,-0.10631,0.37822,0.65874,0.30171,-0.28482,0.19971,-0.05531,0.22521,0.1742,0.30171,-0.004307,0.1742,0.22521,0.37822,-0.10631,-0.20832,-0.004307,-0.13181,0.1742,0.32721,0.58223,-0.13181,0.1742,0.1487,1.0158,-0.28482,-0.20832,0.91375,1.3473,1.0668,-0.92237,-2.274,1.7043,0.70974,0.65874,-0.99887,0.50573,0.22521,-1.4324,-1.8659,0.91375,3.8719,1.0923,-0.74385,-1.2029,3.3874,3.0814,-0.94787,-1.7384,-1.1009,-3.702,0.83725,0.76074,-4.0591,-0.59084,3.1324,6.0141,0.19971,5.0705,1.2963,-2.886,-3.294,-1.6874,-2.4525,0.19971,0.1742,0.42922,0.93925,1.0923,-1.1009,1.6533,-0.61635,2.7244,1.0158,0.072198,-5.4362,-0.15732,0.1487,12.364,0.60773,-3.2175,-1.1519,-3.7785,-3.9826,-2.4525,-2.988,0.1487,-0.53984,5.351,2.3928,0.046696,0.58223,1.1943,0.73524,-1.4834,2.4438,-3.243,1.3728,1.0413,-1.1009,-1.5089,-1.4579,-0.05531,1.4493,1.2708,0.48022,-0.84586,-4.8496,1.3983,1.3218,-0.61635,-1.8404,-0.004307,0.76074,6.2181,0.50573,-0.20832,-0.23382,-1.0244,-0.31033,0.73524,0.76074,0.45472,0.22521,-0.41233,0.37822,-0.64185,-0.97337,-1.1009,0.88825,0.32721,0.22521,-0.79486,-0.84586,1.6278,0.88825,0.42922,0.32721,-0.46334,-0.28482,0.65874,0.1232,-0.13181,-0.13181,0.81175,0.40372,-0.38683,-0.23382,0.48022,-0.76936,-0.15732,-0.99887,0.76074,0.70974,0.63323,-0.41233,-0.46334,-0.05531,0.42922,0.86275,-1.4069,3.6424,0.25071,-4.0336,2.9539,2.4438,-0.79486,-1.3814,-0.89686,-0.18282,0.046696,0.1232,-0.20832,0.42922,0.53123,-0.10631,1.6023,0.50573,-0.48884,-0.20832,0.021195,-0.36133,0.1487,0.19971,0.046696,-0.28482,0.25071,0.35272,0.1487,0.83725,0.30171,-0.38683,-0.18282,0.48022,-1.3559,0.25071,0.53123,0.30171,0.32721,1.5258,0.81175,-0.080812,0.1232,0.1742,-0.79486,-0.20832,-0.13181,-0.48884,-0.71835,0.37822,0.0977,-0.46334,1.3728,2.5204,1.0668,0.27621,-0.41233,-0.64185,-0.28482,0.0977,0.1232,-0.004307,-1.1009,-0.080812,1.9338,0.73524,-0.18282,0.021195,-0.36133,-0.10631,0.1487,-0.31033,0.88825,0.25071,-0.05531,-0.23382,0.072198,0.35272,-0.10631,0.55673,0.83725,1.1433,0.021195,-0.66735,-0.99887,-0.004307,0.1487,-0.25932,-0.05531,-0.46334,1.7553,1.5258,0.22521,0.021195,0.30171,0.68424,0.32721,-0.36133,-0.48884,-0.33583,0.25071,-0.23382,-0.18282,-0.13181,0.32721,-2.0444,3.4129,2.6734,0.046696,-1.0244,-0.79486,-0.51434,0.021195,0.1742,-0.23382,-0.84586,0.50573,0.68424,0.48022,0.072198,-0.31033,2.1633,0.81175,-0.36133,-0.10631,-0.53984,-0.51434,-0.41233,0.25071,0.1232,-0.18282,-0.43783,0.93925,-0.004307,1.5258,0.40372,0.25071,-0.41233,-0.20832,0.68424,0.22521,0.021195,-0.89686,-0.31033,0.40372,-0.25932,0.021195,-0.46334,1.4238,0.072198,-0.46334,-0.36133,0.81175,1.1688,-0.28482,-0.33583,-0.69285,0.91375,0.48022,0.22521,-0.23382,-0.43783,-0.080812,1.5258,0.86275,-0.13181,-1.8149,0.86275,0.35272,-0.10631,-3.4725,2.6734,2.0358,0.63323,-0.43783,-0.79486,0.22521,0.021195,-0.33583,-0.18282,-0.23382,0.25071,0.1742,0.48022,0.70974,0.22521,0.046696,-0.18282,-0.84586,2.2398,1.5258,-0.15732,-0.20832,-0.59084,-0.23382,-0.080812,-0.18282,-0.59084,-0.38683,-0.56534,1.7553,0.48022,-0.20832,0.046696,0.63323,1.2963,-0.41233,1.5258,0.96476,-2.1719,-1.9424,0.30171,1.8828,2.4694,1.0158,-0.41233,-1.5854,-1.4069,-1.2029,-0.82036,0.86275,2.2143,1.8573,0.70974,-0.41233,-0.92237,-0.28482,-0.05531,0.1742,0.021195,0.50573,-0.029808,0.70974,0.42922,0.91375,0.0977,-0.56534,-0.28482,0.73524,0.22521,-0.13181,-0.080812,0.021195,-0.05531,-0.59084,0.55673,1.4493,-1.6874,2.1633,2.1888,-0.64185,-1.1519,-1.4069,-1.0754,0.91375,0.1487,0.50573,0.91375,1.3473,0.22521,0.50573,-0.029808,-0.51434,-0.25932,0.25071,-0.05531,-0.080812,-0.05531,-0.59084,-0.23382,0.65874,1.0923,0.53123,0.22521,1.1433,-0.33583,-0.25932,0.27621,-0.59084,-0.59084,-0.13181,1.1433,0.65874,0.93925,0.68424,-0.84586,-0.94787,0.27621,-0.48884,1.0668,-0.20832,-0.029808,0.19971,0.32721,0.55673,1.9083,-0.10631,-0.56534,-0.41233,0.046696,0.53123,0.63323,-0.23382,-0.20832,0.45472,0.81175,-0.25932,-0.89686,0.1487,-0.33583,-0.28482,0.91375,1.3983,0.60773,-0.080812,0.0977,-0.05531,-0.74385,-1.3049,-0.41233,1.1943,0.1232,0.1232,1.8573,1.0923,-0.004307,-1.1774,-0.080812,0.96476,0.37822,-0.56534,-0.92237,-0.18282,0.73524,0.73524,-0.004307,0.58223,0.45472,-0.004307,0.0977,0.22521,-0.33583,-1.1774,1.6533,1.1943,-0.41233,-0.31033,0.1232,-0.41233,-0.69285,0.55673,1.7298,0.60773,-0.20832,0.1232,-0.080812,-0.029808,-0.15732,-1.4834,-0.28482,1.1943,0.76074,0.53123,-0.029808,0.1742,0.50573,0.0977,-0.004307,0.22521,-0.05531,0.37822,0.19971,0.1742,0.30171,-0.029808,-0.33583,0.072198,-0.46334,0.53123,0.68424,0.1742,-0.18282,-0.48884,0.021195,0.021195,-0.64185,0.93925,1.7553,1.3218,-0.080812,-0.25932,-0.080812,-0.05531,-0.36133,-0.69285,-0.61635,0.1232,-1.0244,2.2908,2.5204,-0.080812,-0.51434,-0.69285,-0.41233,-0.18282,0.046696,0.1487,0.76074,0.072198,0.76074,-0.029808,0.1232,0.40372,0.0977,0.1487,0.27621,0.45472,-0.31033,-0.46334,-0.33583,0.22521,0.32721,0.0977,0.42922,0.27621,0.53123,0.93925,-0.05531,-0.36133,0.48022,0.48022,0.58223,0.1232,-0.18282,-0.38683,0.58223,-0.33583,-0.87136,0.35272,0.55673,-0.05531,0.19971,0.53123,1.4748,-0.004307,-0.69285,-0.10631,0.45472,0.046696,-0.41233,-0.25932,0.19971,0.021195,0.021195,0.22521,1.5258,1.3218,-0.15732,-0.20832,-0.18282,-0.31033,0.35272,-0.004307,-0.18282,-0.33583,1.1178,0.25071,-0.59084,-0.51434,0.53123,0.96476,0.27621,-0.71835,-0.33583,-0.20832,0.50573,0.83725,0.45472,-0.10631,-0.080812,0.1487,0.42922,0.22521,0.30171,0.1232,-0.029808,0.37822,0.78624,0.1232,-0.51434,-0.28482,-0.080812,0.53123,0.55673,0.0977,-0.10631,-0.080812,-0.10631,-0.33583,-0.25932,0.32721,0.60773,1.0923,0.53123,-0.05531,0.22521,-0.23382,-0.080812,-0.46334,0.25071,0.1232,0.48022,-0.31033,0.1487,0.021195,0.27621,0.78624,1.1433,-0.080812,-0.99887,-1.2029,-0.51434,0.1232,0.65874,0.91375,0.60773,0.78624,0.25071,0.60773,-0.004307,0.072198,-0.38683,-0.51434,-0.28482,-0.13181,-0.20832,0.58223,0.046696,1.5003,-0.080812,0.1232,0.22521,-0.41233,0.0977,0.65874,0.48022,1.0668,-0.25932,-0.43783,-0.25932,-0.10631,-0.15732,0.1232,-0.004307,-0.64185,0.99026,0.58223,0.65874,1.5003,1.2708,-0.46334,-0.66735,-0.84586,-0.36133,-0.48884,-0.66735,-0.004307,0.30171,1.3473,0.32721,0.19971,0.42922,0.32721,0.65874,0.1742,-1.4324,0.35272,0.1232,-0.33583,-0.18282,0.42922,0.91375,0.55673,0.42922,-0.20832,-0.33583,0.1487,0.58223,-0.25932,-0.33583,0.32721,0.58223,0.35272,-0.13181,0.021195,0.1742,0.48022,0.86275,1.2963,-0.41233,-1.3049,-1.1774,-0.41233,-0.59084,0.86275,1.3728,0.83725,-0.23382,0.021195,0.046696,-0.13181,1.0158,0.046696,-0.029808,0.22521,-0.20832,-0.38683,-0.66735,0.046696,0.42922,0.55673,0.19971,0.19971,0.53123,0.22521,-0.13181,-0.15732,-0.25932,-0.41233,0.19971,1.7043,0.65874,0.046696,0.021195,0.1232,-0.080812,-0.31033,-0.33583,-0.33583,-0.080812,0.1487,0.48022,0.0977,0.81175,1.2708,0.99026,-0.20832,-0.66735,-0.41233,-1.1009,-0.87136,0.32721,1.3728,1.2708,0.53123,0.021195,-0.64185,-0.64185,0.32721,0.50573,0.046696,-0.18282,0.35272,0.81175,0.37822,0.1742,0.072198,0.1742,0.1232,-0.080812,-0.18282,0.1742,-0.080812,-0.20832,-0.15732,0.42922,0.91375,0.83725,-0.43783,0.60773,-0.56534,-0.71835,0.021195,0.30171,0.1742,0.40372,0.40372,0.63323,0.42922,0.42922,-0.18282,-0.56534,-0.20832,0.35272,0.0977,0.046696,0.55673,0.35272,0.19971,0.1487,0.046696,0.0977,0.0977,-0.004307,0.50573,0.86275,0.27621,-0.51434,-0.38683,-0.33583,-0.23382,0.1487,0.32721,0.96476,0.55673,0.046696,-0.56534,0.96476,0.60773,0.1742,-0.23382,0.25071,0.73524,-0.51434,0.19971,0.42922,-0.15732,-0.41233,-0.20832,0.1232,0.021195,0.73524,0.93925,-0.13181,-0.66735,-0.84586,1.2453,0.78624,0.32721,-0.18282,-0.18282,0.19971,-0.05531,-0.36133,-0.20832,0.021195,0.25071,0.1487,0.45472,0.32721,0.30171,-0.53984,-0.31033,0.1232,0.50573,0.86275,0.40372,0.0977,0.30171,-0.38683,-1.0754,-0.029808,0.19971,0.35272,0.30171,0.021195,0.1742,0.25071,0.42922,0.30171,1.3473,0.19971,-0.38683,-0.13181,-0.05531,0.19971,0.30171,-0.13181,-0.31033,-0.029808,0.37822,0.37822,0.072198,-0.10631,0.22521,0.072198,0.30171,0.50573,0.65874,0.63323,-0.25932,-0.46334,-1.0754,-0.080812,2.2653,0.91375,0.81175,0.1232,-0.82036,-1.0244,-0.89686,-0.89686,-0.23382,0.81175,0.81175,1.5258,0.93925,0.58223,-0.23382,-0.69285,-0.38683,-0.15732,0.35272,0.76074,0.32721,-0.20832,0.19971,0.58223,0.046696,-0.10631,0.19971,0.30171,-0.18282,-0.48884,0.046696,1.2198,0.37822,0.30171,-0.23382,0.22521,0.021195,-0.15732,-0.10631,0.072198,0.25071,-0.080812,1.6023,-0.004307,-0.59084,0.35272,0.58223,-0.029808,-0.48884,0.22521,0.70974,0.021195,-0.41233,-0.43783,-0.51434,-0.13181,-1.2029,1.9083,2.0613,0.96476,-0.38683,-0.53984,-0.13181,0.35272,0.072198,0.70974,0.55673,-0.76936,-0.99887,-2.8605,1.1178,1.2453,0.76074,0.1742,0.60773,0.42922,0.63323,0.30171,0.021195,-0.56534,-0.28482,-0.87136,-0.79486,0.35272,0.45472,1.3983,0.70974,0.48022,0.22521,0.046696,-0.080812,-0.080812,-0.10631,-0.20832,0.1742,0.40372,0.1742,-0.15732,-0.25932,0.0977,-0.31033,0.53123,1.0668,1.1943,-0.18282,-0.61635,0.55673,0.25071,-0.25932,-0.029808,0.072198,0.19971,-0.28482,0.046696,-0.004307,0.1742,0.072198,0.73524,0.32721,0.30171,-0.20832,0.072198,-0.46334,1.1943,0.021195,-0.28482,0.76074,0.072198,-0.10631,-0.13181,-0.25932,-0.36133,0.27621,0.96476,-0.31033,0.35272,0.0977,0.50573,0.1232,0.40372,-0.029808,-0.05531,0.27621,-0.36133,0.22521,0.96476,1.1433,-0.48884,-0.51434,-0.029808,-0.029808,-0.23382,-0.36133,-0.10631,0.25071,0.99026,0.91375,0.42922,0.40372,-0.029808,-0.20832,-0.36133,-0.36133,0.50573,0.55673,0.0977,0.25071,-0.20832,-0.61635,0.70974,0.19971,-0.38683,-0.33583,-0.84586,0.81175,0.48022,0.88825,0.73524,0.19971,-0.05531,-0.10631,0.45472,-0.004307,0.0977,-1.0244,0.48022,0.42922,0.35272,0.42922,-0.28482,0.021195,0.32721,1.1943,0.86275,-0.36133,0.68424,-0.61635,-0.79486,-0.51434,0.55673,0.35272,0.73524,0.63323,-0.004307,-0.61635,-0.59084,-1.9934,2.5204,2.5459,0.1232,-0.69285,-0.004307,0.73524,0.50573,-1.3304,-0.48884,-0.66735,0.65874,1.2198,0.86275,-0.13181,-0.18282,0.73524,-1.1774,-0.56534,0.99026,0.88825,0.83725,0.072198,-0.48884,-0.23382,0.1742,0.021195,-0.74385,0.73524,0.072198,-0.15732,0.25071,1.0413,0.83725,0.072198,-0.13181,-1.4834,-4.0336,4.382,1.4748,-0.69285,-0.76936,-0.15732,0.93925,0.68424,-0.41233,-0.10631,-0.25932,0.40372,0.50573,0.22521,0.48022,0.1742,-0.28482,0.27621,-0.76936,1.1433,0.22521,0.48022,-0.23382,-0.080812,-0.18282,0.58223,0.50573,0.30171,-0.33583,-0.20832,-0.38683,0.58223,-0.25932,-0.28482,0.81175,0.19971,1.0668,0.35272,-0.10631,-0.64185,-0.74385,0.021195,1.3473,0.37822,-0.28482,-0.59084,0.1742,1.0413,0.37822,-0.13181,0.27621,-0.31033,0.30171,0.55673,-0.48884,-0.59084,-0.13181,0.73524,0.0977,-0.36133,0.50573,-0.15732,-0.004307,0.86275,1.0158,0.37822,0.021195,0.45472,-0.46334,1.1943,-0.46334,-0.41233,-0.48884,-0.59084,-0.15732,0.53123,0.40372,0.37822,-0.029808,0.30171,-0.23382,0.81175,0.50573,0.88825,0.35272,-0.23382,0.37822,-0.23382,-0.48884,-0.59084,-0.69285,-0.38683,0.63323,0.76074,1.0413,0.53123,0.60773,0.19971,-0.56534,0.072198,0.072198,0.072198,0.1487,0.19971,0.22521,0.0977,-0.84586,1.0923,0.48022,-0.43783,-0.46334,-0.53984,0.40372,0.93925,0.65874,-0.25932,-0.51434,-0.004307,0.53123,0.30171,0.1232,0.42922,-0.13181,0.1232,0.32721,-0.23382,0.27621,0.021195,0.32721,-0.31033,-0.029808,-0.13181,0.25071,0.22521,0.0977,0.45472,0.55673,0.65874,-0.05531,0.072198,-0.28482,-0.20832,-0.23382,-0.080812,0.58223,0.83725,-0.69285,0.25071,1.3983,1.2708,-0.23382,-1.1264,-0.25932,0.1487,-0.15732,0.1232,0.32721,0.53123,0.072198,0.45472,0.25071,0.1487,-0.10631,-0.05531,0.42922,-0.13181,0.072198,-0.029808,0.0977,0.32721,0.45472,0.27621,0.48022,0.021195,-0.23382,0.072198,-0.13181,-0.004307,0.32721,0.48022,0.0977,-0.10631,0.53123,0.32721,0.25071,0.0977,0.22521,-0.20832,0.27621,-1.1774,0.88825,0.1232,-0.46334,-0.004307,-0.31033,0.63323,0.58223,0.58223,0.25071,-0.33583,-0.080812,-0.18282,-0.13181,0.19971,0.021195,-0.080812,0.30171,0.25071,0.0977,0.45472,0.30171,0.76074,-0.51434,-0.10631,-0.41233,-0.25932,-0.25932,0.32721,0.37822,0.53123,0.22521,0.19971,-0.23382,-0.15732,0.072198,0.78624,0.25071,-0.10631,0.32721,0.1487,1.0923,0.35272,-0.23382,-0.51434,-0.31033,0.072198,-0.25932,0.58223,0.50573,0.046696,0.27621,0.73524,0.91375,-0.64185,-0.15732,0.1232,0.021195,0.1487,0.32721,-0.080812,-0.20832,0.83725,0.53123,-0.15732,-0.56534,-0.33583,0.021195,0.96476,0.046696,0.32721,0.86275,0.22521,-0.15732,-0.48884,-0.46334,-0.23382,-0.15732,0.70974,0.91375,0.1742,-0.080812,0.22521,0.22521,-0.05531,0.25071,0.1487,0.22521,0.76074,-0.25932,-0.05531,-0.25932,-0.004307,-0.33583,-0.029808,0.55673,1.0413,0.27621,0.0977,0.021195,-0.029808,0.42922,-0.18282,-0.41233,0.1232,0.76074,0.32721,0.021195,0.021195,0.021195,-0.38683,0.22521,0.53123,-1.1009,1.3728,0.40372,-0.23382,-0.82036,0.35272,0.45472,0.19971,0.42922,-0.080812,-0.10631,0.25071,0.32721,0.1742,0.42922,-0.31033,-0.05531,0.1487,0.25071,0.19971,0.45472,0.1232,-0.18282,-0.080812,0.0977,0.37822,-0.080812,-0.080812,0.046696,0.40372,0.30171,0.42922,0.22521,-0.69285,-0.48884,-0.13181,1.3218,0.1232,-0.13181,-0.13181,-0.10631,-0.05531,0.1487,-0.18282,0.072198,0.27621,0.35272,-0.080812,1.1943,0.86275,-0.15732,-0.48884,-0.48884,-0.15732,-0.080812,-0.18282,0.046696,0.1487,0.42922,0.072198,0.53123,0.88825,0.93925,0.30171,-0.20832,-0.48884,-0.61635,-0.25932,0.046696,0.25071,0.48022,0.35272,0.32721,0.0977,-0.05531,1.1433,0.86275,0.73524,-0.28482,-1.1774,-0.59084,-0.080812,0.48022,0.58223,0.22521,-0.080812,0.1232,0.58223,0.0977,-0.10631,-0.38683,-0.28482,0.32721,1.1688,0.68424,0.021195,-0.080812,-0.13181,0.30171,0.68424,0.072198,-0.28482,0.55673,0.19971,0.1232,-0.13181,-0.46334,-0.004307,0.19971,-0.080812,0.021195,0.1487,-0.05531,0.76074,0.55673,0.45472,0.021195,0.37822,0.046696,0.48022,-0.13181,-0.38683,0.1232,-0.10631,0.072198,0.30171,0.1487,-0.004307,0.072198,0.50573,0.19971,-0.05531,0.35272,0.42922,0.63323,-0.13181,-0.05531,-0.20832,-0.18282,1.6023,0.50573,-1.3049,-0.79486,1.0923,0.55673,-0.029808,-0.46334,-0.25932,0.021195,0.30171,0.19971,-0.080812,0.25071,0.55673,-0.46334,1.1433,1.1433,0.046696,-0.74385,-0.13181,0.1232,0.50573,0.27621,-0.080812,-0.48884,0.73524,-1.4579,2.9284,1.6533,-1.1774,-0.080812,0.73524,0.27621,-0.13181,-1.1519,-0.97337,-0.10631,0.021195,0.32721,0.1232,1.2453,1.1178,1.6278,1.2453,0.68424,0.30171,-1.2029,-1.4324,-2.2229,0.53123,0.37822,0.25071,0.1742,0.40372,0.93925,1.6533,0.86275,-0.080812,-1.1264,-0.46334,-0.82036,-0.71835,0.48022,1.0668,3.2344,0.072198,-0.61635,0.046696,-0.66735,-0.87136,-1.1009,-0.48884,-0.15732,0.0977,0.91375,0.50573,1.7043,1.0923,0.25071,0.65874,0.22521,0.27621,0.1487,-0.51434,-0.33583,-0.46334,-0.69285,-1.2794,-0.38683,1.6278,0.1232,0.19971,1.0923,0.76074,0.30171,-0.080812,0.19971,0.1742,-0.59084,0.60773,-0.20832,-1.4834,-0.82036,0.0977,1.6533,1.8318,0.78624,1.2198,-0.66735,-2.8605,2.3673,2.1378,-0.74385,-2.325,-0.05531,0.1487,-0.31033,0.42922,1.0413,0.63323,0.19971,0.30171,-0.080812,1.1688,0.021195,-0.25932,0.0977,-0.20832,-0.53984,0.55673,0.76074,-0.029808,-0.53984,-0.51434,-0.004307,0.42922,1.0413,0.42922,-0.080812,-0.59084,0.86275,0.25071,-0.33583,0.021195,0.021195,1.2963,-0.41233,-0.23382,0.22521,-0.15732,-1.0244,1.7298,0.19971,0.48022,0.30171,-0.28482,-0.13181,0.0977,-0.05531,-0.38683,0.021195,0.96476,0.27621,-0.48884,-0.56534,0.53123,1.3473,0.93925,0.35272,-0.05531,-0.61635,-1.3049,-0.61635,-0.23382,0.30171,0.55673,0.27621,0.63323,0.93925,0.1232,-0.31033,0.45472,-0.84586,0.27621,0.25071,-0.31033,-1.2284,1.4238,1.3983,0.32721,-0.92237,-0.87136,-0.080812,-0.05531,0.70974,1.0923,-0.10631,0.50573,0.072198,0.48022,0.88825,-0.61635,-1.1264,-0.56534,0.48022,0.40372,0.68424,0.70974,1.3473,0.58223,-0.69285,-0.66735,-0.48884,0.1232,-0.004307,-0.080812,0.25071,0.76074,0.1487,-0.10631,0.19971,0.35272,0.42922,0.1232,-0.28482,0.1232,0.35272,1.2198,0.046696,-0.99887,0.072198,0.27621,0.1487,0.1742,-0.15732,-0.13181,0.046696,0.58223,0.88825,0.32721,0.48022,-0.87136,0.65874,-0.76936,-0.029808,0.50573,0.45472,0.22521,-0.18282,-0.05531,-0.18282,-0.38683,0.50573,0.42922,0.73524,0.1742,-0.13181,0.30171,0.60773,0.53123,0.68424,-0.080812,-0.23382,0.32721,-0.15732,-0.20832,1.2453,0.19971,-0.20832,-0.53984,0.046696,-0.33583,-0.53984,-0.61635,1.0413,1.7298,0.73524,-1.3304,-0.25932,0.78624,-1.3304,2.1378,0.70974,-0.004307,0.19971,0.32721,-0.51434,0.19971,-0.36133,-0.25932,0.53123,-0.15732,0.27621,0.1742,0.53123,-0.13181,-0.71835,0.40372,-0.029808,-0.23382,-0.10631,0.22521,0.37822,0.70974,0.046696,0.072198,0.27621,-0.080812,-0.05531,0.22521,0.1232,-0.13181,0.0977,0.76074,1.5768,0.86275,-0.31033,-1.6619,-0.66735,-0.56534,0.42922,0.53123,0.55673,0.27621,-0.15732,0.68424,0.93925,1.2708,0.072198,-0.66735,-0.56534,-0.82036,-0.05531,0.93925,0.93925,0.91375,-0.05531,-0.53984,-0.53984,-0.33583,0.046696,1.1178,-0.004307,0.40372,0.99026,0.046696,0.35272,0.19971,-0.31033,-0.69285,-0.10631,-0.029808,-0.87136,-0.029808,1.0668,1.7553,1.4493,-0.029808,-0.31033,-0.15732,-0.38683,-0.23382,-0.79486,0.1232,0.58223,0.88825,0.53123,0.35272,-0.004307,0.072198,-0.080812,-0.99887,0.60773,0.1487,0.1742,0.40372,-0.029808,-0.18282,-0.28482,-0.080812,-0.004307,0.1742,0.27621,0.0977,0.50573,0.78624,1.1178,1.2453,-0.28482,-0.53984,-0.59084,-0.43783,0.021195,0.58223,-0.05531,0.1232,1.3473,0.81175,0.25071,-0.51434,-0.69285,0.19971,0.072198,0.1742,0.27621,0.30171,0.70974,0.55673,-0.004307,-0.05531,-0.79486,-1.5089,1.6788,1.2963,-0.10631,-0.33583,0.30171,-0.48884,0.40372,0.27621,0.63323,0.48022,0.42922,0.1232,0.0977,-0.23382,-0.25932,-0.31033,-0.20832,0.65874,0.021195,0.40372,0.70974,0.19971,-0.029808,0.63323,0.76074,0.1232,-0.48884,-0.79486,-0.13181,0.42922,0.046696,-0.31033,0.021195,0.42922,0.42922,0.072198,-0.15732,0.78624,0.73524,0.81175,0.1487,-0.029808,-0.080812,-0.31033,-0.36133,-0.25932,-0.23382,-0.25932,0.0977,0.68424,0.42922,0.0977,-0.36133,0.63323,0.70974,0.48022,0.19971,0.35272,-0.15732,-0.76936,-0.31033,0.22521,0.0977,0.40372,0.0977,0.25071,-0.004307,0.072198,0.40372,0.50573,0.1487,-0.080812,0.021195,0.73524,0.27621,-0.31033,-0.23382,0.32721,0.73524,0.22521,0.30171,0.53123,-0.004307,-0.38683,-0.28482,-0.61635,0.32721,0.91375,0.60773,0.19971,0.86275,-0.18282,-0.76936,0.35272,0.37822,-0.080812,0.0977,0.48022,0.53123,0.27621,-0.20832,-0.23382,-0.15732,-0.18282,0.1232,0.42922,0.76074,0.86275,-0.029808,-0.080812,-0.080812,0.50573,0.42922,0.48022,0.1232,0.99026,-0.66735,-0.74385,-0.28482,-0.51434,-0.28482,0.88825,0.63323,0.22521,-0.10631,0.1742,0.68424,-0.004307,-0.080812,0.22521,0.60773,0.19971,0.021195,0.1487,-0.13181,0.25071,0.30171,0.1232,-0.18282,-0.15732,0.27621,0.63323,0.22521,0.53123,0.45472,0.27621,0.046696,-0.029808,-0.76936,0.021195,-0.18282,0.83725,0.45472,-1.2794,0.73524,0.78624,0.53123,0.25071,-1.2029,0.27621,-0.029808,-0.029808,-0.20832,0.22521,0.68424,1.2453,0.35272,-0.080812,-0.28482,-0.20832,-0.10631,0.53123,-0.28482,0.0977,0.0977,0.45472,0.1232,-0.05531,-0.080812,0.53123,0.63323,0.30171,0.021195,0.021195,0.48022,0.35272,-0.41233,-0.61635,0.25071,-0.28482,-0.20832,0.22521,0.53123,1.2198,0.35272,0.60773,-0.18282,-1.2029,-0.029808,-0.18282,1.5258,0.76074,-0.13181,-0.31033,0.22521,0.046696,-0.18282,-0.05531,0.1232,-0.33583,-0.36133,0.1232,1.0158,0.50573,0.021195,-0.10631,0.42922,0.35272,-0.080812,0.22521,0.93925,0.96476,-0.61635,-0.18282,0.25071,-0.51434,-0.13181,-0.20832,0.1232,-0.10631,-0.05531,0.25071,0.48022,0.42922,0.63323,0.35272,0.19971,-0.18282,0.1742,0.27621,0.1487,0.1487,-0.23382,-0.41233,-0.13181,0.65874,0.73524,0.1742,-0.28482,-0.33583,0.65874,0.22521,0.0977,0.37822,0.27621,-0.20832,-0.36133,0.19971,1.2963,0.42922,-0.080812,-0.18282,-0.23382,0.37822,0.021195,0.072198,0.021195,-0.080812,-1.1774,0.93925,1.3218,0.22521,-0.05531,-0.10631,-0.15732,-0.74385,-0.36133,0.40372,0.93925,-0.004307,-0.004307,0.53123,0.63323,0.1487,-0.41233,-0.48884,1.1178,0.42922,0.78624,-0.10631,-0.59084,-0.51434,-0.10631,-0.004307,0.30171,0.50573,0.22521,0.1487,0.1487,0.40372,0.45472,-0.10631,0.22521,0.73524,0.35272,0.22521,-0.33583,-0.43783,-0.28482,-0.080812,-0.25932,0.30171,0.73524,0.76074,1.2708,-0.20832,-0.46334,-0.38683,-0.53984,-0.004307,0.76074,0.83725,0.19971,0.30171,0.046696,-0.029808,-0.10631,-0.41233,-0.10631,0.73524,1.2453,0.1232,-0.13181,-0.48884,0.60773,-0.33583,-0.25932,0.021195,0.50573,0.45472,0.1742,0.68424,0.32721,-0.13181,-0.33583,0.58223,0.37822,0.1487,0.021195,0.021195,-0.13181,-0.23382,-0.28482,0.48022,0.63323,1.2708,0.35272,-0.48884,-0.28482,0.19971,-0.43783,-0.15732,-0.18282,0.22521,0.99026,0.93925,0.0977,-0.33583,-0.13181,0.27621,0.30171,0.22521,0.046696,0.1487,0.37822,0.0977,-0.25932,0.40372,0.072198,-0.004307,-0.23382,0.37822,0.27621,0.021195,-0.080812,-0.029808,0.1487,0.22521,0.021195,0.68424,0.50573,0.58223,-0.43783,-0.28482,-0.31033,0.072198,0.32721,0.22521,0.35272,0.1487,0.35272,0.32721,0.046696,-0.029808,0.73524,0.50573,0.22521,0.021195,-0.64185,-0.69285,-0.51434,-0.080812,0.83725,0.99026,0.046696,0.1742,0.1487,0.40372,-0.23382,-0.10631,0.19971,0.25071,0.1232,0.19971,0.1232,0.25071,0.32721,0.50573,-0.004307,-0.59084,-0.38683,0.65874,0.88825,-0.080812,-0.20832,0.40372,0.40372,-0.029808,-0.36133,-0.38683,-0.20832,0.55673,0.99026,0.63323,-0.20832,-0.46334,-0.15732,0.45472,0.91375,0.1232,0.63323,-0.20832,-0.15732,-0.18282,0.1487,0.0977,0.55673,0.58223,-0.05531,-0.20832,-0.25932,-0.15732,0.83725,0.53123,0.35272,-0.10631,0.1232,0.072198,-0.15732,-0.20832,-0.10631,0.27621,0.99026,0.27621,0.22521,0.30171,0.046696,-0.38683,0.32721,0.021195,-0.71835,-0.25932,-0.20832,0.1742,0.35272,1.0668,1.2963,0.60773,-0.13181,-0.33583,-0.43783,-0.15732,1.0158,0.63323,-0.59084,0.1232,-0.029808,-0.080812,-0.53984,-0.05531,0.25071,0.93925,0.37822,0.42922,-0.029808,0.35272,0.19971,-0.23382,-0.51434,-0.25932,-0.05531,0.27621,0.68424,0.96476,1.0413,0.0977,-0.53984,-0.41233,0.22521,0.55673,-0.15732,-0.10631,-0.004307,0.021195,0.48022,0.27621,0.1232,0.53123,0.40372,-0.004307,-0.080812,-0.05531,0.45472,-0.13181,-0.080812,0.021195,0.58223,-0.53984,-0.36133,-0.080812,0.1742,0.40372,0.22521,0.55673,0.32721,0.76074,1.1943,0.50573,-0.51434,-1.0754,-0.82036,-0.48884,0.072198,0.50573,0.99026,-0.05531,0.65874,0.60773,-0.029808,-0.004307,0.27621,-0.15732,-0.10631,0.25071,0.1487,0.19971,0.60773,0.30171,-0.31033,-0.61635,0.021195,0.68424,0.1742,0.1232,0.42922,0.63323,-0.25932,-0.38683,-0.004307,0.25071,0.50573,0.53123,0.22521,-0.23382,-0.18282,0.046696,-0.05531,0.1232,0.30171,-0.20832,0.1742,0.65874,0.37822,0.37822,0.32721,0.37822,0.22521,-0.080812,-0.41233,-0.18282,0.021195,0.65874,0.1742,-0.15732,0.0977,0.32721,-0.10631,0.0977,0.1232,0.1232,0.55673,0.1742,0.19971,-0.10631,-0.080812,0.30171,0.70974,0.072198,0.046696,-0.080812,-0.080812,0.55673,0.0977,0.1487,0.1232,-0.59084,1.2198,1.0413,0.1232,-0.66735,-0.36133,0.30171,0.25071,0.1232,-0.13181,0.046696,-0.05531,0.021195,0.30171,0.0977,0.1742,0.86275,1.3728,-0.18282,-0.28482,0.1232,-0.41233,-0.31033,0.021195,0.60773,0.22521,0.19971,0.32721,-0.080812,0.22521,0.83725,0.19971,-0.43783,-0.28482,-0.20832,-0.004307,0.19971,0.30171,0.32721,0.35272,0.22521,0.27621,0.072198,-0.25932,-0.05531,0.1232,0.25071,0.19971,0.76074,0.30171,-0.31033,-0.28482,-0.28482,-0.004307,-0.28482,0.021195,-0.76936,1.5003,1.0668,0.30171,0.1742,-0.029808,-0.18282,-0.41233,0.55673,0.27621,-0.23382,0.1232,-0.33583,-0.48884,0.65874,0.88825,0.1742,-0.05531,-0.004307,0.22521,0.63323,0.63323,0.58223,-0.61635,-2.1719,0.1742,0.0977,0.27621,0.1232,0.83725,1.3728,1.1688,0.53123,-0.31033,-0.89686,-0.82036,-0.18282,0.0977,-0.05531,-0.10631,0.35272,0.60773,0.50573,0.25071,0.22521,0.58223,0.55673,-0.080812,0.072198,-0.080812,-0.029808,-0.004307,0.021195,0.1232,-0.080812,-0.080812,0.45472,0.53123,0.1232,0.60773,0.046696,-0.56534,-0.48884,0.55673,0.45472,-0.36133,-0.64185,1.2708,0.35272,-0.18282,0.046696,0.76074,1.2708,0.42922,-0.59084,-0.36133,-0.43783,-0.28482,-0.10631,0.22521,0.48022,0.55673,0.58223,-0.10631,-0.13181,-0.05531,-0.029808,0.73524,0.1232,-0.029808,0.35272,0.91375,0.072198,-0.46334,0.021195,0.78624,-0.080812,-0.53984,-0.080812,0.021195,-0.25932,-0.004307,0.48022,1.2963,0.50573,-0.31033,-0.080812,-0.23382,-0.33583,0.42922,1.1688,0.48022,-0.53984,-0.28482,0.42922,0.1232,0.1232,0.046696,-0.23382,0.1232,0.1232,0.1742,0.40372,0.60773,0.37822,-0.56534,0.42922,0.76074,0.1232,-0.69285,-0.61635,-0.33583,0.19971,0.76074,0.072198,0.22521,0.60773,0.42922,-0.080812,0.1232,-0.05531,-0.004307,0.22521,0.35272,0.30171,0.37822,0.27621,-0.59084
0.0977,0.1742,0.1487,0.1487,0.1232,0.1232,0.1232,0.1742,0.1232,0.046696,0.1232,0.0977,0.1487,0.1487,0.1487,0.1232,0.0977,0.0977,0.1742,0.1232,0.1487,0.1742,0.25071,0.1232,0.19971,0.19971,0.1487,0.1487,0.1487,0.046696,0.0977,0.0977,0.19971,0.1487,0.25071,0.22521,0.1232,0.1232,0.072198,-0.029808,0.0977,0.1232,0.22521,0.27621,0.22521,0.1487,0.072198,-0.029808,0.072198,0.1232,0.1232,0.0977,0.25071,0.27621,0.25071,0.1232,0.1232,0.021195,0.1232,0.1487,0.19971,0.1742,0.1232,0.22521,0.25071,0.19971,0.1232,0.021195,0.021195,0.072198,0.1742,0.1742,0.1742,0.1487,0.19971,0.19971,0.1742,0.1232,-0.004307,0.046696,0.1487,0.22521,0.30171,0.19971,0.1487,0.072198,0.1232,0.22521,0.1232,0.021195,0.1232,0.1232,0.25071,0.19971,0.22521,0.1487,0.19971,0.1487,0.0977,-0.029808,0.0977,0.27621,0.30171,0.22521,0.22521,0.1487,0.1232,0.1487,0.1487,0.072198,-0.004307,0.1742,0.1487,0.1487,0.1232,0.1487,0.27621,0.22521,0.1487,0.046696,0.072198,0.1487,0.1487,0.22521,0.25071,0.22521,0.1742,0.072198,0.1487,0.25071,-0.080812,0.19971,0.35272,0.1232,0.32721,0.046696,-0.004307,0.30171,0.22521,0.1487,-0.13181,0.1232,0.45472,0.1232,0.072198,0.22521,-0.15732,0.88825,0.32721,-0.05531,-0.38683,0.1487,0.1487,-0.18282,0.072198,-0.23382,0.53123,0.072198,0.45472,0.50573,0.42922,1.1433,0.93925,0.53123,-2.0189,0.68424,1.4748,-0.080812,-0.97337,-2.784,-1.9424,4.5605,0.76074,-1.1774,5.351,3.8719,-1.9679,1.8063,-2.3505,-9.0064,-1.4834,2.9029,0.76074,-1.7639,1.1688,4.841,5.3255,-2.376,-6.8642,-3.4725,-2.6055,5.6571,6.6771,-0.31033,0.88825,1.0158,-2.9625,-3.702,-1.6364,-6.0482,0.53123,10.426,4.79,-5.7677,0.072198,-0.20832,-2.7585,-4.2886,5.2235,10.298,1.2708,-5.2576,-9.3889,0.1487,3.7954,1.7553,2.3418,-2.9625,-5.1556,5.1725,4.9175,0.45472,-0.82036,-3.9061,3.5404,-0.69285,-0.79486,1.2198,1.7043,0.93925,-2.631,0.83725,0.73524,-3.0645,0.021195,-0.43783,0.60773,1.3218,2.2398,0.73524,-0.36133,-2.1974,0.48022,6.4731,0.53123,-1.3049,-1.2284,-0.33583,0.19971,-1.6874,-2.478,2.1888,-3.09,2.8264,2.6224,0.58223,-0.080812,-0.76936,-0.31033,-0.64185,-0.94787,-0.38683,0.65874,-1.8659,3.5659,2.1888,0.48022,-0.79486,-1.0499,-0.23382,-0.51434,-0.33583,0.68424,0.40372,-0.20832,-0.38683,0.072198,0.50573,0.27621,-0.53984,-0.51434,-0.004307,0.55673,-0.080812,0.68424,0.22521,0.60773,0.27621,0.63323,0.42922,0.021195,-0.59084,1.0413,-0.13181,-0.59084,-0.33583,0.072198,0.1742,0.55673,-0.05531,0.40372,-0.41233,1.1433,-0.05531,-1.4834,-0.18282,-0.004307,1.1943,-0.18282,0.021195,0.86275,0.99026,-2.1209,2.4694,0.58223,-0.79486,-0.38683,0.83725,1.2198,0.1487,-0.61635,0.35272,-0.84586,-0.31033,-0.15732,-0.33583,-0.31033,-3.09,3.8719,1.6533,0.63323,1.2198,0.76074,0.1232,-0.99887,-1.3814,-1.6619,0.1487,0.072198,-0.56534,2.1123,0.22521,-0.43783,0.58223,0.40372,1.1433,0.58223,0.35272,-0.25932,-2.9625,2.8264,-0.13181,-0.94787,-0.43783,-0.69285,-0.05531,0.76074,0.0977,0.046696,0.32721,0.55673,0.45472,-0.05531,0.0977,0.99026,-0.004307,0.40372,0.30171,0.22521,0.072198,-0.56534,-0.56534,-0.18282,1.0158,0.072198,1.8573,0.48022,-0.31033,-0.97337,-0.36133,-0.029808,-0.74385,0.45472,-0.004307,-0.004307,0.30171,1.3473,0.65874,-0.13181,-0.23382,-0.25932,0.021195,0.78624,0.86275,0.1742,-2.1209,3.6169,0.76074,-1.4069,-1.0754,-0.92237,-0.004307,0.48022,0.53123,-0.23382,-0.69285,-0.080812,-0.31033,1.6278,3.5914,0.55673,-0.004307,-0.43783,-0.82036,0.32721,0.30171,0.32721,-0.69285,-0.51434,-0.10631,-0.23382,0.70974,0.53123,1.0923,0.68424,-0.36133,-0.51434,0.35272,0.78624,-0.080812,-0.13181,0.27621,0.58223,-0.10631,0.35272,0.65874,0.1487,-1.2284,-1.1774,0.96476,0.22521,-0.76936,-0.41233,0.68424,0.76074,1.0923,1.1688,1.3473,-0.31033,-1.0244,-0.69285,-1.7384,0.55673,0.25071,0.99026,0.48022,-0.20832,-0.33583,0.32721,0.63323,-1.8404,3.1324,0.021195,-1.0244,-0.23382,-0.31033,-0.15732,0.27621,-0.004307,-0.53984,0.072198,1.3983,0.91375,0.40372,0.91375,-0.18282,-0.64185,-0.10631,-0.31033,-0.41233,-0.31033,-0.38683,1.3473,0.42922,0.19971,0.072198,0.68424,0.58223,-0.080812,-0.53984,0.021195,-0.36133,-0.25932,-0.38683,0.021195,0.78624,0.76074,-0.84586,-0.20832,0.55673,1.9848,0.83725,-0.94787,-1.1009,-0.64185,-0.23382,-0.18282,-0.18282,0.83725,0.78624,0.83725,0.0977,0.19971,0.1232,1.0413,0.046696,-0.61635,-0.89686,0.37822,0.1742,0.19971,-0.15732,0.021195,-0.59084,0.83725,1.1433,0.88825,0.53123,-0.28482,-1.1009,-0.89686,0.072198,0.70974,1.0158,0.65874,0.0977,-0.10631,-0.029808,0.58223,0.046696,-0.33583,-0.15732,-0.23382,0.1232,0.40372,0.50573,-0.92237,0.68424,-0.33583,1.5513,0.68424,-0.25932,-0.13181,0.27621,0.1742,-0.029808,-0.05531,-0.79486,-0.69285,0.48022,-0.05531,-0.18282,0.70974,2.3928,0.53123,0.58223,0.42922,-0.38683,-0.46334,-1.0754,-0.79486,-0.43783,0.78624,1.3218,0.68424,0.046696,0.072198,0.32721,0.70974,-0.05531,-0.38683,-0.51434,-0.28482,0.60773,0.45472,1.2198,0.58223,0.1232,0.19971,-0.59084,-0.64185,-0.28482,0.42922,0.27621,0.1742,0.60773,0.42922,0.072198,0.30171,0.27621,-0.23382,1.3218,1.3218,-0.13181,-0.33583,-0.13181,0.0977,-0.69285,0.0977,0.1232,0.22521,0.27621,0.32721,0.65874,0.91375,-0.15732,-0.64185,-0.69285,0.50573,0.32721,0.37822,0.32721,0.19971,0.1232,0.1742,0.22521,-0.13181,0.1487,0.58223,0.40372,0.32721,-0.004307,-0.56534,0.072198,0.1487,-0.18282,0.0977,0.73524,0.22521,0.0977,0.32721,-0.05531,0.83725,-0.05531,-0.46334,0.37822,-0.15732,0.25071,-1.4834,0.81175,1.5768,0.78624,0.1487,0.22521,0.65874,-0.18282,-0.080812,-0.53984,-1.0499,-0.13181,0.0977,-0.48884,-3.243,3.5149,3.5659,0.42922,1.2453,0.53123,-0.79486,-0.89686,-1.6874,-3.1155,-0.69285,2.8774,2.0103,0.19971,1.7553,1.7298,0.76074,-0.84586,-1.6364,-1.3814,-1.3814,-0.33583,1.0158,1.0158,0.58223,-0.18282,2.1378,3.7444,0.27621,-0.89686,-0.87136,-0.76936,-0.13181,0.22521,0.072198,0.19971,0.55673,0.48022,-1.1009,-0.33583,-3.447,4.2035,2.9029,-0.029808,-0.92237,-0.94787,-0.080812,0.32721,0.35272,-0.080812,-0.25932,0.30171,0.60773,0.70974,1.2453,-0.71835,-0.59084,-0.15732,0.1487,0.50573,-0.15732,-0.004307,0.046696,-0.10631,0.58223,0.1232,-0.18282,-0.10631,0.37822,0.1487,0.1487,-0.41233,1.4238,-0.69285,2.1888,-0.18282,-0.41233,-0.13181,-0.28482,-0.36133,-0.61635,-0.59084,-0.18282,0.53123,0.40372,0.99026,0.53123,0.25071,0.32721,1.0923,0.45472,0.046696,-0.92237,-0.25932,0.32721,-0.080812,0.25071,0.22521,-0.080812,-0.080812,0.45472,0.1232,0.60773,-0.36133,0.65874,1.0158,-0.23382,-0.13181,-0.080812,-0.20832,1.5258,0.22521,-1.4324,-0.46334,0.072198,0.40372,0.73524,1.1178,0.63323,-0.28482,-0.87136,-0.029808,0.86275,1.1178,-0.48884,-0.64185,-0.38683,-0.004307,-0.10631,0.22521,0.42922,0.96476,1.2963,0.91375,0.50573,-1.0244,-1.4069,-1.4324,-0.15732,0.78624,1.5003,-0.38683,1.1688,1.3473,-0.79486,-0.36133,-0.97337,1.5513,0.93925,-0.41233,-0.94787,-0.41233,0.48022,0.81175,0.19971,0.53123,0.27621,-0.31033,-1.1009,0.88825,0.021195,0.35272,1.1433,0.63323,-0.080812,-0.05531,-0.43783,-0.71835,-0.97337,-0.61635,0.0977,0.48022,0.65874,-0.18282,0.021195,2.3673,0.81175,-0.36133,0.1232,0.1487,0.0977,-0.05531,-0.20832,-0.080812,-0.43783,-0.64185,0.046696,0.021195,0.021195,0.1487,0.50573,1.0413,1.3728,0.45472,-0.10631,-0.10631,0.25071,0.22521,-0.13181,-0.43783,-0.64185,-0.10631,0.55673,0.96476,0.32721,-0.36133,-0.43783,0.93925,0.25071,-0.56534,0.1742,0.50573,0.40372,0.45472,0.22521,0.73524,-0.029808,-0.080812,-1.5344,0.1232,-0.05531,-0.05531,0.19971,-0.20832,1.4238,1.4748,0.73524,-0.41233,-0.59084,-0.10631,-0.36133,-0.36133,0.93925,0.27621,-0.53984,-0.18282,0.45472,0.58223,-0.080812,-0.28482,-0.48884,0.072198,0.60773,0.53123,0.40372,-0.25932,0.22521,0.22521,0.1232,0.70974,0.58223,0.63323,0.83725,0.32721,-0.41233,-0.61635,0.25071,0.1742,-0.20832,-1.4324,-1.1519,2.6479,1.7553,0.25071,-0.029808,-0.23382,0.021195,-0.23382,-0.05531,-0.46334,0.046696,0.1232,0.48022,1.0413,1.0158,0.45472,-0.38683,-0.36133,-0.87136,-0.18282,-0.15732,0.1487,0.73524,1.0413,0.45472,-0.46334,-0.69285,-0.59084,-0.18282,1.1178,0.76074,0.1742,0.046696,0.021195,-0.23382,0.021195,0.68424,0.76074,0.021195,-0.080812,-0.51434,-0.84586,0.81175,1.0668,0.60773,0.45472,-0.080812,-0.10631,0.072198,-0.51434,0.0977,0.53123,0.76074,-0.004307,-0.10631,0.072198,-0.004307,-0.31033,-0.23382,0.046696,0.45472,0.45472,1.1433,1.3728,0.45472,-0.36133,-0.43783,-0.61635,-0.004307,-0.029808,0.072198,0.22521,0.25071,0.1742,0.70974,1.5003,1.5768,0.27621,-0.53984,-0.59084,-0.94787,-1.1264,-0.69285,-0.59084,-0.20832,0.81175,2.1123,1.1433,0.35272,-0.004307,0.1742,-0.05531,-0.92237,1.5513,1.5513,-0.36133,-1.0754,-0.43783,0.1742,0.1487,0.1742,0.19971,0.1742,0.046696,0.83725,0.021195,-0.25932,0.0977,0.40372,1.6533,1.3473,-0.05531,-0.79486,-0.79486,0.046696,-0.25932,-0.05531,-0.25932,0.22521,0.32721,0.25071,0.27621,0.83725,1.3983,0.63323,-0.28482,-0.66735,-0.36133,-0.004307,0.1487,0.30171,0.48022,-0.18282,-0.05531,-0.004307,0.1232,-0.18282,0.40372,-0.004307,0.27621,0.48022,0.45472,0.70974,1.0413,1.0413,0.1487,-0.46334,-0.99887,-1.3049,-1.1774,-0.76936,0.42922,0.99026,0.63323,0.53123,0.60773,0.65874,0.53123,-0.25932,0.1487,0.73524,0.072198,-0.33583,-0.029808,0.53123,0.1487,-0.080812,-0.59084,-1.0244,0.22521,1.0413,1.1433,0.68424,0.53123,-0.004307,-0.05531,-0.05531,-0.18282,-0.89686,-0.59084,-0.18282,0.0977,0.83725,1.1178,1.2963,0.19971,0.1487,-0.59084,-0.56534,-0.79486,1.5258,0.53123,-0.13181,-0.18282,0.73524,0.27621,-0.33583,-0.84586,-1.4069,0.32721,0.40372,0.046696,1.1178,0.45472,0.22521,0.22521,0.37822,0.22521,0.19971,0.1487,0.19971,0.021195,0.0977,0.83725,0.73524,-0.004307,-0.59084,-0.41233,-0.43783,-0.004307,-0.15732,1.5513,0.40372,0.27621,0.37822,-0.080812,0.072198,-0.79486,-0.33583,0.25071,0.78624,0.046696,0.76074,0.072198,0.22521,0.55673,0.55673,-0.28482,-0.51434,0.1487,-0.31033,0.68424,0.63323,0.30171,-0.69285,-0.05531,0.19971,0.19971,-0.36133,0.0977,0.48022,1.3473,0.40372,0.22521,0.1742,-0.25932,-0.41233,-0.080812,-0.10631,-0.080812,0.25071,0.32721,0.0977,0.37822,0.0977,0.45472,0.68424,0.25071,0.40372,0.42922,-0.004307,-0.89686,-0.53984,-0.20832,0.072198,0.27621,0.1742,0.88825,0.42922,0.1232,0.25071,0.76074,0.73524,0.73524,0.046696,-0.20832,-0.004307,-0.79486,-0.76936,-0.029808,0.072198,0.1232,1.0923,1.1943,0.25071,-0.13181,0.1232,-0.080812,-0.53984,-0.33583,-0.18282,0.81175,0.86275,0.1487,-0.25932,-0.080812,0.1232,-0.25932,0.65874,1.1178,0.37822,-0.38683,-0.36133,-0.05531,0.73524,0.42922,-0.004307,0.19971,-0.05531,-0.05531,-0.15732,-0.004307,0.27621,0.53123,0.1232,-0.25932,-0.004307,0.1232,0.072198,-0.080812,0.25071,1.0158,1.6278,0.63323,-0.23382,-0.64185,-0.92237,-0.87136,0.0977,0.70974,0.1742,0.046696,0.58223,0.78624,0.1742,0.50573,0.021195,-1.2539,0.27621,0.93925,0.0977,-0.31033,0.1742,0.25071,0.42922,-0.15732,-0.23382,0.27621,0.37822,0.072198,0.40372,0.1487,-0.05531,0.48022,0.78624,0.73524,-0.080812,-0.33583,-0.64185,0.021195,0.45472,-0.33583,-0.080812,0.25071,0.37822,0.83725,0.63323,0.37822,-0.43783,0.046696,0.27621,0.021195,-0.25932,-0.18282,0.68424,0.072198,0.37822,-0.080812,0.65874,-0.20832,0.37822,1.0923,-0.48884,-0.56534,-0.15732,0.072198,0.37822,-0.25932,-0.33583,0.55673,1.0413,0.88825,0.30171,-0.004307,-0.080812,-0.13181,-0.28482,0.50573,0.072198,-0.48884,0.22521,0.19971,0.93925,0.53123,0.37822,-0.51434,-0.46334,-0.080812,0.0977,0.021195,-0.10631,-0.080812,0.70974,0.021195,0.58223,0.63323,0.1487,0.93925,0.53123,-0.46334,-0.89686,-0.59084,-0.15732,-0.51434,0.83725,1.4238,1.1943,-0.15732,-0.61635,-0.59084,-0.28482,0.046696,0.63323,0.53123,0.19971,1.1943,0.86275,-0.41233,-0.56534,-0.56534,-0.41233,0.021195,0.30171,0.1487,0.35272,0.70974,0.42922,0.68424,0.35272,0.19971,0.072198,-0.38683,-0.59084,-1.3559,0.27621,0.0977,0.40372,0.48022,1.0923,0.70974,0.37822,-0.13181,0.1487,-0.28482,-0.76936,0.58223,0.37822,-0.18282,-0.004307,0.40372,0.40372,0.50573,0.42922,-0.080812,-0.36133,-0.94787,0.50573,0.25071,-0.38683,0.37822,1.3728,1.1433,0.35272,0.021195,-0.48884,-0.69285,-0.82036,-0.56534,-0.31033,0.37822,1.0158,1.0923,0.81175,0.70974,-0.080812,-0.23382,-0.33583,-0.13181,-0.48884,-0.029808,0.25071,-0.69285,0.32721,0.81175,0.70974,0.73524,-0.20832,-0.71835,-0.38683,0.32721,1.0413,0.0977,-0.28482,0.30171,-0.18282,-0.029808,-0.23382,1.0668,0.35272,-0.18282,0.0977,0.046696,0.35272,0.48022,0.25071,0.021195,-0.13181,-0.004307,0.1232,0.48022,-0.59084,-0.33583,0.32721,0.50573,0.32721,0.32721,-0.43783,0.53123,0.55673,0.19971,0.021195,0.021195,0.1232,-0.15732,-0.33583,-0.080812,0.45472,0.53123,0.1487,0.53123,0.48022,0.1742,-0.10631,0.021195,0.1742,0.42922,-0.31033,-0.56534,-0.18282,0.42922,1.0413,0.55673,0.27621,-0.13181,0.25071,0.37822,-0.69285,-0.43783,0.30171,0.70974,0.63323,0.1742,0.35272,-0.25932,0.021195,-0.25932,-0.13181,0.0977,0.1232,0.37822,0.55673,0.30171,0.046696,-0.36133,0.73524,0.99026,-0.029808,-0.33583,-0.18282,-0.38683,-0.05531,0.37822,0.88825,0.1742,0.55673,-0.15732,-0.10631,-0.31033,-0.46334,-0.31033,0.0977,0.53123,0.42922,-0.05531,1.0413,1.5513,0.35272,-0.53984,-0.28482,-0.20832,-0.10631,-0.25932,-0.28482,0.32721,0.53123,0.30171,0.55673,0.83725,0.072198,-0.38683,-0.10631,0.19971,0.42922,0.046696,-0.18282,0.27621,0.53123,-0.13181,0.45472,1.1433,0.37822,-0.69285,-0.97337,-0.66735,0.58223,0.88825,0.1487,-0.13181,0.0977,-0.15732,0.42922,0.60773,0.70974,0.0977,0.1487,-0.20832,0.30171,0.1232,-0.41233,-0.004307,0.42922,0.55673,-0.10631,-0.25932,-0.46334,0.1742,0.96476,0.32721,-0.004307,0.73524,0.99026,-0.41233,-0.76936,-0.36133,-0.18282,0.19971,0.27621,0.60773,0.32721,0.32721,0.78624,1.2453,-0.36133,-0.51434,-0.33583,-0.080812,0.072198,0.1232,0.30171,-0.15732,-0.004307,0.65874,0.42922,0.42922,0.58223,0.1487,-0.48884,-0.13181,-0.080812,0.19971,0.63323,0.32721,-0.05531,-0.080812,-0.31033,0.55673,0.93925,0.78624,-0.31033,-0.38683,0.0977,-0.080812,-0.61635,-0.18282,0.021195,0.45472,1.0923,0.63323,0.63323,0.1742,-0.38683,-0.23382,-0.20832,-0.51434,-0.029808,0.60773,0.63323,-0.23382,0.73524,0.1232,-0.18282,0.45472,0.68424,0.1487,-0.28482,-0.15732,-0.13181,-0.18282,0.072198,0.37822,0.35272,0.1487,-0.13181,-0.13181,0.45472,0.91375,0.1487,-0.15732,0.021195,0.30171,0.78624,0.22521,-0.10631,-0.28482,-0.28482,-0.10631,0.1487,-0.15732,-0.56534,-0.20832,1.3728,0.91375,0.22521,0.1487,0.072198,0.22521,-0.05531,-0.89686,-0.05531,-0.28482,-0.13181,1.1433,1.0923,0.32721,0.53123,0.046696,-0.080812,-0.05531,-0.05531,0.046696,-0.13181,0.19971,0.19971,0.63323,0.35272,-0.28482,-0.38683,0.19971,0.0977,-0.23382,0.35272,0.96476,0.60773,0.53123,0.072198,-0.41233,0.42922,-0.004307,-0.79486,-0.56534,-0.28482,0.32721,0.76074,0.53123,0.42922,0.22521,0.27621,-0.029808,0.1232,0.50573,-0.18282,-0.10631,0.1232,0.55673,0.1742,-0.15732,0.1487,0.25071,-0.080812,-0.20832,-0.080812,0.072198,-0.15732,0.53123,0.0977,0.1232,0.78624,0.76074,0.35272,0.19971,-0.15732,-0.61635,-0.46334,-0.18282,0.63323,0.35272,-0.20832,0.30171,0.68424,0.30171,-0.25932,-0.20832,0.021195,-0.004307,0.35272,0.1742,0.35272,0.046696,0.25071,0.40372,0.32721,-0.20832,-0.46334,0.25071,0.73524,1.3473,-0.46334,-0.31033,-0.51434,-0.23382,-0.10631,0.73524,0.70974,1.0158,-0.029808,-0.82036,-0.23382,-0.36133,0.40372,0.1487,0.40372,0.55673,0.45472,-0.41233,-0.13181,0.55673,0.046696,0.40372,-0.029808,-0.13181,-0.029808,0.1742,0.22521,0.30171,0.40372,0.48022,0.046696,-0.18282,0.40372,0.42922,-0.080812,-0.23382,-0.31033,-0.41233,-0.080812,-0.05531,0.40372,1.1178,0.58223,-0.080812,0.35272,1.3983,1.1943,-0.38683,-1.1009,-0.99887,-0.31033,-0.080812,-0.05531,0.88825,0.48022,0.046696,0.45472,0.60773,0.25071,0.046696,0.046696,-0.13181,-0.41233,-0.18282,-0.029808,0.48022,0.48022,0.93925,0.1232,-0.004307,0.072198,0.021195,-0.46334,-0.41233,0.60773,0.73524,0.81175,0.32721,0.22521,-0.080812,-0.31033,-0.25932,-0.31033,0.22521,-0.05531,0.19971,0.0977,0.55673,0.63323,-0.004307,0.35272,0.1487,-0.080812,-0.25932,-0.23382,-0.59084,0.58223,0.83725,1.2198,0.072198,-0.33583,-0.46334,-0.20832,0.1487,-0.029808,-0.18282,0.046696,0.53123,0.83725,0.93925,0.53123,-0.05531,-0.36133,0.0977,0.32721,-0.080812,-1.3304,0.40372,0.53123,0.91375,0.40372,0.35272,0.27621,0.27621,0.0977,0.1232,-0.74385,-0.48884,0.30171,0.58223,0.021195,-0.18282,-0.33583,0.48022,1.1178,1.1178,-0.080812,0.1232,0.76074,0.40372,-0.25932,-0.43783,-0.59084,-0.71835,-0.79486,-0.43783,0.22521,0.48022,0.45472,0.68424,1.1178,1.1688,0.40372,-0.080812,-0.05531,-0.080812,-0.28482,-0.48884,-0.33583,0.27621,0.63323,0.072198,-0.029808,-0.10631,0.19971,0.021195,0.45472,0.86275,1.0413,0.046696,-0.10631,-0.10631,-0.080812,-0.080812,-0.25932,0.27621,-0.69285,0.55673,1.1688,0.072198,-0.41233,-0.080812,-0.080812,0.73524,0.40372,0.1232,-0.66735,-0.38683,0.32721,0.1742,0.021195,0.60773,0.96476,0.93925,-0.28482,-0.25932,-0.004307,-0.13181,-0.23382,0.83725,0.50573,-0.74385,-0.61635,0.072198,0.42922,0.30171,0.48022,0.40372,0.1232,0.32721,0.32721,0.22521,-0.36133,-0.33583,0.021195,0.27621,0.50573,0.32721,0.1742,0.65874,0.83725,0.37822,-0.33583,-0.92237,0.48022,0.30171,-0.28482,0.1742,0.22521,0.19971,-0.25932,-0.13181,0.046696,0.40372,0.53123,-0.05531,-0.13181,-0.28482,-0.080812,0.072198,0.78624,0.96476,0.42922,-0.38683,-0.41233,-0.25932,-0.15732,0.78624,0.55673,0.73524,0.021195,-0.18282,-0.10631,-0.080812,0.021195,0.93925,0.37822,0.1487,-0.33583,-0.31033,-0.23382,-0.13181,-0.004307,-0.41233,1.3983,1.1688,-0.71835,0.50573,0.37822,-0.004307,-0.05531,-0.33583,-0.61635,0.072198,0.48022,0.70974,0.1232,-0.13181,-0.25932,-0.080812,-0.004307,-0.13181,-0.029808,0.30171,0.91375,0.81175,0.78624,0.48022,-0.23382,-0.59084,-0.46334,-0.05531,0.25071,0.22521,-0.029808,0.0977,0.30171,0.19971,0.25071,0.27621,0.30171,0.48022,0.35272,-0.66735,0.53123,0.63323,0.1232,-0.004307,-0.05531,0.046696,0.73524,0.1232,0.021195,-0.15732,0.021195,0.86275,0.60773,0.48022,0.35272,-0.36133,-0.46334,-0.87136,0.021195,0.50573,0.30171,-0.080812,0.53123,1.0413,0.35272,-0.25932,-0.36133,-0.31033,0.1487,0.35272,0.32721,0.35272,0.1487,-0.05531,-0.31033,-0.18282,-0.13181,0.1742,0.48022,0.70974,-0.20832,0.046696,0.32721,0.55673,-0.004307,0.021195,0.1742,0.22521,0.021195,-0.13181,0.046696,0.1742,0.19971,0.072198,0.27621,0.68424,0.32721,-0.10631,-0.05531,-0.84586,0.30171,0.22521,-0.20832,0.021195,0.53123,0.48022,-0.029808,0.1232,-0.004307,0.37822,0.30171,0.1487,0.30171,0.68424,0.65874,-0.31033,-0.23382,-0.029808,0.1742,-0.004307,-0.05531,0.1742,0.19971,0.22521,-0.48884,0.50573,0.32721,0.072198,0.19971,0.37822,0.1232,0.1487,-0.10631,-0.20832,-0.004307,0.19971,0.1232,0.55673,0.76074,0.37822,-0.004307,-0.10631,-0.10631,0.1487,0.046696,0.45472,0.40372,0.1742,-0.28482,-0.31033,-0.18282,-0.05531,0.50573,0.48022,0.60773,0.35272,0.0977,-0.05531,-0.10631,-0.31033,0.0977,0.63323,0.83725,0.021195,-0.15732,-0.18282,0.1232,0.1232,-0.080812,0.70974,0.70974,-0.004307,-0.59084,-0.71835,0.32721,0.32721,0.91375,0.1742,-0.33583,-0.28482,0.35272,0.63323,0.30171,0.021195,-0.004307,0.50573,-0.33583,-0.25932,0.0977,0.53123,0.35272,0.30171,0.42922,-0.10631,-0.10631,-0.10631,-0.28482,1.0413,0.60773,0.25071,-0.48884,-0.76936,-0.25932,-0.05531,0.27621,0.60773,0.1487,0.48022,0.63323,0.70974,0.22521,0.22521,0.1487,-0.46334,-0.61635,-0.33583,-0.004307,-0.25932,0.73524,0.65874,0.046696,0.1742,0.072198,0.0977,0.27621,0.65874,-0.080812,-0.31033,-0.13181,-0.10631,0.1487,0.40372,0.50573,0.22521,0.19971,0.1742,0.1742,0.30171,0.25071,0.50573,1.1433,0.1487,-1.2794,-0.13181,-0.15732,-0.38683,-0.33583,0.42922,0.76074,0.37822,0.53123,-0.28482,0.35272,0.48022,0.25071,-0.25932,0.30171,0.40372,0.68424,-0.10631,-0.15732,0.072198,-0.10631,-0.28482,0.1232,0.30171,0.046696,0.37822,0.55673,-0.18282,-0.05531,0.1742,0.37822,0.37822,0.37822,0.48022,-0.004307,0.046696,-0.41233,0.30171,0.35272,0.88825,0.22521,0.046696,0.021195,0.1232,-0.28482,-0.05531,-0.28482,0.021195,-0.080812,0.73524,0.40372,0.25071,0.32721,0.19971,0.22521,0.68424,0.68424,-0.33583,-0.53984,-0.20832,0.1487,0.1232,0.072198,0.22521,0.072198,0.1487,0.32721,0.65874,0.60773,0.22521,-0.10631,-0.13181,0.50573,-0.004307,-0.080812,-0.05531,-0.004307,0.19971,0.0977,-0.71835,0.58223,0.021195,0.021195,0.1232,0.60773,0.27621,0.072198,-0.080812,-0.15732,-0.69285,1.1178,0.73524,-0.28482,-0.28482,0.021195,0.45472,0.1232,-0.080812,0.32721,-0.36133,0.86275,0.35272,0.021195,0.30171,0.072198,0.021195,0.0977,-0.15732,-0.20832,0.072198,0.19971,0.32721,0.60773,0.81175,0.53123,0.021195,-0.66735,-0.53984,0.0977,0.60773,0.37822,0.1232,0.42922,0.22521,-0.38683,-0.48884,0.22521,0.55673,0.32721,-0.15732,0.0977,0.27621,0.25071,0.1232,-0.13181,-0.48884,0.072198,0.91375,0.60773,0.046696,-0.48884,0.83725,0.60773,-0.080812,-0.48884,-0.080812,0.22521,0.30171,-0.20832,-0.69285,0.45472,0.73524,0.27621,0.22521,0.22521,0.22521,0.1232,0.021195,0.0977,0.40372,0.1742,-0.38683,0.22521,0.76074,0.35272,-0.36133,-0.53984,0.30171,0.37822,0.1742,-0.10631,-0.004307,0.40372,0.48022,0.1232,0.1232,0.25071,0.22521,0.046696,0.021195,0.021195,0.072198,0.42922,-0.004307,-0.18282,1.0158,0.072198,0.046696,0.93925,0.68424,0.046696,-0.31033,-0.66735,-0.66735,0.046696,-0.48884,-0.080812,0.78624,0.91375,0.58223,-0.13181,0.27621,0.25071,0.25071,0.32721,0.42922,-0.23382,-0.10631,-0.18282,0.021195,0.53123,0.046696,-0.13181,-0.080812,-0.080812,0.046696,0.0977,0.81175,0.73524,0.55673,0.0977,-0.13181,-0.20832,-0.33583,-0.13181,0.35272,0.63323,0.25071,0.19971,0.32721,0.27621,-0.41233,-0.53984,0.22521,1.0923,0.50573,0.1487,0.1487,-0.74385,-0.004307,0.60773,0.22521,-0.05531,0.0977,0.22521,0.32721,-0.25932,0.45472,-0.18282,0.65874,0.1742,0.37822,0.30171,-0.23382,0.021195,0.072198,0.86275,-0.080812,-0.004307,-0.10631,-0.029808,0.1487,0.30171,0.35272,-0.004307,-0.28482,-0.41233,-0.31033,-0.080812,0.35272,0.30171,0.53123,0.70974,0.88825,-0.004307,-0.28482,-0.18282,-0.36133,-0.43783,-0.004307,0.1487,0.1487,0.37822,0.53123,0.63323,0.30171,0.021195,-0.13181,1.0923,1.3983,0.021195,-0.66735,-0.004307,-0.20832,-0.13181,0.0977,-0.18282,0.30171,0.35272,0.046696,0.25071,0.53123,0.37822,0.32721,-0.029808,-0.10631,0.021195,-0.080812,-0.029808,0.22521,-0.10631,0.53123,0.42922,0.58223,0.046696,-0.23382,-0.18282,-0.38683,0.48022,0.73524,0.22521,-0.05531,-0.25932,-0.38683,-0.20832,0.1742,0.22521,0.48022,0.63323,0.65874,0.42922,0.1487,-0.15732,-0.05531,-0.20832,0.19971,0.25071,0.0977,-0.25932,-0.10631,0.50573,0.22521,-0.28482,0.76074,0.32721,-0.004307,-0.10631,-0.080812,-0.05531,0.27621,-0.004307,0.19971,0.63323,0.68424,0.30171,-0.029808,-0.05531,-0.20832,-0.15732,0.50573,0.22521,0.1232,-0.25932,0.072198,0.0977,0.50573,0.046696,0.55673,-0.029808,0.021195,0.072198,0.42922,0.50573,0.40372,0.1232,-0.23382,-0.28482,0.072198,0.30171,-0.05531,0.072198,-0.080812,0.42922,-0.25932,1.6278,0.37822,-0.36133,-0.20832,-0.15732,0.25071,0.35272,0.0977,-0.029808,-0.43783,0.072198,0.58223,0.83725,0.0977,-0.41233,-0.20832,-0.080812,0.35272,0.046696,0.83725,0.78624,0.1232,-0.28482,-0.23382,0.072198,0.70974,-0.004307,-0.23382,0.0977,0.19971,0.53123,-0.20832,-0.13181,-0.05531,-0.13181,0.021195,-0.029808,0.53123,0.96476,0.96476,-0.41233,0.1232,0.1487,-0.15732,-0.36133,-0.13181,0.021195,0.27621,0.30171,0.40372,0.35272,-0.10631,-0.89686,0.30171,0.81175,0.55673,0.58223,-0.05531,-0.029808,0.1742,-0.25932,-0.18282,-0.23382,0.1487,0.42922,0.32721,0.42922,0.88825,0.0977,0.046696,0.27621,0.1487,0.0977,0.27621,0.072198,-0.18282,-0.10631,-0.05531,0.22521,0.25071,0.58223,0.22521,0.072198,-0.41233,-0.20832,-0.080812,0.53123,0.30171,0.58223,0.1742,0.19971,0.53123,0.072198,-0.69285,0.73524,0.30171,-0.28482,-0.23382,-0.15732,0.072198,0.53123,0.50573,0.1487,0.1742,0.046696,0.1487,0.1232,-0.029808,-0.05531,-0.080812,-0.20832,1.3473,0.53123,-0.25932,-0.15732,0.021195,-0.23382,-0.23382,0.45472,0.81175,0.27621,-0.38683,0.96476,0.1232,-0.41233,-1.3559,0.73524,0.88825,0.35272,0.37822,-0.31033,0.1487,-0.18282,-0.05531,0.0977,0.25071,0.40372,-0.029808,0.35272,0.1487,0.1232,0.021195,-0.13181,-0.10631,0.27621,0.63323,0.1742,0.27621,0.30171,-0.05531,0.68424,0.30171,-0.20832,-0.38683,-0.20832,-0.080812,0.072198,0.072198,-0.13181,0.0977,0.32721,0.53123,0.32721,0.22521,0.35272,0.40372,-0.13181,0.86275,0.42922,-0.38683,-0.20832,-0.20832,-0.56534,-0.46334,-0.31033,0.73524,0.68424,0.55673,0.42922,0.30171,0.021195,0.046696,-0.25932,-0.13181,0.046696,0.83725,0.45472,-0.004307,-0.10631,-0.029808,-0.080812,0.19971,0.30171,0.1742,0.1742,0.25071,-0.05531,0.1232,0.40372,0.1232,-0.10631,0.1232,0.0977,0.35272,0.37822,0.1742,0.19971,-0.05531,-0.10631,0.22521,0.1487,-0.029808,0.046696,0.0977,0.19971,0.072198,-0.080812,0.30171,0.1742,-0.05531,0.81175,0.25071,-0.080812,-0.18282,0.45472,0.68424,-0.33583,-0.43783,0.22521,0.22521,0.27621,0.072198,-0.23382,0.19971,0.1487,0.76074,0.32721,0.63323,-0.38683,-0.33583,0.072198,0.021195,-0.33583,0.046696,0.45472,1.3218,0.60773,0.021195,-0.25932,-0.41233,-0.33583,-0.029808,0.0977,-0.15732,0.35272,0.68424,1.0158,0.50573,0.021195,-0.41233,-0.20832,-0.080812,0.1742,0.45472,0.072198,-0.05531,-0.029808,0.45472,0.42922,-0.15732,-0.20832,-0.080812,0.42922,0.19971,-0.029808,0.072198,-0.38683,0.70974,-0.13181,0.19971,0.76074,0.70974,-0.25932,-0.36133,0.25071,0.42922,0.63323,0.37822,0.021195,-0.13181,0.1487,0.63323,-0.080812,-0.080812,-0.05531,0.35272,0.1487,0.32721,0.53123,0.48022,-0.080812,0.19971,-0.080812,-0.15732,0.072198,0.1487,0.1742,0.55673,1.2453,0.046696,-0.59084,-0.38683,0.0977,-0.23382,-0.38683,-0.004307,0.1742,-0.20832,1.1433,0.37822,0.021195,-0.05531,0.072198,-0.05531,-0.05531,-0.28482,-0.23382,0.42922,0.78624,-0.05531,-0.13181,-0.13181
0.1742,0.25071,0.27621,0.22521,0.1742,0.1232,0.046696,0.021195,0.072198,0.1742,0.25071,0.22521,0.22521,0.1232,0.0977,0.046696,0.0977,0.072198,0.0977,0.1742,0.27621,0.25071,0.25071,0.25071,0.25071,0.19971,0.1232,0.1487,0.1742,0.072198,0.1742,0.1487,0.1487,0.19971,0.1487,0.22521,0.25071,0.0977,-0.10631,-0.029808,0.40372,0.40372,0.1232,0.021195,-0.05531,0.1232,0.1742,0.0977,-0.029808,-0.029808,0.1487,0.48022,0.63323,-0.05531,0.021195,0.27621,0.0977,-0.31033,-0.15732,-0.05531,0.30171,0.19971,0.30171,0.27621,-0.18282,0.072198,-0.10631,0.021195,1.1433,1.0413,-0.05531,-1.2284,-0.33583,0.81175,-1.4579,2.5714,3.2599,-0.69285,-2.58,-7.9353,0.58223,4.637,2.2143,1.5003,0.48022,-1.6619,-0.76936,0.83725,2.1378,0.83725,-1.1774,-2.682,-1.5344,-1.3814,-0.56534,-0.59084,4.331,3.8974,0.86275,-4.2121,3.2344,8.4622,0.32721,-2.886,-4.1611,-2.529,-8.7514,-0.029808,14.226,3.3874,-2.0189,-2.8605,-1.7894,-0.79486,2.9029,-0.080812,-0.13181,-2.1719,0.021195,0.37822,0.046696,-2.4525,2.9029,5.3765,2.5204,-3.09,0.25071,-0.64185,-0.89686,-0.029808,0.40372,-0.23382,-0.029808,0.70974,-0.05531,-0.23382,0.55673,0.68424,-0.20832,0.1487,-1.1264,-4.1356,6.8556,2.8264,-0.89686,-2.0954,-1.4324,-0.10631,-1.4834,-0.84586,-1.0499,6.4476,8.3857,0.1232,-4.2886,-3.9826,-1.3814,0.99026,-0.080812,0.53123,-4.1356,-2.9115,3.5659,2.9794,2.1123,1.5513,0.91375,0.19971,-0.53984,-0.38683,-0.05531,-0.51434,0.19971,-0.080812,0.25071,-0.13181,-0.25932,-0.20832,-0.31033,0.1487,0.0977,-0.31033,0.021195,0.65874,0.53123,0.42922,0.96476,0.27621,0.25071,0.30171,-0.38683,-0.64185,0.1742,-1.8149,1.7808,2.1888,-0.94787,-0.48884,-1.1009,-0.61635,0.53123,0.73524,0.93925,0.30171,0.32721,0.021195,-0.080812,-0.004307,-0.080812,-0.15732,0.40372,0.76074,0.35272,-0.004307,0.1232,-0.13181,0.32721,0.072198,0.35272,0.0977,-0.05531,-0.23382,-3.549,3.7699,0.1487,-0.79486,-1.4834,-2.376,4.5605,2.3163,-0.31033,-1.5854,-0.82036,0.73524,-0.18282,-0.71835,-1.6109,2.0103,0.58223,-0.41233,0.021195,0.53123,0.53123,0.63323,0.30171,-0.18282,0.53123,0.68424,-1.0244,-1.4324,-1.4579,0.27621,1.0158,1.7553,0.53123,-0.28482,0.27621,-0.080812,-0.38683,-0.029808,1.6533,0.50573,0.25071,0.1487,-4.5181,3.9739,1.1688,0.1742,-1.2794,-0.99887,-0.64185,0.1487,-0.51434,-0.004307,-2.1464,3.2089,4.1525,1.0413,-0.99887,-0.89686,-0.87136,-0.66735,0.35272,0.072198,-0.69285,0.88825,1.7298,0.86275,-0.59084,-0.92237,1.1178,0.65874,0.25071,-0.004307,-1.0244,-0.28482,-0.20832,-0.13181,0.1487,0.1487,-2.8605,3.8719,2.8774,0.45472,-0.51434,-1.2794,-0.15732,-0.10631,-0.20832,-1.3049,-0.76936,0.86275,0.73524,1.0413,0.81175,-0.23382,-0.48884,1.3728,0.93925,-1.2029,0.45472,0.25071,-0.18282,-0.38683,0.37822,0.021195,0.60773,-0.46334,0.55673,0.96476,0.1487,-0.36133,-0.10631,-0.20832,0.55673,-0.15732,-1.2794,0.1742,1.4238,1.1433,0.072198,0.072198,0.1232,0.021195,-2.478,2.3928,1.2708,0.50573,-0.25932,-0.23382,-0.51434,0.1742,0.93925,-0.18282,-0.61635,-0.18282,0.88825,1.3218,0.70974,-0.84586,-0.76936,-0.59084,-0.66735,0.76074,0.1232,1.5258,0.78624,0.1487,0.37822,0.42922,-0.13181,-0.87136,-0.71835,0.1742,0.70974,-0.05531,-0.89686,0.30171,0.35272,0.91375,0.73524,0.58223,0.30171,0.58223,-0.18282,-1.0754,-0.87136,-0.33583,0.19971,-1.0754,0.70974,1.6023,1.7043,0.81175,0.63323,0.45472,-0.18282,-0.71835,-0.25932,-1.3559,-1.1519,-0.43783,0.76074,1.4493,0.63323,0.35272,0.072198,-0.31033,1.1433,0.45472,-0.28482,-0.18282,-0.05531,0.22521,0.37822,-0.56534,-0.05531,0.072198,-0.28482,-0.38683,-0.25932,0.63323,0.30171,0.93925,1.0668,0.65874,0.50573,-0.25932,-0.33583,-0.23382,0.27621,0.0977,-0.05531,-0.13181,-0.28482,0.072198,-0.25932,0.48022,0.25071,-0.080812,0.93925,0.35272,1.3728,-0.029808,-0.38683,-0.31033,0.42922,-0.13181,-0.56534,-0.87136,-0.33583,-0.13181,0.1487,0.1742,0.53123,1.4493,1.4238,0.37822,-0.23382,-0.48884,-0.004307,0.22521,0.58223,-0.004307,-0.20832,0.50573,-0.38683,-0.20832,0.19971,0.32721,0.42922,0.1487,0.0977,-0.43783,-0.23382,0.32721,0.60773,-0.15732,0.60773,1.4748,-0.84586,-0.69285,0.1487,-0.61635,0.70974,0.30171,0.50573,-0.20832,0.50573,-0.25932,-0.36133,-0.05531,-0.05531,0.1487,0.37822,0.86275,0.60773,0.63323,-0.41233,-0.33583,-0.18282,0.35272,0.072198,0.021195,0.19971,0.88825,0.19971,-0.36133,-0.43783,-0.61635,0.45472,-0.080812,0.35272,1.0158,1.3218,-0.38683,-0.79486,-0.13181,0.19971,0.53123,0.50573,0.45472,-0.080812,-0.61635,-0.46334,1.1433,-0.080812,-0.080812,-0.46334,-0.53984,-0.004307,0.53123,0.63323,0.35272,0.30171,-0.43783,0.48022,0.32721,0.021195,0.32721,0.1487,0.70974,0.65874,-0.61635,-0.53984,-0.23382,-0.004307,0.53123,0.072198,-0.25932,0.072198,0.25071,0.76074,1.0413,0.73524,0.072198,-0.76936,0.0977,-0.59084,-0.92237,-0.20832,1.3728,0.27621,0.22521,0.42922,0.68424,0.50573,-0.28482,-0.28482,-0.004307,0.0977,-0.004307,0.1232,0.65874,-0.05531,0.55673,-0.10631,-0.10631,0.021195,0.22521,1.0158,0.37822,-0.18282,-0.13181,-0.33583,-0.59084,-0.10631,1.0668,0.55673,-0.41233,0.40372,0.42922,0.53123,-0.53984,0.19971,0.48022,-0.33583,-0.43783,0.53123,0.32721,0.19971,0.48022,0.1742,-0.004307,0.072198,0.046696,-0.23382,-0.080812,1.3218,0.63323,-0.31033,-0.13181,-0.59084,0.1487,0.021195,0.40372,1.0923,-0.15732,-0.20832,-0.080812,0.30171,0.35272,-0.15732,-0.51434,0.072198,0.93925,0.99026,0.22521,-0.51434,-0.31033,0.046696,0.50573,0.22521,0.1232,-0.080812,0.1742,0.48022,0.021195,0.021195,0.30171,0.53123,0.58223,0.63323,-0.59084,-0.51434,0.32721,1.0158,0.072198,-0.64185,-0.48884,-0.18282,0.22521,-0.029808,-0.05531,-0.43783,1.9848,1.7043,-0.18282,-0.51434,0.046696,0.58223,0.22521,-1.1009,-0.59084,0.53123,0.32721,0.19971,0.021195,-0.13181,0.27621,0.63323,0.73524,0.1232,-0.004307,0.19971,-0.080812,-0.25932,-0.43783,-0.004307,0.83725,0.35272,0.046696,0.1232,0.35272,-0.43783,0.046696,1.2963,0.88825,0.63323,-0.71835,0.072198,-0.53984,-0.41233,-0.080812,-0.28482,0.37822,0.42922,-0.41233,0.65874,1.5513,0.65874,-0.080812,-0.28482,-0.029808,0.37822,-0.36133,-0.43783,-0.59084,0.021195,0.81175,0.73524,0.45472,1.0413,0.021195,-0.18282,-0.20832,-0.23382,-0.33583,-0.13181,0.25071,0.22521,0.32721,0.40372,0.50573,0.25071,0.37822,-0.004307,0.046696,0.27621,0.81175,0.0977,-0.31033,-0.10631,-0.004307,0.45472,-0.05531,-0.64185,0.19971,0.55673,-0.28482,0.76074,0.072198,-0.13181,0.021195,0.53123,1.3473,0.32721,-0.18282,-0.31033,-0.15732,-0.004307,0.021195,0.021195,-0.05531,0.0977,0.48022,0.93925,0.70974,-0.029808,-0.51434,-0.20832,0.27621,0.22521,-0.15732,-0.004307,0.19971,0.45472,0.27621,0.22521,0.22521,0.48022,0.0977,-0.20832,-0.31033,-0.53984,-0.79486,1.0158,0.83725,0.0977,0.42922,0.19971,0.072198,0.1232,-0.029808,-0.080812,0.072198,-0.36133,0.19971,0.072198,-0.004307,0.60773,0.19971,0.55673,0.53123,0.37822,-0.15732,-0.15732,0.046696,0.072198,-0.20832,0.1742,-0.004307,0.37822,-0.004307,-0.080812,0.48022,0.58223,0.65874,0.1487,0.22521,-0.31033,-0.20832,-0.080812,0.046696,-0.28482,0.53123,0.68424,0.70974,-0.25932,0.1742,0.65874,-0.004307,-0.61635,0.63323,0.53123,0.32721,-0.13181,-0.64185,-0.25932,0.30171,0.73524,0.0977,0.1232,-0.080812,-0.05531,0.32721,0.021195,-0.080812,0.35272,0.99026,0.70974,0.072198,-0.23382,-0.61635,-0.13181,0.45472,0.072198,-0.10631,0.0977,-0.004307,-0.10631,0.81175,0.50573,0.68424,0.55673,-0.38683,-0.029808,-0.43783,-0.25932,0.42922,0.48022,0.86275,0.35272,0.22521,-0.61635,-0.029808,0.88825,0.072198,-0.56534,-0.13181,0.83725,0.53123,0.1742,-0.25932,0.35272,0.1487,0.1232,-0.48884,-0.41233,-0.69285,-0.23382,0.45472,1.8063,1.0413,-0.05531,-0.18282,0.42922,-0.15732,-0.05531,0.22521,0.58223,0.37822,-0.13181,-0.23382,-0.004307,0.1742,-0.080812,-0.97337,-0.41233,2.0358,0.63323,-0.46334,0.1232,1.1178,1.4238,-0.25932,-1.0754,-0.56534,-0.28482,-0.23382,-0.18282,-0.10631,0.25071,0.91375,1.1943,0.68424,0.30171,0.37822,0.22521,-0.004307,-0.41233,-0.28482,-0.41233,-0.46334,0.68424,0.78624,0.53123,-0.51434,-0.48884,-0.05531,0.58223,0.60773,0.19971,-0.61635,-0.10631,0.73524,0.60773,1.0413,0.1742,-0.38683,-0.41233,0.32721,0.19971,-0.31033,-0.28482,0.37822,0.63323,0.021195,0.25071,0.65874,1.3473,-0.10631,-0.51434,-0.23382,0.37822,-0.10631,-0.33583,0.60773,0.93925,0.40372,-0.38683,-0.56534,-0.66735,0.021195,0.45472,-0.029808,0.30171,0.81175,0.53123,0.30171,0.021195,-0.080812,0.27621,0.70974,0.60773,0.42922,-0.61635,-0.97337,0.76074,0.70974,-0.28482,-1.1009,0.0977,0.35272,0.021195,0.30171,0.1742,0.91375,0.45472,0.0977,-0.23382,0.48022,0.1232,-0.10631,0.42922,-0.18282,-0.41233,1.2453,0.25071,-0.38683,-0.13181,0.046696,0.1487,0.76074,0.22521,-0.05531,0.1232,-0.05531,-0.38683,0.60773,0.42922,0.70974,-0.69285,0.48022,0.0977,-0.004307,0.50573,0.27621,0.021195,0.1232,-0.36133,-0.28482,0.22521,2.2908,0.19971,-0.36133,-0.46334,-0.56534,-0.20832,0.25071,0.30171,0.53123,0.25071,0.1232,0.046696,0.55673,0.68424,0.021195,-0.59084,-0.33583,-0.69285,1.2963,0.76074,0.50573,0.1232,-0.36133,-0.46334,-0.28482,0.1742,-0.71835,0.60773,0.78624,-0.029808,0.70974,0.0977,0.58223,-0.59084,-0.87136,1.4238,1.8828,0.86275,-0.38683,0.22521,-0.64185,-1.3304,-0.84586,0.68424,-2.1974,3.3619,-0.20832,-0.94787,0.021195,0.78624,0.83725,0.37822,-0.18282,-1.2539,0.65874,0.53123,1.3728,0.35272,0.60773,-0.004307,-0.10631,-1.1519,-0.56534,-0.53984,-0.13181,0.81175,0.86275,0.83725,1.0158,0.35272,0.1742,0.37822,0.19971,-0.64185,-0.92237,-1.2029,-0.61635,0.42922,1.1943,0.53123,0.68424,0.53123,0.68424,0.68424,0.42922,0.35272,-0.080812,-0.05531,-0.36133,-0.64185,-0.51434,0.63323,0.42922,0.70974,-0.69285,0.021195,-0.18282,-0.23382,0.072198,1.2708,0.48022,-0.56534,0.76074,0.63323,-0.46334,-0.53984,0.19971,0.63323,0.30171,1.4238,-0.029808,-0.28482,-0.080812,-0.029808,0.55673,0.0977,-0.10631,-0.41233,0.65874,0.83725,0.22521,-0.46334,-0.48884,-0.33583,0.99026,0.88825,0.22521,-0.13181,-0.61635,-0.43783,1.7808,0.83725,-0.20832,0.072198,0.1487,-0.89686,-0.33583,-0.15732,0.40372,1.1433,0.37822,0.021195,0.22521,0.1487,0.072198,-0.69285,0.072198,0.32721,0.25071,0.83725,0.63323,0.021195,-0.23382,-0.080812,0.1742,-0.080812,0.19971,0.63323,0.22521,-0.28482,0.021195,0.1487,0.021195,0.22521,0.22521,0.021195,0.30171,-0.53984,0.91375,0.70974,0.021195,-0.25932,-0.05531,0.58223,0.53123,-0.23382,-0.76936,0.021195,-0.080812,-1.1519,0.35272,0.53123,0.86275,1.2963,1.1688,-0.004307,-0.56534,-0.23382,-0.20832,-0.33583,0.58223,-0.23382,0.1742,1.6278,0.25071,-0.51434,-0.71835,-0.25932,0.50573,0.63323,-0.20832,0.63323,0.35272,0.22521,0.45472,0.1742,0.046696,-0.41233,-0.080812,0.0977,0.76074,0.1487,-0.48884,0.42922,0.30171,0.45472,-0.004307,0.40372,-0.13181,-0.53984,0.27621,0.27621,-0.66735,-0.31033,0.1742,1.0158,0.22521,-0.59084,0.1232,0.83725,1.6023,0.63323,-0.029808,0.1487,-0.56534,-1.1774,-0.004307,-0.23382,-0.080812,0.22521,0.1232,0.73524,0.88825,0.40372,0.48022,-0.69285,-0.36133,0.22521,-0.13181,-0.41233,0.70974,0.58223,0.072198,-0.080812,-0.05531,0.58223,1.2198,0.45472,-0.18282,0.40372,-0.18282,-0.53984,-0.13181,-0.080812,-0.20832,-0.64185,0.32721,0.76074,0.37822,-0.51434,0.91375,0.96476,0.96476,1.0413,-0.18282,-1.0499,-0.66735,-0.51434,-0.59084,0.50573,0.53123,-0.38683,0.072198,0.70974,0.70974,-0.20832,-0.004307,0.48022,1.0413,0.32721,0.1742,0.0977,-0.18282,-0.18282,-0.080812,-0.56534,-0.28482,-0.31033,0.58223,0.55673,1.1178,-0.05531,0.22521,0.58223,0.58223,-0.15732,-0.33583,-0.10631,-0.43783,-0.59084,0.19971,0.70974,-0.64185,-0.05531,0.60773,0.35272,0.93925,-0.05531,-0.029808,0.19971,0.1487,-0.13181,-0.31033,0.55673,-0.20832,-0.41233,-0.33583,0.42922,0.1487,0.70974,0.83725,0.32721,-0.080812,-0.004307,-0.05531,-0.10631,-0.41233,0.73524,0.55673,-0.13181,0.55673,0.37822,-0.84586,-0.20832,0.45472,0.48022,0.40372,0.60773,-0.25932,-0.43783,0.1232,0.76074,0.73524,-0.20832,-0.31033,-0.31033,0.25071,-0.46334,0.27621,0.76074,0.88825,1.7298,-0.48884,-1.1264,-0.59084,-0.46334,0.072198,0.19971,0.68424,0.40372,0.27621,0.88825,0.1742,-0.38683,-0.69285,-0.080812,0.73524,0.42922,0.37822,0.1487,0.1232,0.072198,-0.15732,0.021195,0.73524,0.0977,-1.0244,-0.69285,0.19971,1.1433,1.1688,0.25071,-0.25932,0.072198,-0.38683,0.93925,-0.71835,-0.15732,0.1232,0.25071,0.81175,0.88825,0.021195,-0.18282,-0.48884,0.45472,0.0977,-0.029808,-0.15732,-0.10631,-0.36133,-0.05531,1.0668,1.0413,0.046696,-0.029808,0.19971,-0.31033,-0.15732,0.78624,0.19971,-0.10631,0.32721,-0.20832,0.1232,-0.28482,-0.31033,0.99026,1.2708,0.55673,0.19971,-1.3304,-0.25932,0.48022,-0.15732,0.27621,0.072198,-0.18282,-0.18282,0.53123,1.3983,-0.029808,0.40372,-0.38683,-0.15732,0.53123,-0.43783,0.1232,0.58223,1.4493,-0.59084,-0.97337,-0.89686,-0.05531,0.50573,0.53123,0.37822,0.40372,0.88825,0.1232,0.1232,0.42922,0.55673,-0.080812,-0.46334,0.30171,-0.05531,-0.05531,0.021195,-0.87136,0.1232,0.99026,0.27621,0.45472,-0.79486,-0.41233,0.40372,0.81175,0.73524,-0.05531,-0.25932,-0.029808,0.70974,1.1943,0.021195,-0.36133,0.021195,-0.18282,0.1232,-0.99887,-0.20832,0.63323,0.93925,0.63323,-0.41233,0.55673,-0.10631,-0.51434,0.60773,0.53123,-0.15732,-0.080812,0.072198,0.046696,0.1742,0.19971,0.25071,-0.15732,0.25071,0.55673,0.81175,0.1232,-0.080812,-0.36133,0.021195,-0.25932,-0.080812,0.25071,0.60773,0.37822,-0.080812,-0.13181,0.37822,0.35272,0.48022,0.0977,0.22521,0.37822,0.22521,-0.05531,-0.18282,-0.23382,-0.43783,0.55673,1.5513,0.40372,-0.48884,-0.20832,-0.28482,-0.33583,-0.13181,0.55673,0.45472,0.58223,-0.05531,-0.36133,0.76074,0.35272,-0.46334,0.50573,0.58223,0.37822,-0.18282,-0.36133,-0.05531,-0.080812,0.63323,0.42922,0.22521,-0.004307,-0.080812,-0.080812,0.1232,0.30171,0.19971,-0.36133,0.25071,0.73524,0.27621,0.22521,-0.080812,0.0977,-0.38683,-0.13181,-0.029808,0.27621,0.1742,0.072198,0.30171,0.45472,0.45472,-1.0499,-0.61635,0.65874,0.83725,0.32721,-0.28482,-0.20832,-0.004307,-0.43783,-0.31033,0.22521,0.70974,0.021195,0.32721,0.1232,0.32721,0.32721,0.65874,0.53123,-0.004307,0.1742,-0.15732,0.22521,-0.25932,-0.23382,-0.029808,0.046696,0.32721,-0.31033,-0.25932,0.35272,1.1178,0.65874,0.19971,-0.080812,-0.13181,-0.004307,-0.33583,0.046696,0.40372,0.40372,0.65874,0.42922,-0.004307,-0.56534,-0.46334,0.1232,0.0977,0.37822,1.0668,0.86275,-0.33583,-0.43783,0.55673,-0.080812,-0.59084,0.1742,0.58223,0.1232,0.91375,-0.64185,0.68424,0.072198,-0.05531,0.65874,0.68424,-0.28482,-2.1209,1.1433,-0.004307,-0.05531,0.40372,0.99026,1.5258,1.1433,0.30171,-4.8241,0.19971,-0.31033,0.68424,0.072198,1.7553,0.68424,-0.28482,-0.59084,-0.15732,0.30171,0.68424,0.58223,0.19971,-0.20832,-0.029808,0.35272,0.19971,-0.10631,-0.31033,0.1232,0.53123,0.30171,0.19971,-1.9169,2.2398,0.58223,0.021195,0.50573,0.53123,0.93925,-1.3814,0.19971,-1.3049,-0.46334,-0.61635,-0.18282,0.91375,0.0977,-0.029808,0.96476,0.91375,0.55673,0.48022,1.0923,0.37822,-0.71835,-0.97337,-0.20832,-0.18282,0.22521,1.1943,0.91375,-0.029808,0.22521,-0.74385,0.53123,0.1487,-0.029808,-0.25932,-0.23382,0.0977,0.73524,-2.2229,1.5768,0.96476,0.046696,0.40372,0.68424,0.42922,-1.1774,-0.92237,0.22521,0.1232,-0.61635,1.0158,0.30171,0.45472,0.86275,0.88825,0.30171,-0.89686,-0.94787,-0.20832,-0.080812,-1.4069,1.6278,1.2708,0.32721,0.1232,-0.33583,-0.18282,0.072198,0.021195,-0.69285,0.53123,1.1178,0.30171,0.42922,0.76074,0.78624,0.0977,-2.1974,0.63323,-0.20832,0.30171,0.35272,0.32721,0.1487,-0.89686,-0.41233,-0.48884,0.81175,0.88825,0.0977,0.40372,0.35272,0.86275,0.73524,0.021195,-0.48884,-0.28482,-0.23382,0.1232,-0.15732,0.42922,1.2198,-0.20832,-0.25932,0.021195,0.1232,-0.029808,-0.59084,0.55673,0.1742,0.53123,0.42922,0.22521,0.35272,0.046696,0.1742,0.27621,0.19971,-0.28482,-0.51434,0.22521,0.81175,0.40372,-0.89686,0.32721,0.48022,0.27621,-0.004307,-0.33583,-0.36133,0.30171,0.63323,0.96476,0.1487,-0.029808,-0.59084,-0.28482,0.91375,0.96476,-0.36133,-1.1009,0.22521,0.30171,0.021195,0.27621,0.65874,0.65874,0.19971,-0.15732,0.63323,0.072198,-0.66735,0.45472,0.046696,0.27621,-0.38683,1.1178,0.65874,-0.15732,-1.1519,-0.87136,0.1487,0.86275,0.22521,-0.080812,0.42922,0.93925,0.91375,0.63323,0.1487,-0.59084,-0.23382,0.53123,0.25071,-2.1719,0.88825,-0.69285,-0.71835,0.91375,0.1742,2.1633,1.4748,-0.080812,-0.59084,-0.92237,-0.48884,-0.05531,0.021195,-1.4324,1.5258,0.73524,0.40372,0.1232,0.42922,0.81175,0.1742,-0.18282,-0.92237,-0.18282,0.35272,0.25071,-0.10631,0.072198,0.021195,0.22521,0.48022,0.1232,0.25071,0.35272,0.37822,0.072198,-0.15732,0.48022,0.30171,0.1487,0.046696,-0.61635,-0.05531,0.25071,0.22521,-0.20832,-0.79486,0.37822,0.83725,0.78624,-0.10631,0.0977,0.35272,0.072198,-0.05531,0.30171,0.91375,0.81175,0.021195,-0.56534,-0.05531,0.19971,-0.05531,-0.66735,-1.1264,0.55673,-0.18282,1.7553,0.78624,-0.31033,-0.029808,0.25071,-0.64185,1.5258,-0.28482,-0.61635,0.32721,-0.10631,0.0977,0.50573,-0.38683,-0.87136,0.1487,0.70974,0.86275,0.60773,1.1178,0.96476,0.046696,-1.3049,-0.46334,-0.43783,0.072198,0.81175,0.70974,-0.004307,0.021195,0.70974,-0.05531,0.1742,0.0977,0.1487,0.1742,-0.20832,-0.004307,0.27621,-0.48884,0.68424,0.55673,0.27621,-0.53984,0.021195,0.27621,0.37822,0.93925,0.0977,-0.004307,0.27621,-0.23382,-0.71835,-0.43783,-0.25932,-0.31033,0.53123,1.4493,0.65874,0.19971,-0.004307,0.32721,0.99026,0.19971,-0.51434,-0.10631,-0.41233,0.53123,0.072198,-0.080812,0.046696,-0.004307,0.1487,0.40372,0.50573,-0.029808,-0.28482,0.48022,0.88825,0.30171,-1.2539,-0.84586,0.32721,0.48022,0.91375,0.45472,0.072198,0.27621,0.63323,-0.13181,-0.51434,0.83725,0.50573,0.072198,-0.46334,-0.53984,-0.31033,0.1742,0.48022,0.25071,0.1232,0.50573,0.68424,0.45472,0.93925,-0.89686,-0.79486,0.0977,1.2963,1.2963,0.1742,-0.48884,-0.79486,-0.25932,-0.004307,-0.18282,-0.15732,0.96476,0.86275,0.48022,0.22521,-0.46334,-0.41233,0.072198,0.1232,-0.029808,-0.080812,0.42922,1.2198,1.0158,0.76074,0.0977,-0.33583,-0.61635,-1.1264,-0.61635,0.1742,0.45472,0.70974,0.70974,0.48022,0.1742,0.35272,0.0977,-0.23382,0.55673,-0.82036,-0.28482,0.68424,0.60773,0.22521,-0.15732,0.046696,0.42922,0.78624,0.50573,-0.004307,-0.43783,-0.31033,-0.56534,-0.05531,0.53123,0.96476,1.1433,0.32721,-0.20832,-1.0499,-0.10631,1.1178,-0.31033,-0.28482,0.0977,0.32721,0.63323,0.1232,-0.15732,0.0977,0.1742,-0.13181,-0.15732,0.96476,0.63323,-0.029808,0.1742,0.1232,0.072198,-0.10631,0.19971,-0.20832,0.40372,0.1487,0.45472,0.22521,-0.28482,-0.080812,-0.13181,0.27621,0.65874,0.32721,-0.080812,0.0977,0.072198,-0.31033,0.32721,-0.029808,0.021195,0.42922,0.76074,-0.18282,-0.13181,0.76074,1.2708,-0.13181,-0.53984,-0.13181,-0.48884,-0.20832,0.072198,0.99026,0.42922,0.32721,-0.20832,0.1487,0.25071,-0.23382,-0.10631,0.32721,0.91375,0.53123,0.1742,-0.004307,-0.41233,-0.53984,-0.48884,-0.28482,0.30171,0.30171,0.60773,1.1943,0.68424,-0.18282,0.021195,0.046696,0.072198,-0.38683,-0.20832,0.40372,0.1742,0.30171,-0.36133,-0.74385,0.1232,1.3983,0.68424,0.1742,0.45472,-0.029808,-0.004307,-0.080812,-0.69285,-0.31033,-0.13181,0.35272,0.63323,0.53123,0.25071,0.65874,0.53123,-0.36133,-0.43783,-0.080812,0.32721,0.53123,0.1232,-0.05531,-0.18282,-0.13181,-0.080812,-0.33583,-0.31033,0.48022,0.60773,0.58223,0.50573,0.40372,0.072198,-0.15732,-0.13181,-0.18282,-0.38683,-0.20832,0.53123,1.1433,0.046696,-0.18282,0.0977,0.22521,0.19971,0.1232,0.25071,0.73524,0.32721,-0.05531,-0.28482,0.1487,0.32721,0.1487,-0.61635,-0.18282,0.78624,0.37822,-0.28482,-0.36133,0.072198,0.30171,0.40372,0.42922,0.48022,0.58223,0.60773,-0.28482,-0.28482,-0.10631,-0.25932,0.25071,0.0977,0.046696,0.27621,0.22521,-0.029808,0.32721,0.83725,0.1487,-0.76936,-0.029808,0.42922,1.1433,-0.48884,-0.48884,-0.51434,-0.20832,0.072198,0.73524,1.0158,0.91375,-0.59084,0.93925,0.58223,-0.31033,-0.82036,-0.10631,0.072198,0.1232,-0.10631,0.046696,0.1742,0.046696,0.37822,0.93925,0.63323,0.1487,-0.13181,-0.029808,0.1232,0.1742,0.45472,0.22521,-0.029808,-0.23382,-0.53984,-0.18282,-0.029808,0.046696,0.55673,0.83725,1.1943,-0.029808,-0.20832,-0.029808,-0.23382,-0.05531,-0.13181,0.32721,0.072198,0.1487,-0.13181,0.53123,0.53123,0.58223,0.58223,0.0977,-0.89686,0.25071,-0.61635,-0.004307,0.1487,0.53123,0.1742,0.072198,0.22521,0.25071,0.48022,-0.029808,-0.23382,0.1742,0.63323,0.50573,-0.029808,-0.25932,-0.33583,0.22521,0.86275,0.96476,-0.10631,-0.79486,-0.46334,0.27621,0.32721,0.32721,0.45472,0.22521,-0.004307,0.1487,-0.029808,0.1232,0.88825,-0.080812,-0.36133,-0.05531,0.046696,0.1742,0.021195,0.1742,0.30171,0.35272,-0.004307,0.42922,0.32721,0.0977,0.91375,0.60773,-0.28482,-0.48884,-1.2539,-0.48884,1.0413,0.55673,-0.38683,-0.23382,0.40372,1.2453,0.046696,-0.46334,-1.1519,1.1433,0.93925,0.32721,0.53123,0.19971,0.1742,0.30171,-0.48884,-0.23382,-0.59084,-0.79486,0.30171,0.48022,0.73524,0.50573,0.1232,0.42922,0.48022,-0.080812,0.021195,0.40372,0.1232,-0.20832,0.32721,0.22521,-0.13181,-0.05531,0.1742,0.25071,0.1487,-0.28482,-0.15732,0.42922,1.0413,0.55673,-0.59084,0.35272,0.63323,-0.31033,-0.43783,-0.25932,-0.20832,0.32721,0.50573,0.37822,-0.28482,0.1742,1.1433,1.2963,-0.25932,-0.59084,0.072198,0.96476,-0.004307,-0.48884,-1.0754,0.021195,0.22521,-0.004307,0.76074,0.73524,-0.13181,-0.10631,0.32721,0.68424,0.072198,0.22521,0.27621,-0.20832,0.021195,0.27621,-0.18282,-0.31033,-0.004307,0.19971,0.53123,0.42922,0.63323,0.021195,-0.13181,-0.28482,-0.28482,-0.080812,0.0977,0.53123,0.25071,0.35272,0.1232,-0.20832,0.27621,0.072198,0.1487,0.58223,0.30171,0.68424,-0.20832,0.30171,-0.61635,-0.61635,0.42922,0.19971,0.35272,-0.18282,0.046696,0.0977,0.25071,0.37822,0.30171,0.072198,0.22521,0.046696,0.0977,0.22521,0.35272,0.42922,0.1232,0.25071,0.1487,-0.28482,-0.38683,-0.31033,-0.10631,0.81175,0.65874,0.1487,-0.18282,-0.080812,-0.69285,0.37822,1.5768,0.50573,0.1232,-0.28482,-0.36133,-0.53984,0.1487,0.25071,0.76074,0.35272,-0.18282,-0.10631,0.63323,0.65874,0.1487,0.072198,0.0977,0.1487,0.046696,-0.13181,-0.28482,-0.13181,0.40372,0.35272,0.48022,0.046696,0.60773,0.88825,0.1232,-0.69285,-0.41233,-0.20832,-0.004307,0.1487,0.53123,1.0413,0.70974,0.1232,-0.18282,-0.36133,0.046696,0.046696,0.25071,0.072198,0.25071,0.35272,0.45472,-0.25932,-0.31033,0.48022,1.1178,0.53123,0.22521,-0.25932,-0.48884,-0.43783,-0.13181,-0.029808,-0.33583,0.32721,0.81175,0.48022,0.37822,0.70974,0.50573,0.35272,-0.23382,-0.080812,-0.10631,-0.080812,-0.20832,-0.38683,0.021195,0.58223,0.88825,0.35272,0.1742,0.22521,-0.080812,-0.33583,-0.080812,0.48022,0.35272,-0.46334,-0.15732,0.30171,1.0413,0.1232,-0.23382,-0.18282,-0.23382,0.072198,0.25071,0.27621,0.37822,0.42922,0.35272,0.42922,-0.05531,0.0977,0.22521,-0.28482,-0.080812,-0.48884,0.30171,0.1487,0.1487,-0.23382,-0.23382,0.32721,0.86275,1.2198,0.50573,0.046696,-0.20832,-0.13181,-0.15732,0.072198,0.1487,0.27621,0.0977,0.55673,0.27621,0.70974,-0.05531,-0.28482,0.1232,0.1487,-0.10631,-0.66735,0.021195,0.70974,0.88825,0.32721,-0.05531,-0.41233,0.021195,0.1742,0.1232,0.58223,0.83725,0.78624,-0.23382,-0.28482,-0.46334,-0.66735,-0.13181,-0.080812,0.22521,0.76074,1.0413,0.58223,-0.59084,0.32721,0.99026,0.81175,0.22521,-0.61635,-1.3049,0.046696,0.1232,-0.20832,-0.23382,0.19971,0.19971,1.7808,0.70974,0.83725,-0.46334,-0.79486,-0.74385,-0.15732,0.25071,0.45472,0.35272,0.58223,0.68424,0.021195,-0.15732,-0.18282,-0.18282,0.046696,0.30171,0.60773,0.58223,0.1742,0.1232,0.1742,0.1742,-0.18282,-0.38683,-0.28482,-0.18282,-0.029808,0.53123,0.65874,0.40372,-0.64185,0.50573,0.50573,0.40372,0.27621,0.27621,-0.13181,-0.59084,0.021195,0.48022,0.35272,0.1487,0.1232,-0.23382,0.42922,-0.029808,-0.13181,0.30171,0.60773,0.65874,-0.18282,-0.51434,-0.20832,0.1487,0.072198,0.65874,0.53123,0.37822,0.1232,0.021195,-0.004307,-0.43783,-0.004307,0.1742,0.40372,0.48022,0.76074,-0.05531,-0.31033,0.1232,0.50573,0.072198,-0.080812,0.27621,0.68424,-0.029808,-0.13181,0.072198,0.30171,0.0977,-0.13181,-0.79486,0.19971,0.32721,0.32721,-0.53984,0.50573,0.70974,0.55673,0.70974,0.0977,-0.029808,-0.029808,-0.004307,-0.029808,-0.28482,-0.18282,0.22521,0.96476,0.81175,-0.20832,-0.43783,-0.36133,-0.080812,0.37822,0.68424,-0.004307,0.42922,0.45472,0.48022,0.19971,-0.48884,-0.61635,-0.33583,0.58223,0.65874,-0.029808,0.072198,0.0977,-0.029808,0.35272,-0.20832,0.48022,0.22521,-0.20832,0.1232,0.40372,0.30171,-0.029808,-0.029808,-0.56534,0.83725,0.42922,0.40372,0.1232,-0.41233,-0.43783,0.1487,0.60773,0.73524,0.021195,0.22521,0.021195,-0.33583,-0.28482,0.1232,0.45472,0.93925,0.27621,0.22521,-0.004307,-0.13181,-0.080812,-0.28482,-0.10631,-0.18282,-0.004307,0.45472,0.96476,0.63323,-0.33583,-0.33583,0.1232,0.22521,0.22521,0.072198,0.48022,0.65874,0.37822,-0.004307,-0.25932,-0.25932,0.021195,-0.029808,0.40372,0.1232,-0.15732,0.021195,0.40372,0.83725,0.45472,0.1232,0.1232,-0.28482,-0.69285,-0.33583,-0.31033,-0.92237,0.58223,1.6278,1.3983,0.73524,-0.64185,0.22521,-0.28482,-0.59084,-0.28482,-0.18282,0.42922,0.81175,0.73524,0.37822,-0.25932,-0.41233,-0.080812,0.32721,-0.080812,-0.05531,0.1487,0.37822,0.45472,0.19971,-0.13181,-0.004307,0.22521,0.046696,0.1742,-0.05531,0.53123,0.65874,0.42922,-0.48884,0.30171,-0.56534,-0.71835,-0.18282,0.73524,0.93925,0.58223,0.1742,0.072198,-0.004307,-0.33583,-0.43783,-0.029808,0.27621,0.53123,0.60773,0.48022,0.1232,-0.13181,-0.20832,0.22521,0.021195,0.0977,0.25071,0.65874,0.35272,-0.18282,-0.10631,-0.23382,-0.36133,0.70974,0.81175,0.45472,0.1232,-0.25932,-0.080812,0.40372,-0.004307,-0.28482,-0.99887,0.50573,0.48022,-0.15732,0.76074,0.83725,-0.25932,-0.28482,-0.004307,0.1742,0.021195,0.27621,0.63323,0.55673,0.25071,-0.13181,0.25071,0.1742,-0.18282,-0.05531,0.1742,0.1487,0.072198,-0.10631,0.0977,0.25071,0.73524,0.53123,0.021195,-0.20832,0.021195,0.19971,-0.080812,-0.46334,-0.20832,0.1742,0.25071,0.25071,0.42922,0.81175,0.63323,-0.13181
0.021195,0.1232,0.1487,0.1232,0.1232,0.1742,0.0977,0.1232,0.1232,0.072198,0.072198,0.19971,0.19971,0.22521,0.22521,0.1487,0.1232,0.072198,0.0977,0.072198,0.0977,0.22521,0.32721,0.27621,0.27621,0.1232,0.22521,0.046696,0.072198,0.1232,0.1487,0.1487,0.22521,0.19971,0.22521,0.0977,0.046696,0.0977,0.0977,0.072198,0.1232,0.1742,0.19971,0.27621,0.30171,0.1487,0.1232,0.072198,0.046696,0.046696,0.1232,0.22521,0.22521,0.1742,0.0977,0.19971,0.1487,0.1742,0.0977,0.072198,-0.004307,0.072198,0.25071,0.30171,0.30171,0.1487,0.1232,0.021195,0.0977,0.046696,0.1232,0.1487,0.19971,0.22521,0.30171,0.22521,0.1742,0.072198,0.1232,0.021195,-0.029808,0.1487,0.25071,0.25071,0.25071,0.1232,0.021195,0.072198,0.1487,0.1232,0.1232,0.1742,0.22521,0.1232,0.22521,0.1487,0.0977,0.1742,0.1232,0.0977,0.046696,0.0977,0.22521,0.19971,0.25071,0.19971,0.046696,0.0977,0.072198,-0.36133,0.1742,0.30171,0.30171,0.046696,0.30171,-0.13181,-0.080812,0.30171,0.35272,0.19971,-0.15732,0.1232,0.1742,0.072198,0.27621,0.42922,0.35272,-0.05531,-0.56534,-0.48884,0.37822,0.76074,0.88825,0.30171,0.81175,0.22521,-0.41233,-0.46334,-0.82036,0.45472,0.88825,1.5258,0.046696,0.19971,-0.51434,-1.8659,1.7298,3.6679,-1.1009,-3.447,-1.2539,0.73524,-1.5599,-1.2284,7.7227,2.2908,-4.3141,-1.6364,4.382,2.8264,-1.7639,-3.3705,-0.004307,-0.36133,1.2708,-0.53984,0.53123,-2.325,-1.1009,10.885,4.688,-3.243,-1.3049,-1.3049,-2.937,-2.784,0.072198,0.42922,0.0977,4.892,4.9175,0.73524,-6.5327,2.3928,-5.1811,1.1943,4.2035,-1.4579,-11.098,6.1416,5.8101,-1.6109,2.2398,-1.5089,-3.039,-1.1264,1.0158,2.7754,-3.4725,4.6115,0.19971,0.27621,-5.1811,4.6115,1.5258,0.76074,-0.33583,-0.05531,-1.9169,-2.376,0.40372,3.7444,1.5258,-2.58,-2.2229,-4.1101,6.5496,3.5149,2.8774,0.96476,0.30171,-1.8149,-2.9625,-6.3032,2.5459,1.5513,-0.66735,-1.3049,-0.82036,0.73524,-1.3559,3.2599,1.5003,1.4238,4.5605,-1.0499,2.1633,-0.20832,-1.7129,-3.549,-2.2485,-0.79486,5.5806,-0.43783,-1.3559,0.30171,-1.5599,-0.92237,3.3619,5.045,-5.1811,-2.835,-0.38683,1.9338,1.7553,1.8573,0.81175,0.45472,3.5659,-6.9152,-2.0444,1.2198,1.7808,1.6023,1.2198,0.70974,-0.74385,-0.05531,-0.05531,0.58223,-0.76936,-0.41233,-0.18282,-0.36133,0.27621,-0.20832,0.37822,0.32721,0.25071,-2.2229,3.4894,0.68424,-0.89686,1.9593,0.76074,-1.7639,-1.5089,-0.10631,0.68424,1.1433,-1.3049,3.0304,-0.10631,-1.2029,-1.0244,-0.59084,-0.23382,-0.74385,1.1943,1.7553,0.88825,0.42922,0.86275,0.63323,0.30171,-2.0189,0.93925,-0.41233,0.1742,-0.53984,1.9848,-5.3086,0.81175,-1.4324,5.4785,2.3163,-0.92237,-0.69285,0.48022,0.91375,-1.3304,-2.6055,-2.9625,-0.41233,3.9739,0.021195,0.58223,0.88825,-0.080812,-0.56534,-0.38683,-0.48884,0.1487,0.046696,0.021195,0.45472,0.86275,1.2708,0.046696,0.50573,0.91375,-0.10631,-0.59084,-1.2284,-1.3304,3.0049,-0.18282,-1.3559,1.4748,1.3728,-0.82036,-1.5089,-0.31033,0.63323,0.1742,-0.23382,1.1178,0.072198,-0.76936,-0.48884,0.37822,1.1688,0.78624,2.4694,1.0668,-1.3049,-2.5035,-1.1519,3.5659,-0.48884,-0.76936,0.0977,0.65874,0.32721,-0.18282,-0.74385,0.50573,-2.6565,1.7298,0.70974,0.53123,0.58223,0.58223,-1.4324,2.3673,1.5003,-0.99887,-0.69285,0.50573,0.83725,-0.43783,0.021195,-0.59084,-0.74385,0.73524,1.7553,0.42922,-0.20832,-0.38683,-0.31033,0.73524,1.0668,0.60773,-0.79486,0.021195,0.37822,-0.004307,-0.97337,0.19971,1.4238,0.70974,1.3473,-2.58,2.0613,-0.20832,-2.0954,-0.25932,0.35272,0.22521,0.1742,0.27621,0.25071,0.65874,0.81175,1.1688,1.2963,0.046696,-0.74385,-3.6,1.9593,0.25071,-0.97337,-0.18282,0.70974,0.68424,0.27621,0.32721,-0.029808,0.021195,0.68424,1.0158,0.021195,-0.82036,-0.43783,0.1487,-0.25932,0.73524,1.0923,0.53123,0.60773,0.83725,0.48022,-0.71835,-0.94787,-0.99887,-1.1009,0.63323,-1.1009,0.96476,0.42922,0.50573,0.83725,-0.31033,-0.74385,2.9284,3.0304,-0.20832,-1.7894,-1.7384,-3.141,3.0814,0.83725,-0.080812,0.19971,-0.05531,-0.029808,-0.080812,-0.38683,-0.23382,0.58223,1.0413,0.63323,0.32721,0.32721,0.22521,-0.28482,-1.2029,0.072198,0.046696,1.2708,0.53123,-0.080812,0.021195,0.072198,-0.05531,-0.33583,0.021195,0.78624,-0.79486,0.68424,0.99026,0.60773,0.22521,-0.10631,-0.23382,-0.18282,-0.10631,0.53123,0.1232,-0.61635,0.1232,0.37822,1.2198,1.2453,0.35272,-0.20832,-0.33583,-0.48884,-0.61635,-0.51434,-0.23382,1.0158,0.37822,0.1487,0.55673,1.0413,0.73524,-0.13181,0.27621,0.91375,0.42922,-1.0244,-0.92237,-0.15732,-0.64185,0.65874,0.78624,-2.7075,3.2089,0.73524,-2.3505,0.81175,1.2963,0.40372,-0.51434,-1.0754,-0.64185,0.42922,-0.51434,0.22521,0.73524,0.63323,1.1178,1.0413,0.53123,0.91375,0.96476,0.021195,-0.25932,-0.48884,-1.6364,0.22521,-0.99887,-0.004307,-0.080812,-0.31033,0.35272,0.86275,1.4748,0.30171,0.072198,0.1742,-0.05531,-0.20832,0.25071,0.60773,0.63323,-0.13181,-0.51434,0.19971,-0.31033,0.19971,0.42922,0.40372,0.1232,0.81175,1.1688,-1.3559,0.88825,-0.080812,-0.66735,-0.33583,-0.23382,0.046696,0.1232,0.76074,0.91375,0.30171,0.45472,0.27621,0.25071,-0.38683,0.53123,-0.18282,-1.3814,-0.25932,1.0413,1.3473,0.78624,-0.41233,-0.89686,-1.0244,0.021195,0.81175,0.96476,0.50573,0.1232,-0.05531,0.1487,0.42922,-0.28482,-0.69285,0.42922,0.53123,1.4748,0.99026,-1.1009,-0.46334,-0.43783,-0.51434,-0.13181,0.27621,0.32721,0.73524,1.3218,1.2198,0.76074,-0.38683,-1.2539,-0.61635,-1.4579,1.0413,0.76074,-0.13181,0.0977,0.60773,1.0413,-0.10631,0.1742,-0.87136,0.0977,0.68424,-0.080812,1.1943,-0.18282,-0.74385,-0.28482,-0.10631,0.63323,0.68424,0.48022,-0.25932,-1.1519,0.45472,0.37822,0.91375,0.22521,0.1742,-0.004307,-0.28482,-0.51434,0.1232,1.1688,1.0923,-0.38683,-0.48884,0.22521,-0.10631,0.70974,-0.05531,-0.28482,0.0977,0.30171,0.27621,-0.15732,0.22521,-0.28482,0.93925,0.50573,-0.92237,-0.20832,-0.05531,0.32721,0.76074,1.3983,0.32721,0.32721,-0.59084,-0.74385,-0.23382,0.046696,0.81175,0.45472,0.40372,-0.004307,-0.33583,-1.0499,0.1487,1.1433,0.1742,-0.33583,-0.080812,0.48022,0.83725,0.22521,0.22521,0.32721,0.45472,0.0977,0.046696,-0.79486,-0.36133,0.42922,0.25071,-0.05531,0.1742,-0.28482,0.19971,0.96476,0.30171,-0.36133,-0.080812,0.22521,0.73524,0.81175,0.22521,-0.53984,-0.28482,-0.25932,-0.66735,-0.71835,0.63323,1.1688,1.0923,0.42922,0.40372,-0.25932,-0.59084,-0.15732,0.35272,0.37822,-0.080812,-0.13181,0.32721,0.99026,1.5513,-0.23382,-0.79486,-0.28482,0.25071,0.37822,-0.36133,-0.99887,-0.13181,2.1888,0.50573,-0.82036,0.072198,1.0413,-0.43783,-0.74385,0.70974,0.78624,0.50573,-0.28482,0.32721,-0.004307,-0.20832,0.072198,0.65874,1.2963,0.93925,-0.31033,-0.94787,-1.2029,0.1742,-0.31033,-1.0754,-0.05531,0.86275,1.2963,1.4238,2.3673,-0.029808,1.2453,-0.56534,-1.5854,-1.6619,-1.0499,-0.25932,0.78624,0.73524,1.4748,0.73524,-0.10631,-0.43783,-0.029808,0.27621,0.68424,0.50573,0.22521,-0.18282,0.22521,0.22521,-0.18282,-0.23382,-0.64185,-0.13181,0.1742,0.55673,0.83725,0.55673,-0.05531,-0.029808,0.32721,0.35272,-0.43783,0.40372,-0.13181,-0.51434,0.42922,1.6533,0.63323,-0.25932,-0.69285,-0.36133,0.1487,0.42922,0.55673,-0.33583,-0.28482,0.40372,1.0158,0.63323,-0.080812,-0.25932,-0.28482,-0.18282,0.19971,0.1742,0.1742,0.072198,0.45472,0.37822,1.0923,0.53123,-0.46334,-0.56534,-0.46334,-0.18282,-0.48884,0.1232,0.81175,0.37822,0.1487,0.65874,0.0977,-0.080812,0.35272,-0.18282,0.22521,0.50573,0.072198,-0.18282,0.021195,0.58223,0.86275,0.42922,-0.33583,-0.92237,0.021195,0.1487,0.32721,0.021195,0.021195,0.99026,0.40372,-0.18282,-0.31033,0.25071,0.35272,-0.28482,0.63323,0.021195,0.32721,0.53123,0.48022,0.046696,-0.080812,-0.28482,-0.43783,0.072198,0.37822,0.30171,0.81175,0.021195,0.1232,-0.46334,0.046696,1.0158,0.53123,0.35272,-0.13181,-0.69285,0.22521,-0.080812,-1.8404,0.88825,0.88825,0.42922,0.63323,0.42922,0.27621,0.072198,0.0977,-0.79486,0.27621,1.0413,-0.18282,-0.53984,-0.31033,-0.33583,1.2198,0.70974,0.42922,-0.28482,0.30171,-0.004307,-0.18282,-0.23382,0.37822,-0.13181,-0.080812,0.27621,0.73524,0.81175,-0.51434,-0.53984,-0.48884,0.78624,1.1433,0.68424,0.55673,0.40372,0.072198,-0.43783,-2.4525,0.60773,-0.64185,0.25071,0.25071,0.25071,0.99026,-0.23382,4.1525,-1.4069,0.86275,-0.71835,-1.6619,-0.59084,-1.0499,-2.427,0.32721,1.8828,2.3673,2.2398,1.1688,1.6278,-1.9934,-4.3906,-1.6619,0.63323,1.0923,0.76074,0.93925,0.78624,0.70974,0.19971,0.99026,1.6788,-0.13181,-0.53984,-0.15732,-0.46334,-0.64185,0.65874,-0.080812,-0.25932,-0.25932,-0.029808,0.32721,0.99026,0.78624,-1.0499,-0.56534,0.1742,-0.61635,1.2708,0.40372,0.86275,0.88825,-0.51434,-0.99887,-0.97337,-0.94787,-0.080812,0.1487,0.37822,1.4238,0.88825,0.88825,0.48022,1.2198,-1.1264,2.0613,-0.28482,-2.9115,-0.029808,0.35272,0.1232,-0.13181,-0.48884,-0.28482,0.22521,-0.15732,0.53123,0.86275,0.96476,0.42922,0.27621,-0.029808,0.22521,0.58223,-0.28482,-1.6109,1.1688,0.73524,0.32721,0.021195,-0.18282,-0.38683,-0.10631,-0.61635,-0.43783,0.45472,0.58223,2.5714,0.32721,-1.4324,-1.3304,-0.20832,0.50573,0.32721,0.1487,0.60773,0.60773,0.40372,0.35272,-0.05531,-0.38683,-0.25932,0.27621,0.22521,0.32721,0.68424,0.68424,0.63323,-0.080812,-0.36133,-0.92237,1.4493,-0.31033,-0.33583,0.021195,0.45472,0.0977,0.1487,0.19971,0.58223,-0.05531,-0.20832,0.1232,0.60773,-0.029808,0.1742,0.27621,0.42922,-0.38683,0.50573,0.19971,-0.56534,0.072198,0.22521,0.046696,0.32721,0.27621,0.22521,-0.41233,-0.64185,-0.004307,0.48022,0.73524,0.40372,0.22521,0.30171,0.19971,0.22521,0.48022,0.63323,-0.15732,-0.25932,-0.48884,0.22521,1.0413,0.68424,0.35272,-1.1519,-0.51434,-1.1009,0.0977,-0.43783,0.1742,0.65874,0.86275,0.55673,0.32721,0.50573,0.42922,-0.25932,0.32721,-0.23382,0.072198,0.1487,0.63323,-0.13181,0.1742,-0.080812,-0.20832,0.1232,0.1487,-0.05531,-0.18282,-0.080812,0.046696,0.046696,0.1487,0.60773,0.60773,1.0158,1.1943,0.81175,-0.10631,-0.87136,-0.46334,-0.13181,0.072198,-0.28482,-0.080812,-0.38683,0.1487,-0.79486,0.81175,0.93925,0.73524,1.1688,0.55673,0.1742,-0.080812,-0.53984,-0.59084,-0.51434,-0.66735,-0.080812,0.1742,1.1433,1.4493,0.0977,-0.25932,0.25071,0.22521,0.0977,0.32721,0.021195,-0.20832,-1.0244,1.5003,0.1232,0.27621,-0.89686,-0.23382,0.30171,-0.10631,0.22521,0.78624,0.55673,0.32721,-0.080812,0.1232,-0.20832,-0.28482,0.76074,0.021195,-0.029808,0.046696,0.70974,0.072198,-0.79486,3.1324,1.1178,-0.20832,-1.4069,-1.6364,-0.64185,-0.71835,-0.080812,1.1943,1.5513,0.78624,0.65874,-0.36133,-1.1519,0.1232,0.30171,0.40372,1.6023,1.4493,0.63323,-0.33583,-0.66735,-0.82036,-1.1009,-0.84586,0.68424,0.63323,0.93925,0.072198,0.73524,0.65874,0.32721,0.021195,-0.48884,0.42922,-0.18282,-0.23382,-0.080812,-0.004307,0.40372,1.1688,-0.080812,-0.05531,-0.15732,0.42922,1.1433,0.91375,-0.33583,-0.76936,-1.2539,1.2198,0.63323,-0.15732,-0.13181,0.42922,0.76074,-0.25932,-0.89686,-0.31033,0.1742,0.1742,0.81175,0.32721,0.30171,0.68424,-0.92237,2.1378,-0.05531,-0.43783,-0.25932,-0.33583,-0.31033,0.19971,0.55673,0.42922,-0.31033,-0.10631,0.021195,-0.080812,0.96476,1.6023,-0.36133,-0.84586,0.021195,-0.05531,-0.080812,-0.41233,0.73524,0.42922,-0.25932,-0.46334,0.19971,0.25071,0.1232,0.70974,0.40372,0.42922,0.86275,-0.004307,0.046696,-0.28482,-0.41233,-0.51434,-0.31033,0.22521,0.55673,0.22521,0.22521,0.68424,1.2708,0.50573,-0.97337,-1.4069,0.1487,1.6023,1.1178,-1.1264,0.40372,0.63323,-0.15732,-0.33583,-0.33583,0.1232,0.73524,1.6533,-0.13181,-0.99887,-0.080812,-0.15732,0.1487,0.42922,-0.10631,0.37822,0.22521,0.42922,-0.080812,-0.004307,0.40372,0.1487,0.1487,0.37822,0.48022,0.32721,-0.004307,-0.080812,0.021195,0.1232,0.021195,0.30171,0.30171,0.35272,0.046696,-0.48884,0.021195,1.0668,0.60773,-0.029808,0.40372,0.072198,0.1232,0.30171,-0.029808,-0.080812,-0.59084,-0.53984,-0.53984,-0.20832,0.42922,1.1688,0.91375,0.93925,0.83725,0.1232,-0.38683,-0.28482,0.40372,0.021195,-0.20832,-0.25932,-0.13181,0.32721,-0.18282,0.76074,-0.13181,0.35272,-0.46334,-0.13181,0.1742,0.19971,0.32721,-0.36133,0.48022,0.30171,0.19971,-0.05531,-0.41233,-0.64185,0.83725,1.4238,-0.74385,-0.82036,0.0977,0.45472,0.19971,-0.10631,0.22521,0.046696,-0.31033,-0.15732,0.37822,0.93925,-0.080812,0.1232,0.021195,0.27621,-0.13181,0.30171,0.50573,1.1178,0.0977,-0.46334,-0.53984,-0.46334,-0.59084,0.1232,0.68424,0.53123,0.99026,0.73524,0.35272,-0.10631,-0.36133,-0.25932,0.072198,-0.080812,0.27621,0.19971,0.86275,0.35272,0.48022,-0.48884,0.48022,0.45472,-0.25932,-0.36133,0.046696,0.48022,-0.029808,-0.18282,0.30171,0.021195,0.40372,0.32721,0.63323,0.0977,0.0977,-0.10631,-0.41233,-0.28482,0.27621,0.63323,1.2963,0.45472,-0.25932,-0.33583,-0.18282,-0.004307,-0.46334,0.78624,0.48022,0.42922,0.55673,-0.41233,-0.64185,-0.20832,0.83725,0.55673,0.48022,0.50573,0.40372,-0.10631,-0.43783,-0.36133,-0.53984,-0.33583,-0.38683,0.046696,1.5258,1.1433,0.1742,0.072198,0.1232,0.78624,-0.56534,0.19971,-0.23382,-0.029808,0.072198,0.45472,0.19971,0.1232,-0.36133,0.45472,-0.029808,-0.20832,0.19971,0.27621,0.25071,0.45472,0.68424,-0.28482,0.021195,0.48022,-0.51434,-0.64185,-0.20832,0.42922,0.1232,0.83725,0.99026,0.91375,-0.51434,-0.79486,-0.46334,-0.029808,0.0977,-0.46334,0.91375,0.53123,0.65874,0.53123,0.35272,0.021195,-0.10631,-0.10631,-0.18282,0.1742,0.1742,0.072198,0.1487,0.53123,0.37822,-0.46334,-0.15732,0.1487,-0.10631,0.0977,0.58223,0.63323,0.60773,0.53123,-0.029808,-0.05531,0.22521,-0.28482,0.40372,-0.33583,-0.59084,-0.080812,0.1487,0.55673,0.0977,-0.004307,0.0977,0.32721,0.42922,0.48022,0.53123,0.27621,0.046696,0.19971,0.35272,-0.13181,-0.23382,0.25071,0.021195,0.072198,0.021195,0.1232,0.0977,0.22521,0.27621,-0.029808,-0.25932,-0.05531,0.35272,0.27621,0.58223,0.40372,0.53123,-0.004307,0.32721,-0.25932,-0.28482,0.0977,0.30171,0.50573,0.27621,0.40372,-0.18282,-0.31033,-0.28482,-0.080812,0.83725,0.40372,-0.20832,-0.25932,0.68424,0.45472,0.48022,0.072198,0.32721,0.30171,0.072198,-0.28482,-0.28482,0.22521,0.65874,0.91375,0.1232,-0.13181,0.072198,0.48022,0.53123,-0.18282,-0.10631,-0.13181,-0.20832,0.046696,-0.41233,1.1178,0.88825,0.1487,-0.28482,0.046696,0.73524,0.42922,-0.18282,-0.31033,-0.18282,0.0977,0.22521,0.046696,-0.28482,-0.15732,-0.10631,0.30171,0.58223,0.30171,-0.004307,-0.13181,0.1232,-0.029808,-0.05531,0.0977,0.27621,0.1232,0.63323,0.45472,-0.029808,-0.15732,-0.080812,0.0977,-0.13181,-0.28482,-0.05531,0.072198,0.22521,0.30171,0.63323,0.58223,0.58223,0.48022,0.32721,-0.18282,0.1232,0.27621,-0.004307,0.1487,-0.25932,0.1487,-0.080812,-0.36133,-0.13181,0.19971,0.53123,0.55673,0.53123,0.40372,0.30171,0.1232,-0.080812,0.072198,0.0977,-0.05531,-0.23382,0.0977,0.40372,0.25071,0.072198,0.40372,0.65874,0.27621,0.0977,-0.38683,-0.25932,-0.36133,0.072198,0.32721,0.25071,0.072198,0.22521,0.37822,0.40372,0.25071,0.45472,-0.029808,-0.15732,0.22521,0.53123,-0.33583,-0.48884,0.0977,0.88825,0.0977,-0.28482,0.021195,0.1232,0.22521,0.22521,1.6023,0.45472,-0.46334,-0.43783,-0.004307,0.30171,0.072198,-0.18282,-0.13181,0.42922,0.65874,0.27621,0.60773,0.021195,0.0977,-0.28482,-0.76936,-0.28482,-0.029808,0.22521,0.50573,0.30171,0.60773,0.35272,0.1232,0.22521,0.072198,0.072198,0.046696,0.30171,0.42922,-0.13181,0.072198,-0.15732,-0.18282,-0.13181,-0.59084,0.73524,0.42922,1.0668,0.1742,-0.53984,-0.15732,0.37822,0.35272,0.50573,0.30171,-0.18282,-0.10631,-0.20832,0.22521,0.32721,0.88825,0.1742,-0.05531,-0.10631,-0.20832,-0.18282,-0.10631,0.22521,0.37822,0.42922,0.32721,0.45472,0.19971,-0.23382,-0.33583,0.1742,0.68424,0.046696,-0.10631,0.32721,-0.33583,0.19971,-0.029808,0.22521,0.27621,0.0977,-0.15732,-0.080812,1.2963,-0.10631,-0.38683,-0.33583,-0.080812,0.83725,0.60773,0.072198,0.1742,0.35272,0.35272,0.65874,-0.029808,-0.46334,-0.33583,-0.004307,-0.13181,0.0977,0.22521,0.53123,0.58223,0.37822,0.37822,0.021195,-0.18282,-0.15732,-0.05531,0.48022,0.50573,0.30171,-0.15732,-0.46334,-0.28482,-0.38683,-0.31033,-0.28482,0.072198,0.73524,0.78624,0.53123,0.1487,0.1742,0.1742,-0.05531,-0.97337,0.83725,0.86275,-0.080812,-0.13181,0.1487,0.22521,-0.080812,0.072198,-0.28482,0.0977,0.19971,0.73524,0.48022,0.35272,0.30171,0.1742,-0.36133,-0.53984,0.88825,0.30171,0.32721,0.0977,0.021195,-0.004307,-0.05531,-0.20832,-0.79486,0.70974,0.60773,0.1487,0.19971,0.37822,0.86275,0.27621,-0.28482,-0.23382,-0.15732,-0.51434,-0.31033,0.072198,0.48022,0.42922,0.27621,0.68424,0.63323,0.1742,-0.080812,-0.48884,0.021195,0.48022,1.1433,-0.23382,0.32721,0.021195,-0.18282,-0.38683,-0.64185,-0.69285,0.48022,0.78624,0.70974,0.27621,0.25071,0.35272,0.48022,0.40372,0.1232,0.021195,0.0977,-0.080812,-0.38683,-0.38683,0.42922,0.30171,0.58223,0.1232,0.53123,0.072198,-0.31033,-0.05531,0.32721,0.25071,-0.28482,-0.18282,0.021195,0.25071,0.32721,0.63323,0.40372,0.1742,0.1742,-0.13181,-0.33583,-0.004307,0.22521,0.22521,0.70974,0.45472,-0.20832,0.072198,0.1742,-0.029808,-0.080812,0.55673,0.046696,0.0977,0.22521,0.046696,-0.13181,-0.10631,-0.080812,0.1232,0.45472,0.73524,0.072198,-0.28482,0.32721,0.42922,0.58223,-0.18282,-0.36133,-0.080812,-0.029808,0.072198,0.22521,0.22521,0.48022,0.48022,-0.004307,-0.33583,0.27621,0.50573,0.072198,0.046696,0.19971,0.45472,0.072198,-0.38683,0.1742,0.0977,-0.20832,0.021195,0.19971,0.86275,0.68424,0.1487,-0.20832,-0.43783,-0.38683,0.35272,0.30171,0.48022,1.0158,1.1433,-0.56534,-1.1264,-0.10631,-0.13181,0.0977,0.1487,0.60773,-0.05531,0.072198,0.65874,0.27621,-0.004307,0.046696,0.60773,0.76074,-0.46334,-0.31033,0.1232,-0.080812,0.32721,0.25071,0.0977,0.27621,0.27621,0.27621,0.046696,0.1232,0.021195,-0.25932,0.63323,-0.080812,-0.41233,0.1742,1.4238,0.78624,-0.36133,-0.18282,0.072198,-0.004307,0.22521,0.1232,-0.15732,0.22521,-0.080812,0.86275,-0.13181,0.021195,0.58223,0.22521,0.072198,-0.10631,0.1232,0.072198,0.072198,0.1232,-0.080812,0.021195,0.35272,0.42922,0.50573,0.45472,0.021195,0.19971,0.046696,0.072198,-0.10631,-0.94787,0.37822,0.93925,0.99026,0.1232,-0.20832,0.072198,0.1742,-0.13181,-0.38683,0.046696,0.1232,0.046696,0.32721,0.50573,0.73524,-0.13181,0.55673,0.35272,0.25071,0.072198,0.0977,0.35272,-0.20832,-0.61635,-0.13181,-0.004307,0.96476,0.40372,-0.38683,-0.38683,-0.25932,0.1232,0.53123,0.63323,0.1742,0.22521,0.32721,-0.10631,0.37822,1.1688,-0.15732,-0.33583,-0.25932,-0.28482,-0.10631,0.0977,0.1232,-0.20832,0.99026,0.96476,0.35272,-0.13181,-0.029808,-0.31033,0.1487,0.1487,0.30171,-0.28482,-0.33583,0.1742,0.27621,0.45472,0.63323,0.76074,-0.029808,-0.13181,0.27621,0.27621,-0.28482,-0.51434,-0.82036,-0.15732,0.22521,1.0413,0.68424,0.19971,-0.74385,0.37822,-0.004307,-0.080812,0.1742,-0.05531,0.021195,1.4238,-0.029808,-0.64185,-0.53984,-0.46334,-0.28482,0.25071,0.83725,0.73524,0.60773,0.046696,0.42922,0.45472,0.35272,-0.41233,-0.38683,0.19971,0.48022,-0.36133,-0.13181,0.072198,0.60773,0.45472,-0.004307,-0.05531,-0.23382,0.1487,0.19971,0.78624,-0.004307,0.1487,0.1232,0.35272,-0.71835,-0.004307,0.1232,0.1742,0.76074,0.73524,0.53123,-0.10631,-0.43783,-0.28482,-0.15732,0.072198,-0.080812,-0.05531,0.22521,0.35272,0.55673,0.70974,0.83725,0.58223,-0.004307,0.0977,-0.51434,0.37822,-0.029808,-0.46334,-0.53984,0.60773,0.96476,0.88825,0.25071,-0.31033,-0.46334,-0.33583,-0.13181,0.021195,0.65874,0.76074,0.60773,-0.080812,-0.10631,-0.15732,-0.15732,0.1232,0.86275,0.37822,0.19971,0.37822,0.58223,-0.18282,-0.66735,-0.59084,0.1487,0.1742,-0.25932,-0.029808,0.88825,1.1178,-0.004307,0.072198,0.1487,-0.13181,0.0977,0.37822,0.86275,-0.05531,-0.46334,-0.48884,0.021195,0.55673,0.32721,0.19971,-0.20832,-0.080812,0.0977,0.99026,0.83725,-0.13181,-0.029808,-0.25932,-0.31033,-0.15732,-0.080812,0.42922,0.50573,0.37822,0.1742,0.1742,0.32721,0.27621,0.1742,0.55673,1.0158,-0.66735,-0.97337,-0.82036,-0.31033,0.25071,0.40372,0.25071,0.42922,0.70974,1.7298,0.78624,-0.31033,-0.56534,-0.38683,-0.43783,0.19971,0.60773,0.45472,0.30171,-0.61635,0.88825,0.88825,-0.080812,-0.56534,-0.25932,-0.080812,0.1232,0.53123,0.021195,-0.05531,0.1232,0.42922,0.22521,0.68424,1.0158,0.48022,-0.05531,-0.43783,-0.41233,-0.69285,-0.66735,0.68424,1.8573,1.2198,-0.41233,-0.23382,-0.15732,-0.38683,-0.28482,-0.25932,-0.10631,0.37822,0.53123,0.63323,0.22521,0.27621,0.25071,0.1232,-0.05531,-0.004307,0.53123,0.58223,0.30171,-0.36133,-0.59084,-0.97337,0.50573,0.50573,-0.029808,-0.029808,0.046696,0.48022,0.65874,-0.20832,0.32721,0.40372,0.45472,0.32721,-0.13181,-0.66735,-0.33583,0.1232,0.88825,0.83725,-0.05531,-0.33583,0.25071,0.19971,-0.004307,-0.004307,0.1742,0.55673,-0.31033,0.70974,0.22521,-0.15732,-0.05531,-0.15732,-0.25932,0.046696,0.96476,0.76074,0.1487,-0.31033,-0.13181,-0.05531,0.30171,0.40372,0.1742,-0.004307,0.27621,0.68424,0.48022,0.1742,0.32721,0.021195,-0.05531,-1.1009,-0.66735,0.45472,0.99026,0.046696,-0.43783,1.1178,0.53123,-0.25932,-0.15732,0.40372,0.91375,1.2708,-0.94787,-0.10631,-0.20832,-0.15732,-0.18282,0.0977,0.27621,0.19971,0.22521,0.072198,0.1742,0.53123,0.45472,0.32721,-0.080812,-0.080812,-0.05531,0.1742,0.22521,0.42922,0.40372,-0.31033,-0.18282,0.40372,0.76074,-0.25932,-0.41233,-0.28482,-0.029808,0.1232,0.60773,0.22521,0.58223,0.65874,0.99026,-0.05531,-0.64185,-0.74385,-0.10631,0.50573,0.35272,0.25071,0.19971,0.0977,0.32721,0.25071,0.25071,0.0977,0.25071,-0.43783,-0.05531,0.22521,-0.05531,0.22521,0.88825,0.25071,-0.029808,-0.13181,-0.080812,0.072198,0.1232,0.046696,0.50573,0.55673,0.50573,-0.33583,-0.43783,1.0158,0.19971,-0.18282,-0.029808,0.81175,0.65874,-0.080812,-0.51434,-0.71835,-0.36133,-0.38683,-0.13181,0.48022,0.37822,0.27621,0.65874,0.86275,0.63323,-0.20832,-0.25932,-0.004307,-0.15732,-0.05531,0.1742,0.32721,0.22521,0.73524,0.45472,-0.31033,-0.28482,0.25071,0.22521,-0.25932,-0.28482,0.1232,0.25071,0.27621,1.0668,0.19971,0.0977,-0.13181,-0.13181,0.22521,0.1742,0.0977,0.0977,-0.18282,0.32721,0.25071,0.42922,0.1232,-0.38683,0.99026,0.48022,-0.20832,-0.38683,0.1742,0.27621,0.35272,0.32721,-0.15732,-0.51434,-0.48884,-0.029808,0.65874,1.0158,1.1178,0.25071,-0.33583,-0.59084,-0.25932,0.021195,0.32721,0.25071,0.19971,0.072198,0.0977,0.30171,-0.080812,-0.05531,-0.029808,0.1487,0.1487,0.45472,0.65874,0.1742,-0.43783,0.1742,0.73524,-0.080812,0.0977,-0.080812,-0.029808,-0.029808,-0.029808,0.22521,0.60773,0.27621,0.1232,0.99026,0.1487,-0.31033,-0.18282,-0.28482,0.58223,0.53123,0.32721,0.42922,0.046696,-0.66735,-0.05531,0.1487,-0.13181,0.1232,0.68424,0.63323,0.30171,-0.05531,-0.18282,0.072198,0.27621,-0.004307,0.40372,0.42922,0.1487,0.0977,0.27621,-0.080812,0.021195,-0.004307,-0.080812,-0.13181,-0.10631,0.63323,0.32721,-0.18282,0.91375,0.81175,-0.25932,-0.05531,0.25071,0.48022,-0.18282,-0.51434,-0.36133,-0.28482,0.25071,0.58223,0.70974,0.35272,0.37822,0.072198,0.021195,0.19971,0.25071,-0.28482,-0.18282,0.072198,0.42922,0.48022,0.021195,-0.004307,0.25071,0.35272,0.45472,0.1742,0.42922,0.45472,0.37822,0.1232,0.021195,-0.20832,-0.46334,-0.28482,0.22521,0.32721,0.32721,-0.080812,1.2198,0.78624,-0.13181,-0.71835,-0.25932,1.0668,0.86275,-0.66735,-0.66735,-0.48884,-0.20832,0.072198,0.50573,0.27621,-0.004307,0.22521,0.76074,0.0977,0.76074,0.53123,0.45472,0.99026,0.53123,-0.74385,-1.0244,-0.64185,-0.004307,-0.59084,0.35272,0.42922,0.1487,0.1487,0.30171,0.63323,0.76074,0.83725,0.35272,0.1232,0.072198,-0.10631,0.046696,-0.69285,-0.66735,-0.13181,0.83725,0.1232,0.78624,-0.080812,0.046696,0.53123,-0.25932,0.40372,0.27621,0.021195,-0.64185,-0.59084,0.30171,1.6278,0.76074,-0.36133,-0.56534,-0.46334,0.1232,0.021195,0.19971,-0.004307,0.99026,0.93925,0.1742,-0.05531,0.1487,0.60773,0.53123,-0.004307,-0.18282,-0.13181,-0.46334,-0.41233,-0.31033,0.35272,0.30171,0.1232,0.45472,0.35272,0.27621,0.22521,0.1742,0.37822,0.1232,-0.029808,-0.38683,-0.41233,2.9794,0.60773,-0.36133,-2.0954,-1.2539,-0.56534,1.2963,1.3983,1.1433,0.58223,-0.46334,-0.76936,-1.8149,0.55673,0.45472,0.1232,0.65874,1.1688,0.68424,0.48022,0.22521,0.021195,-0.28482,-0.66735,-0.41233,-0.029808,-0.05531,0.30171,0.32721,0.93925,0.27621,0.55673,-0.13181,-0.59084,-0.56534,-0.004307,0.86275,0.22521,-0.029808,0.22521,0.1487,-0.97337,0.58223,1.0158,0.30171,-0.080812,0.0977,0.19971,0.27621,0.40372,-0.28482,-0.28482,-0.004307,0.35272,0.63323,0.27621,0.53123,-0.080812,-0.25932,-0.25932,0.1232,0.30171,0.53123,0.37822,0.37822,0.1232,-0.05531,-0.05531,-0.004307,-0.080812,0.32721,0.1487,-0.84586,0.70974,0.48022,0.73524,0.37822,0.19971,-0.080812,-0.53984,-0.20832,-0.31033,0.19971,-0.20832,1.4748,1.0668,-0.38683,-0.97337,-0.004307,0.42922,0.78624,0.37822,-0.10631,0.072198,0.1487,0.25071,0.0977,-0.13181,-0.004307,0.1742,0.45472,0.021195,-0.13181,-0.080812,0.30171,0.55673,0.55673,0.021195,0.1487,-0.28482,0.35272,-0.38683,0.73524,0.1742,-0.080812,-0.13181,0.021195,0.021195,-0.029808,-0.18282,-0.23382,0.58223,0.30171,0.30171,0.58223,0.48022,0.22521,0.93925,-0.25932,-0.36133,-0.25932,-0.18282,0.1742,0.0977,0.88825,0.021195,0.021195,0.1742,0.22521,-0.25932,0.25071,0.58223,0.32721,-0.25932,-0.41233,-0.13181,0.072198,0.81175,0.65874,0.25071,-0.080812,-0.004307,0.53123,-0.28482,-0.41233,-0.20832,0.37822,0.19971,0.27621,0.40372,0.37822,0.1232,-0.31033,0.73524,0.48022,-0.18282,0.0977,0.0977,0.1742,0.1232,-0.18282,0.046696,0.046696,0.40372,0.22521,0.1232,0.50573,0.65874,0.22521,-0.82036,0.45472,-0.080812,-0.18282,-0.18282,0.046696,0.19971,0.63323,0.45472,-0.080812,0.1742,0.32721,0.50573,0.27621,0.37822,0.48022,-0.18282,-0.18282,-0.41233,-0.43783,-0.080812,0.1487,0.37822,0.1742,0.22521,0.86275,0.55673,0.60773,0.27621,-0.10631,-0.004307,0.48022,0.19971,-0.33583,0.0977,0.37822,0.1487,-0.23382,-0.28482,-0.029808,0.0977,-0.99887,1.1178,0.86275,-0.080812,0.0977,0.22521,0.1232,0.30171,0.42922,0.30171,-0.05531
0.0977,0.0977,0.1487,0.1742,0.046696,0.1232,0.0977,0.22521,0.1742,0.27621,0.27621,0.1742,0.072198,0.0977,-0.05531,0.021195,0.1487,0.19971,0.19971,0.53123,0.32721,-0.004307,-0.05531,-0.05531,0.021195,0.046696,0.1232,0.1742,0.1742,0.45472,0.32721,0.0977,0.0977,-0.15732,0.046696,0.25071,0.1487,0.40372,0.0977,0.1232,0.22521,-0.13181,-0.25932,0.021195,0.40372,0.58223,0.1742,-0.004307,0.072198,0.37822,0.1742,0.046696,0.35272,-0.53984,0.30171,0.37822,0.27621,0.072198,-0.38683,-0.15732,0.37822,-0.004307,0.55673,0.68424,-0.59084,-0.080812,1.4493,1.1943,-0.25932,-0.97337,-3.345,3.9484,3.1324,-0.82036,-4.6966,0.76074,1.5768,0.021195,0.1742,-1.6109,0.021195,1.3983,-5.4872,6.0396,3.7954,-1.3049,-1.5599,0.60773,1.0158,0.25071,-0.59084,-0.43783,-0.61635,-0.71835,-0.84586,0.072198,-1.1774,3.9739,3.9994,-0.43783,-4.7986,5.402,6.0141,0.76074,-3.3195,-5.5127,-6.1502,3.1069,6.4221,-0.56534,-2.2995,-1.9424,-1.2029,-0.48884,0.83725,1.1688,0.96476,0.48022,-0.99887,4.4075,4.1525,3.9484,-3.2685,-0.84586,-1.2284,-3.9061,-2.2485,-0.56534,0.32721,1.9083,3.6424,0.55673,-1.1519,-1.3049,1.4748,6.0396,0.0977,-4.3651,-2.4525,-1.4579,-0.84586,2.4438,2.0103,3.7954,-1.0244,-1.9169,-1.2284,-1.3049,1.7553,-0.10631,2.4949,2.4694,-0.004307,-1.1519,-0.48884,0.63323,-0.89686,-0.92237,-1.6109,1.2708,0.76074,0.99026,-0.71835,-0.18282,-0.64185,1.6533,-0.82036,2.1123,-0.64185,-4.3141,3.8464,2.0358,-0.46334,-1.0244,-1.6109,-0.33583,0.021195,0.27621,-1.3814,1.6023,1.3473,0.63323,0.40372,0.37822,-0.66735,-0.080812,-0.004307,0.60773,0.22521,-0.53984,-0.33583,-0.56534,-0.10631,-1.6109,3.8719,0.1742,-0.56534,0.1487,0.37822,0.1232,1.3218,-0.05531,-0.33583,-0.69285,-0.56534,-1.3049,3.7954,1.0668,-1.6109,-0.87136,0.48022,0.93925,0.70974,0.91375,1.4493,-0.28482,-1.2539,-1.5089,-3.549,3.0814,2.4183,0.73524,-0.10631,-0.41233,-0.48884,-0.10631,-0.20832,-0.48884,-0.99887,-0.48884,0.55673,1.0158,1.6023,0.60773,-0.38683,0.35272,1.3218,-0.46334,0.63323,1.5768,-0.20832,-0.080812,-2.0189,-1.3814,2.3673,1.8318,-0.43783,-0.23382,-0.76936,0.73524,-0.61635,2.0358,1.0413,-0.66735,-0.51434,0.78624,0.99026,-0.71835,-0.28482,-0.18282,-0.10631,-0.64185,-1.0754,1.3728,2.1123,0.63323,-0.48884,-0.004307,1.2198,0.22521,0.1232,-4.1611,4.1525,4.076,-1.8914,-1.9679,-1.3049,0.81175,0.1232,-0.59084,-0.94787,-0.13181,2.2908,1.0923,0.0977,0.021195,0.42922,0.22521,1.2198,0.021195,0.48022,-0.89686,1.2963,-0.43783,-0.99887,-0.69285,0.021195,-0.004307,0.0977,0.25071,1.0413,0.88825,-0.61635,-0.20832,-0.61635,-0.38683,0.1742,-0.56534,3.3109,1.9338,0.60773,-0.080812,-1.3559,-3.039,4.1525,1.1943,-0.84586,-1.7894,-1.5599,-0.71835,0.86275,0.072198,-0.25932,0.35272,1.4238,1.3218,0.68424,0.78624,-0.61635,0.42922,-0.13181,0.30171,-2.0189,1.5003,0.53123,-1.4069,-0.48884,0.81175,0.45472,0.32721,0.0977,0.27621,0.68424,0.32721,0.0977,0.021195,-1.9424,2.4949,0.73524,-0.61635,0.42922,-0.28482,0.27621,0.32721,0.072198,-0.080812,-0.46334,1.9083,1.6023,0.91375,-0.66735,-0.82036,-0.48884,-2.682,2.1378,-1.5599,0.1232,0.25071,0.19971,0.072198,0.48022,0.93925,0.63323,0.81175,0.27621,0.53123,0.27621,-0.28482,-0.53984,0.19971,-0.05531,-0.59084,-0.38683,0.73524,1.3473,1.5258,-0.23382,2.0358,1.0158,-0.87136,-1.6874,-1.8149,0.73524,-0.13181,0.35272,0.96476,0.45472,0.1232,1.7298,0.30171,-0.31033,-0.23382,-0.46334,-0.31033,0.046696,-0.18282,0.1232,0.27621,0.73524,1.0413,1.0413,-0.48884,-0.82036,-0.33583,-0.20832,0.1487,0.22521,0.1232,0.81175,0.1742,0.76074,-0.029808,-0.25932,-0.18282,0.42922,-0.05531,-1.0754,0.88825,-2.0699,2.8774,0.046696,-1.5599,0.19971,0.046696,0.1742,0.1232,0.50573,0.45472,0.1232,0.27621,-1.1264,2.6734,-0.25932,-0.74385,-0.46334,0.1232,0.22521,0.0977,-0.28482,0.19971,0.32721,0.40372,-0.080812,0.32721,0.32721,0.30171,0.22521,-1.1774,-0.43783,1.6023,1.2708,-0.61635,-0.66735,0.40372,0.42922,-0.38683,-0.05531,0.35272,1.0413,0.35272,-0.05531,-0.46334,-0.38683,-0.18282,-0.18282,0.046696,0.65874,0.63323,0.072198,0.19971,0.22521,0.25071,0.1487,-0.080812,0.1487,-0.080812,0.50573,0.48022,-0.15732,-0.23382,0.32721,-0.66735,1.2963,-1.9169,1.9848,-0.36133,-1.0244,-1.5344,0.19971,1.2453,0.73524,1.6533,0.86275,0.19971,-0.89686,-1.3559,-0.87136,-0.15732,0.0977,0.78624,0.83725,0.37822,0.021195,0.25071,0.53123,0.76074,0.91375,0.1232,-0.28482,0.25071,-0.13181,-0.20832,0.046696,0.37822,0.1487,-0.004307,-0.46334,-0.41233,0.1487,0.65874,0.22521,-0.38683,1.5003,0.73524,-0.33583,-0.61635,-0.029808,1.8828,0.60773,0.021195,-0.23382,-0.31033,-1.7129,0.48022,0.48022,0.55673,-0.25932,-0.28482,0.0977,0.1232,0.32721,0.53123,0.021195,0.76074,0.78624,0.70974,0.1232,-0.15732,-0.31033,0.81175,0.53123,-0.51434,-0.76936,-0.82036,0.37822,0.1232,0.37822,0.25071,1.6788,0.86275,0.22521,-0.28482,-0.64185,-0.61635,-0.97337,0.1232,0.37822,0.78624,0.81175,0.99026,0.35272,-0.18282,0.48022,0.22521,-0.51434,-0.61635,-0.15732,0.81175,0.35272,-0.13181,0.22521,0.68424,0.25071,-0.33583,0.48022,0.19971,0.1487,0.021195,-0.029808,0.072198,-0.25932,-0.20832,0.42922,-0.13181,0.58223,1.3218,-0.10631,0.78624,0.25071,-0.13181,0.046696,-0.33583,-0.89686,0.1232,-0.05531,-0.080812,0.1742,-0.05531,1.6788,0.73524,-0.13181,-0.05531,0.072198,0.93925,0.91375,-0.36133,-1.0244,-0.61635,-0.10631,-0.15732,-0.13181,0.072198,0.68424,0.63323,0.73524,0.22521,0.32721,0.27621,-0.080812,-0.28482,0.19971,0.48022,0.68424,0.27621,-0.13181,-0.94787,0.30171,0.1232,0.25071,0.1232,-0.69285,0.53123,0.93925,1.1178,-0.10631,-0.53984,0.072198,0.53123,-0.23382,-0.89686,1.2198,1.1688,-0.23382,-0.25932,0.37822,0.88825,0.48022,-0.23382,-0.51434,-0.43783,-0.38683,-0.18282,0.42922,0.76074,0.35272,-0.64185,0.68424,1.1433,0.60773,-0.13181,-0.46334,-0.004307,0.072198,0.25071,-0.33583,-0.64185,0.60773,1.0923,0.70974,-0.10631,0.25071,0.65874,-0.10631,-0.64185,0.021195,-0.38683,-0.59084,0.35272,0.19971,0.37822,0.78624,0.63323,1.0668,0.27621,-0.10631,-0.59084,0.1487,0.45472,0.83725,-0.080812,-0.48884,0.1487,0.046696,-0.69285,-0.31033,0.42922,0.48022,0.40372,0.37822,0.32721,0.58223,0.65874,0.27621,-0.48884,-0.36133,-0.36133,-0.15732,-0.23382,0.58223,1.1433,-0.080812,-0.13181,0.19971,0.30171,0.63323,1.1688,-0.18282,-1.2284,-1.7384,0.046696,0.70974,0.86275,0.1487,-0.080812,-0.23382,-0.28482,0.81175,1.0413,1.4238,0.91375,-0.38683,-0.59084,-0.48884,-0.48884,-0.46334,0.1232,0.1232,0.48022,-0.004307,0.22521,1.9593,-0.13181,-0.59084,0.37822,0.58223,0.22521,-0.53984,-0.38683,-0.31033,-0.61635,-0.48884,-1.1264,1.3728,0.96476,0.40372,1.0413,1.4493,0.65874,-0.48884,-0.56534,-0.38683,-0.33583,-0.15732,-0.43783,0.1232,0.1742,1.2453,0.35272,-0.004307,0.021195,0.1487,0.60773,0.30171,0.1232,-0.18282,-0.46334,-0.080812,0.27621,0.42922,0.046696,-0.080812,-0.56534,0.046696,0.37822,-0.029808,1.3983,1.1433,0.42922,-0.38683,-0.18282,-0.92237,0.48022,-0.080812,0.25071,-0.28482,-0.080812,0.55673,0.78624,0.37822,-0.33583,-0.56534,0.50573,0.32721,0.19971,0.1232,0.22521,0.32721,0.65874,-0.05531,-0.004307,0.32721,0.35272,-1.5344,0.40372,0.50573,0.83725,-0.15732,-0.41233,0.48022,0.22521,0.1487,-0.18282,-0.20832,0.27621,0.83725,0.32721,1.0413,0.35272,-0.080812,-0.48884,-0.74385,-0.10631,0.78624,0.1742,-0.20832,0.40372,0.45472,-0.56534,0.83725,0.55673,0.32721,0.1232,0.19971,-0.10631,-0.31033,-0.28482,-0.31033,-0.61635,0.072198,0.88825,0.93925,0.65874,0.45472,0.1742,0.1232,0.021195,-0.48884,0.021195,-0.64185,-0.43783,-0.69285,0.86275,0.60773,1.1433,0.78624,0.25071,-0.20832,-0.13181,-0.84586,0.37822,0.50573,0.0977,0.93925,0.45472,-0.080812,-0.64185,-0.66735,-0.43783,0.25071,0.60773,0.046696,0.48022,1.5258,0.70974,0.22521,-0.13181,0.1232,-0.64185,-0.41233,0.32721,0.32721,0.27621,-0.10631,0.19971,0.32721,0.22521,0.27621,0.046696,0.072198,0.072198,0.35272,-0.18282,-0.25932,0.25071,0.76074,-0.05531,-0.28482,0.32721,0.53123,0.42922,-0.48884,-0.15732,0.48022,0.58223,0.072198,0.55673,-0.18282,-0.43783,-0.33583,0.021195,0.53123,0.30171,0.53123,0.88825,-0.20832,-0.71835,-0.18282,0.30171,0.60773,0.63323,-0.18282,-0.33583,-0.18282,0.60773,0.27621,-0.76936,-0.56534,0.81175,0.93925,0.37822,0.0977,-0.10631,0.32721,-0.004307,-0.41233,0.046696,0.35272,0.73524,-0.53984,0.30171,-0.89686,0.65874,1.1688,0.22521,-0.53984,-0.76936,1.2198,0.78624,-0.25932,-0.33583,0.021195,-0.10631,-0.18282,0.046696,0.22521,0.63323,0.60773,0.1742,0.046696,-0.029808,0.1232,-0.18282,0.021195,-0.13181,0.60773,0.30171,0.1487,-0.10631,0.32721,-0.004307,-0.029808,0.83725,-1.5599,-0.31033,-0.36133,-0.56534,0.35272,1.1943,1.0413,-0.28482,0.35272,0.32721,0.45472,0.73524,0.30171,-1.3049,1.2198,0.27621,-0.53984,0.021195,0.70974,0.021195,-0.31033,0.1487,-0.18282,-0.33583,-0.004307,0.48022,0.88825,0.48022,0.1232,-0.69285,0.19971,0.1742,0.48022,0.76074,0.072198,0.40372,-0.38683,-1.0754,-0.10631,-0.05531,0.58223,0.53123,0.0977,0.30171,0.1232,0.25071,0.73524,0.91375,-0.48884,0.37822,1.1943,-0.20832,-1.0754,-0.79486,-0.33583,0.27621,0.58223,0.63323,0.63323,0.42922,0.0977,-0.51434,-0.51434,-0.87136,0.70974,0.73524,0.55673,0.0977,0.37822,0.22521,0.046696,-0.18282,0.68424,0.27621,-0.31033,0.30171,-0.004307,-0.64185,-0.15732,0.072198,0.73524,0.19971,-0.05531,0.45472,0.27621,-0.18282,-0.10631,0.50573,0.27621,0.021195,0.0977,0.1742,0.93925,0.81175,-0.28482,-0.71835,-0.004307,0.22521,1.0158,0.32721,-0.56534,-0.23382,0.1232,-0.48884,1.1943,-0.10631,-0.69285,1.0158,1.1943,0.63323,-0.28482,-0.89686,-0.18282,0.40372,0.60773,-0.36133,-0.46334,0.37822,0.32721,-0.10631,-0.28482,-0.13181,0.32721,1.2963,0.91375,0.1487,0.37822,-0.20832,-1.1264,0.046696,-0.05531,-0.080812,-0.004307,0.30171,0.53123,-0.18282,-0.080812,0.83725,0.40372,-0.51434,0.1487,0.046696,0.19971,-0.13181,-0.080812,0.35272,0.27621,0.45472,0.1487,0.072198,-0.029808,0.19971,-0.10631,0.48022,0.32721,-0.029808,-0.004307,0.1487,0.22521,0.1742,-0.004307,-0.23382,-0.029808,0.42922,0.58223,0.25071,0.1232,0.32721,0.48022,-0.99887,0.22521,0.32721,0.25071,-0.23382,-0.15732,0.0977,0.53123,1.0668,0.73524,0.53123,0.40372,-0.92237,-2.0699,1.0923,0.50573,0.046696,-0.20832,-0.13181,0.1487,1.5003,0.96476,-0.43783,-0.89686,-0.59084,0.65874,1.3728,0.63323,-0.36133,-0.10631,-0.029808,-0.10631,0.072198,-0.05531,0.68424,-0.080812,-0.25932,-0.05531,0.22521,0.35272,0.48022,0.19971,-0.36133,-0.13181,0.68424,-0.029808,-0.13181,0.072198,0.88825,0.48022,-0.029808,0.42922,0.37822,-0.56534,0.48022,-0.51434,-0.25932,-0.89686,0.25071,0.83725,0.45472,0.1742,0.1487,0.55673,-0.004307,0.22521,-0.029808,-0.31033,-0.20832,0.45472,0.35272,0.81175,-0.080812,0.1232,0.45472,-0.28482,0.1232,0.25071,-0.25932,-0.36133,-0.28482,0.78624,1.2198,0.93925,0.30171,-0.25932,-0.15732,-0.25932,-0.080812,0.19971,0.1232,0.30171,0.072198,0.32721,0.81175,0.0977,-0.33583,-0.28482,-0.82036,-0.18282,0.53123,0.32721,0.22521,0.45472,0.68424,0.32721,-0.080812,0.83725,0.60773,-0.13181,-0.05531,-0.64185,-0.18282,-0.13181,0.32721,0.88825,0.53123,0.1742,-0.69285,-1.2029,-0.61635,0.96476,0.73524,-0.080812,0.1487,0.32721,0.1487,0.73524,0.70974,0.35272,-0.080812,-0.92237,0.83725,0.68424,-0.05531,-0.69285,-0.43783,1.8063,0.58223,-0.76936,-0.66735,-0.25932,0.072198,0.48022,0.19971,-0.36133,-0.33583,0.32721,0.37822,0.22521,0.0977,0.021195,0.22521,0.83725,0.32721,0.27621,-0.38683,0.42922,0.1487,-0.20832,-0.15732,-0.004307,0.48022,0.30171,-0.33583,-0.28482,-0.41233,0.58223,0.58223,0.48022,-0.080812,0.25071,0.70974,0.1487,-0.080812,0.021195,-0.36133,1.5513,0.45472,-0.41233,-0.41233,-0.20832,0.27621,0.072198,-0.25932,0.0977,-0.33583,-0.28482,0.27621,0.70974,-0.10631,0.99026,0.83725,0.45472,-0.004307,-0.25932,-0.13181,-0.38683,-0.23382,0.83725,0.1232,0.072198,-0.004307,0.1487,0.19971,0.072198,0.046696,-0.36133,0.58223,0.83725,0.42922,0.1232,-0.87136,-0.05531,0.1232,-0.48884,0.45472,0.76074,-0.33583,0.63323,0.072198,0.072198,0.072198,-0.33583,-0.41233,1.0668,0.1487,-0.33583,0.072198,0.22521,0.0977,0.27621,0.48022,0.30171,0.1742,-0.10631,0.1232,0.73524,0.021195,-0.18282,-0.13181,0.0977,-0.15732,0.48022,0.30171,-0.080812,0.1232,0.32721,-0.029808,0.22521,0.73524,0.32721,0.25071,0.25071,-0.15732,-0.05531,-0.38683,-0.18282,-0.51434,-0.48884,0.30171,0.046696,1.5513,1.3218,0.27621,0.1232,-0.25932,0.22521,-0.004307,-0.89686,0.76074,0.35272,0.48022,0.27621,0.1742,-0.33583,0.0977,0.32721,0.1742,0.046696,0.1742,0.1232,0.60773,-0.13181,-0.004307,0.1232,-0.15732,0.1742,0.65874,0.50573,0.32721,0.021195,-0.080812,0.072198,-0.15732,-0.51434,0.021195,0.48022,0.19971,0.27621,-0.10631,-0.05531,-0.46334,1.9338,1.8573,0.88825,-0.59084,-0.99887,-0.59084,-1.0754,-0.23382,-0.004307,0.63323,0.55673,0.35272,0.37822,0.0977,-0.10631,-0.13181,0.1232,0.78624,0.76074,0.1742,-0.87136,0.78624,0.50573,-0.13181,-0.56534,-0.18282,0.42922,0.48022,0.046696,-0.25932,-0.23382,0.25071,0.1742,0.60773,0.76074,0.1232,-0.53984,-0.43783,0.81175,0.55673,0.58223,-0.080812,-0.05531,0.072198,0.072198,-0.92237,0.45472,0.27621,-0.23382,0.27621,0.58223,0.63323,0.19971,-0.38683,-0.15732,0.1487,0.70974,0.19971,0.0977,0.021195,-0.05531,0.1742,0.1487,0.1487,0.0977,0.021195,0.81175,0.0977,0.55673,-0.20832,-0.64185,-0.25932,0.0977,0.42922,0.58223,-0.004307,0.81175,0.88825,-0.48884,-0.48884,-0.18282,1.3218,0.76074,-0.43783,-0.92237,-1.4579,0.81175,1.6023,0.37822,0.1742,-0.10631,0.0977,-0.080812,-0.029808,-0.080812,0.48022,0.88825,0.83725,0.27621,-0.74385,-0.43783,-0.23382,0.32721,0.1232,0.22521,0.63323,0.60773,0.32721,-0.004307,-0.23382,-0.004307,0.1232,-0.029808,0.25071,-0.23382,0.32721,0.046696,-0.18282,0.32721,0.78624,0.83725,0.48022,-0.20832,-0.15732,0.1742,0.1232,-0.18282,-0.76936,-0.13181,0.32721,0.58223,-0.029808,-0.13181,0.1232,0.35272,1.1943,1.0158,0.53123,0.1232,0.27621,-0.84586,-0.76936,0.1487,-0.13181,0.021195,-0.05531,0.99026,0.78624,0.65874,-0.13181,-0.53984,-0.69285,-0.53984,1.0158,0.48022,0.35272,0.30171,-0.48884,1.0668,0.40372,-0.28482,-0.029808,0.1487,0.25071,0.1232,-0.25932,0.1742,0.30171,0.0977,0.021195,0.1487,0.1487,0.1487,0.60773,-0.20832,0.68424,0.40372,-0.23382,-0.33583,0.37822,0.0977,0.021195,0.25071,0.32721,-0.48884,0.27621,0.1487,0.072198,0.53123,0.22521,-0.080812,0.1232,-0.18282,-0.080812,0.1742,0.30171,0.37822,0.83725,0.40372,-0.05531,0.046696,-0.10631,-0.080812,0.32721,0.19971,-0.004307,-0.25932,0.70974,-0.56534,0.73524,0.93925,-0.33583,-0.82036,-0.61635,-0.18282,0.58223,0.53123,0.58223,0.30171,0.37822,0.25071,-0.46334,-0.53984,0.072198,0.1487,0.88825,0.50573,0.63323,0.50573,-0.25932,-0.61635,-0.33583,0.42922,0.93925,0.19971,-0.029808,-0.10631,-0.15732,-0.38683,-0.029808,0.19971,0.046696,0.45472,0.70974,0.73524,0.1487,-0.23382,-0.13181,0.60773,0.1742,-0.31033,-0.69285,0.27621,0.58223,0.19971,-0.18282,-0.029808,0.072198,0.19971,0.53123,0.37822,-0.10631,0.42922,0.73524,-0.33583,-0.53984,1.3728,0.021195,-0.48884,-0.51434,-0.13181,0.45472,0.53123,0.32721,0.32721,0.40372,0.25071,0.22521,0.19971,0.0977,0.22521,0.55673,-0.74385,-0.28482,0.37822,0.70974,0.046696,-0.25932,0.1742,0.1487,0.1232,-0.15732,-0.38683,0.072198,0.48022,0.60773,1.0413,0.70974,0.50573,0.1742,-0.28482,-0.79486,-0.43783,-0.38683,0.30171,-0.46334,0.021195,1.0668,0.1232,-0.18282,0.40372,0.88825,0.73524,0.021195,0.32721,0.63323,0.1487,-1.0244,-0.82036,-0.38683,0.37822,0.83725,0.072198,0.19971,0.19971,0.25071,-0.029808,0.046696,0.32721,0.58223,0.0977,-0.28482,-0.41233,0.046696,0.53123,0.35272,0.42922,-0.029808,0.021195,0.55673,0.88825,0.63323,-0.84586,-0.31033,-0.25932,0.0977,-0.004307,-0.18282,0.96476,0.53123,0.27621,0.046696,-0.05531,-0.080812,-0.080812,0.40372,0.83725,-0.080812,-0.004307,0.32721,0.1742,-0.92237,-0.59084,0.65874,0.55673,0.1742,0.35272,0.30171,0.55673,0.53123,0.30171,-0.004307,-0.33583,-0.15732,-0.33583,-0.20832,0.1742,0.19971,-0.004307,-0.23382,0.70974,1.2198,0.27621,0.1742,-0.004307,-0.18282,-0.74385,0.83725,0.1742,-0.029808,-0.10631,-0.31033,-0.05531,0.1232,0.42922,-0.029808,0.53123,0.58223,0.48022,-0.18282,-0.10631,0.0977,0.27621,0.1487,-0.25932,-0.36133,0.072198,0.48022,0.65874,-0.18282,0.021195,0.35272,0.60773,0.072198,0.1487,0.046696,0.32721,0.046696,0.072198,-0.46334,0.22521,-0.41233,-0.15732,0.37822,1.6023,0.27621,-0.15732,-0.004307,0.072198,0.072198,0.35272,0.1232,-0.13181,0.37822,0.30171,-1.0244,0.48022,0.45472,0.072198,-0.15732,0.35272,0.37822,-0.25932,0.37822,0.60773,0.45472,0.86275,-0.31033,-0.82036,-0.25932,0.1487,0.1742,-0.10631,-0.51434,1.2453,1.2453,0.45472,-0.38683,-0.33583,-0.31033,0.19971,0.1742,-0.029808,-0.23382,0.48022,1.0923,0.35272,0.046696,0.1487,0.27621,-0.38683,-0.74385,-0.48884,0.1742,0.91375,1.0158,0.76074,0.1487,-1.1774,0.73524,0.25071,-0.28482,0.32721,-0.004307,-0.56534,-0.38683,0.22521,-0.28482,1.0668,0.40372,-0.004307,0.32721,0.32721,0.68424,0.30171,-0.080812,-0.38683,-0.36133,-0.18282,0.37822,0.32721,-0.25932,-0.31033,0.27621,0.65874,0.70974,-0.23382,0.072198,0.42922,1.0923,0.021195,-0.33583,-0.23382,-0.23382,-0.31033,-0.20832,0.60773,0.27621,0.81175,0.25071,-0.18282,-0.38683,-0.18282,0.35272,0.58223,0.58223,0.27621,0.70974,-0.029808,-0.51434,-0.38683,0.32721,-0.05531,0.021195,0.27621,0.22521,0.1487,0.40372,0.25071,-0.004307,-0.13181,0.1487,0.1742,0.0977,0.35272,0.48022,0.40372,0.73524,0.021195,-1.0754,-0.89686,-0.61635,0.73524,0.58223,0.30171,0.60773,0.40372,0.1742,0.27621,0.50573,-0.05531,0.58223,-0.48884,-0.46334,-0.84586,1.0158,1.1178,0.1742,-0.029808,-0.13181,-0.18282,-0.23382,-0.31033,-0.10631,0.68424,0.83725,0.60773,-0.28482,0.60773,0.55673,-0.029808,-0.10631,-0.18282,-0.05531,0.072198,0.30171,0.65874,-0.004307,-0.31033,0.35272,0.86275,-0.080812,-0.20832,-0.080812,-0.18282,0.22521,0.19971,0.37822,0.55673,0.40372,-0.029808,-0.20832,-0.13181,0.22521,0.45472,0.1487,0.0977,-0.28482,0.53123,0.53123,0.27621,0.58223,0.32721,-0.05531,-0.59084,-0.38683,-0.18282,0.48022,0.27621,0.021195,-0.20832,-0.25932,0.45472,0.1232,0.50573,0.83725,1.1688,0.73524,-0.31033,-0.18282,-0.080812,-0.029808,-0.61635,-0.20832,-0.05531,0.1232,0.19971,0.53123,0.40372,0.19971,0.1232,0.91375,0.70974,-0.25932,-0.53984,-0.46334,-0.080812,0.78624,0.63323,0.22521,-0.004307,0.021195,0.072198,0.072198,-0.36133,-0.080812,-0.10631,0.1487,0.35272,0.58223,0.40372,0.1742,0.1232,0.1232,0.22521,0.046696,-0.48884,0.40372,0.53123,1.1433,0.25071,-0.79486,-0.59084,-0.15732,0.19971,-0.05531,-0.029808,0.30171,0.40372,0.55673,0.48022,0.55673,0.0977,-0.13181,0.32721,0.32721,0.40372,0.072198,-1.0244,-0.004307,-0.029808,0.046696,0.35272,0.37822,0.83725,0.60773,0.32721,0.046696,-0.25932,-0.28482,-0.28482,-0.004307,0.53123,0.96476,0.63323,0.072198,-0.46334,-0.53984,-0.029808,0.81175,1.0158,0.42922,-0.28482,-0.46334,-0.92237,0.42922,0.63323,0.27621,0.32721,0.32721,-0.029808,-0.20832,-0.10631,0.072198,0.50573,0.30171,-0.029808,-0.13181,0.42922,0.22521,-0.36133,0.22521,0.27621,1.0413,0.48022,-0.53984,-0.080812,0.072198,0.1232,-0.13181,0.50573,0.27621,0.021195,0.021195,0.1232,-0.13181,0.0977,0.53123,1.2453,-0.25932,-0.25932,0.0977,-0.10631,-0.029808,-0.080812,0.021195,0.25071,0.1487,0.27621,0.40372,0.63323,-0.080812,-0.029808,-0.18282,0.60773,0.32721,0.046696,-0.61635,-0.05531,-0.080812,-0.10631,0.021195,-0.25932,0.78624,-0.080812,1.8573,1.2963,-0.25932,-0.41233,-0.59084,-0.59084,-0.38683,-0.05531,-0.029808,0.1487,0.22521,0.1232,0.96476,0.81175,0.35272,-0.28482,-0.31033,0.30171,0.45472,0.0977,-0.004307,0.0977,0.1487,-0.13181,-0.15732,-0.029808,0.021195,0.1232,0.35272,0.45472,0.58223,0.58223,1.1433,-0.38683,-0.71835,-0.41233,0.1742,0.37822,0.021195,0.046696,-0.13181,0.1232,-0.080812,0.046696,0.1487,0.42922,0.58223,0.45472,0.32721,0.0977,-0.28482,-0.05531,0.27621,0.072198,-0.15732,0.1742,0.32721,-0.10631,-0.18282,-0.13181,-0.15732,0.42922,0.53123,0.1487,-0.15732,0.42922,0.53123,0.48022,0.1742,-0.20832,-0.28482,0.32721,0.35272,0.42922,-0.15732,-0.10631,-0.89686,0.99026,0.30171,0.1742,0.60773,0.30171,-0.25932,-0.84586,0.60773,0.60773,-0.004307,-0.15732,0.072198,0.0977,0.45472,0.48022,0.1487,0.25071,-0.080812,0.072198,-0.28482,0.1232,0.32721,0.68424,0.78624,0.072198,-0.51434,-0.10631,0.35272,0.1487,-0.10631,-0.004307,-0.029808,0.22521,0.70974,0.25071,-0.18282,-0.004307,0.35272,0.65874,0.046696,-0.25932,0.0977,0.25071,-0.080812,-0.15732,-0.080812,0.1232,0.65874,0.32721,-0.10631,0.42922,0.22521,0.021195,-0.080812,0.1487,0.19971,0.1487,-0.080812,0.27621,-0.46334,0.37822,0.50573,0.1232,-0.080812,0.35272,0.65874,0.0977,-1.4579,1.1433,1.3473,0.42922,-0.66735,-0.51434,-0.28482,0.1487,0.021195,-0.080812,0.021195,0.22521,0.32721,0.1487,1.2198,0.0977,-0.53984,-0.10631,0.48022,0.63323,0.25071,-0.004307,-0.25932,-0.20832,0.046696,0.1742,0.50573,0.63323,0.37822,0.37822,-0.48884,0.1487,-0.25932,-0.15732,0.73524,0.1232,-0.10631,0.19971,0.35272,0.32721,0.1232,0.046696,-0.080812,-0.31033,-0.51434,0.68424,0.93925,0.1742,0.91375,0.53123,-0.23382,-0.20832,0.1487,-0.48884,-0.13181,0.27621,0.32721,0.021195,0.22521,0.48022,0.70974,-0.20832,-0.36133,0.1232,0.30171,0.27621,0.25071,-0.05531,-0.28482,0.072198,0.30171,0.55673,-0.004307,-0.080812,-0.029808,-0.029808,0.1742,0.63323,0.53123,0.1232,-0.18282,0.35272,0.22521,0.0977,-0.31033,-0.53984,-0.004307,0.63323,0.83725,0.1232,0.021195,-0.13181,-0.004307,0.25071,-0.10631,-0.38683,0.48022,0.70974,0.22521,-0.31033,-0.13181,0.73524,1.1178,0.55673,-0.10631,0.27621,-0.18282,0.27621,-0.20832,-0.38683,-0.05531,0.50573,0.70974,-0.080812,-0.18282,0.27621,0.70974,0.53123,-0.05531,-0.05531,0.072198,-0.25932,-0.029808,0.30171,0.35272,0.60773,0.22521,0.046696,-0.05531,-0.029808,0.55673,0.25071,-0.004307,-0.20832,-0.05531,0.1742,0.32721,0.32721,0.48022,0.1742,-0.23382,-0.029808,0.30171,0.60773,-0.36133,-0.05531,0.27621,0.19971,-0.18282,0.1232,0.22521,0.22521,0.35272,-0.004307,-0.23382,0.072198,0.58223,0.1232,-0.43783,0.021195,0.1487,0.1232,0.0977,0.1742,0.30171,0.22521,0.35272,0.32721,-0.41233,-0.23382,0.40372,0.45472,-0.004307,-0.10631,0.0977,0.19971,-0.029808,-0.20832,0.1487,0.1487,0.30171,0.0977,0.58223,0.1487,-0.029808,-0.05531,-0.20832,-0.15732,0.1487,0.19971,0.22521,0.63323,0.40372,0.1232,0.1487,0.1742,0.22521,-0.029808,-0.36133,0.19971,-0.05531,-0.20832,0.1487,0.68424,0.30171,-0.43783,-0.080812,0.53123,1.7808,0.37822,0.046696,-0.51434,-0.69285,-0.36133,-0.18282,-0.25932,0.42922,0.42922,0.32721,0.73524,0.37822,0.76074,0.021195,-0.080812,0.072198,0.1487,-0.029808,-0.53984,0.32721,0.0977,0.19971,0.19971,0.021195,-0.28482,-0.25932,0.0977,0.88825,0.65874,0.30171,0.0977,-0.38683,-0.59084,-0.41233,0.27621,0.53123,0.48022,0.1487,0.1487,0.30171,0.25071,0.046696,0.22521,0.60773,0.50573,-0.18282,-0.64185,-0.05531,0.1742,0.32721,0.42922,0.32721,-0.004307,-0.31033,-0.05531,0.42922,0.32721,-0.080812,-0.080812,-0.05531,0.45472,0.1742,0.65874,0.30171,0.072198,0.27621,0.046696,-0.15732,-0.004307,0.19971,0.19971,0.37822,0.1232,0.1232,0.072198,-0.66735,0.78624,0.40372,0.30171,0.021195,-0.36133,-0.15732,-0.25932,0.072198,0.50573,0.83725,0.1232,-0.33583,0.1487,0.65874,0.63323,-0.20832,-0.66735,0.1232,0.27621,0.1487,0.35272,0.27621,0.22521,0.021195,0.25071,0.072198,-0.15732,0.021195,0.22521,0.19971,0.48022,0.072198,-0.029808,-0.28482,0.1487,0.50573,0.78624,0.32721,-0.36133,-0.38683,-0.15732,0.1742,0.53123,0.072198,0.22521,0.19971,0.63323,-0.38683,0.73524,0.63323,-0.97337,-0.080812,0.25071,0.50573,0.65874,0.1232,-0.28482,-0.029808,0.32721,0.58223,0.1232,-0.15732,-0.41233,0.1232,-0.004307,1.0413,0.42922,-0.15732,-0.61635,-0.029808,0.32721,1.0668,1.3218,0.53123,-1.2284,-0.64185,0.48022,-0.48884,-0.029808,0.0977,0.55673,0.63323,1.2198,0.32721,-0.43783,-0.74385,0.072198,0.83725,1.6533,0.58223,-0.38683,-0.43783,-0.33583,-0.69285,-1.2794,0.86275,0.55673,0.072198,0.73524,0.88825,0.78624,0.73524,-1.3559,0.0977,3.5404,0.68424,-0.76936,-1.0244,-0.94787,-1.6874,1.7553,0.81175,0.021195,0.22521,-0.05531,0.42922,0.45472,0.25071,-0.18282,-0.36133,-0.13181,0.19971,0.32721,0.42922,0.50573,-0.10631,-0.38683,0.40372,1.1688,0.32721,-1.0244,-0.99887,-0.46334,0.22521,0.93925,0.81175,0.48022,0.22521,-1.0754,0.37822,0.68424,0.83725,-0.13181,-0.31033,-0.41233,0.1232,0.76074,-1.1009,1.4238,1.1688,-0.20832,-0.13181,-0.20832,0.48022,1.3983,0.48022,-0.69285,-0.76936,-0.28482,0.25071,0.22521,0.0977,0.22521,0.1232,-0.080812,0.45472,0.93925,0.81175,-0.15732,-0.71835,-0.15732,0.70974,0.50573,0.1487,-0.10631,-0.05531,-0.71835,-0.31033,0.1232,0.22521,0.35272,0.40372,0.53123,-0.15732,0.1232,2.0358,1.3728,0.45472,-0.61635,-0.99887,-0.97337,-0.94787,-0.05531,0.021195,1.4238,0.48022,-0.029808,0.35272,0.0977,0.48022,0.88825,0.19971,-0.53984,-0.05531,0.22521,0.0977,0.1742,-0.13181,-0.20832,-0.15732,0.1742,0.021195,-0.004307,0.1232,-1.1264,1.7553,1.1178,-0.004307,-0.38683,0.1232,0.42922,0.35272,-0.20832,-0.20832,-0.41233,0.32721,0.22521,0.30171,0.45472,0.22521,0.22521,0.19971,-0.25932,0.53123,-0.13181,-0.05531,0.48022,0.046696,-0.20832,0.1742,0.22521,-0.38683,0.86275,0.53123,0.072198,0.0977,0.50573,1.3218,-0.004307,-0.97337,-0.31033,-0.48884,-0.029808,0.1232,0.19971,0.53123,-0.18282,1.0413,0.1487,-0.029808,0.53123,0.1742,0.021195,-0.25932,-0.13181,-0.05531,0.0977,-0.18282,0.1742,0.78624,0.81175,-0.029808,-0.029808,-0.080812,-0.51434,0.86275,0.37822,-0.59084,0.30171,0.42922,0.45472,0.021195,-0.080812,0.0977,0.0977,-0.46334,-0.28482,0.99026,0.35272,0.32721,0.53123,-0.080812,-0.10631,0.046696,0.55673,0.021195,-1.6109,0.91375,-0.33583,0.91375,0.58223,-0.15732,-0.51434,0.93925,0.32721,-0.33583,-0.13181,-0.20832,0.40372,0.68424,0.50573,0.48022,0.37822,-0.15732,-0.66735,-0.87136,0.76074,1.5003,0.86275,0.046696,-0.25932,-5.4872
0.0977,0.19971,0.1232,0.072198,0.0977,0.1742,0.27621,0.22521,0.0977,0.1232,0.22521,0.072198,-0.004307,0.072198,0.19971,0.1742,0.1742,0.1487,0.1742,0.19971,0.19971,0.072198,-0.004307,0.046696,0.072198,0.19971,0.27621,0.30171,0.1742,0.0977,0.021195,0.0977,0.072198,0.1487,0.1232,0.1742,0.0977,0.1232,0.19971,0.19971,0.1487,0.0977,0.046696,-0.004307,0.0977,0.19971,0.19971,0.27621,0.1742,0.1232,0.1487,0.1232,0.072198,0.021195,0.046696,0.22521,0.19971,0.25071,0.22521,0.1232,0.046696,0.0977,0.1232,0.0977,0.1232,0.1487,0.22521,0.22521,0.22521,0.1232,0.1232,0.021195,0.046696,0.072198,0.1742,0.1742,0.19971,0.19971,0.19971,0.19971,0.1742,0.1232,-0.10631,0.046696,0.37822,0.27621,0.0977,0.1232,0.072198,0.1487,0.1487,0.0977,-0.004307,0.1232,0.19971,0.27621,0.0977,0.1232,0.1742,0.19971,0.0977,0.1742,0.046696,-0.05531,0.1232,0.19971,0.32721,0.22521,0.19971,0.22521,0.021195,-0.004307,0.021195,0.1232,0.32721,0.1232,0.1232,0.1487,0.30171,0.072198,-0.05531,-0.10631,0.27621,-0.029808,0.046696,-0.25932,-0.029808,0.32721,0.86275,0.83725,0.32721,-0.31033,-0.66735,-0.13181,0.22521,0.48022,-0.080812,-0.25932,0.0977,0.30171,0.1742,0.32721,1.2453,0.19971,0.91375,-1.3559,-1.5344,3.7444,1.9083,-0.53984,-1.1009,-0.99887,-1.2284,-8.1393,4.9175,7.4677,-0.89686,-1.9169,-1.1774,-0.28482,0.42922,-1.1009,2.2653,0.45472,-2.988,-6.7112,-4.4416,14.302,10.171,-1.6619,-5.2831,-3.498,-3.5745,0.1232,1.9338,1.0158,-1.1519,0.35272,1.1433,1.8573,-3.243,6.4731,3.4894,-6.9663,-1.2794,4.382,3.5659,-1.6874,-2.9625,-2.5035,-0.71835,-4.1101,1.8573,-2.784,-3.4725,7.2637,4.1525,1.4493,4.7135,2.0613,-3.0135,-0.74385,-7.6548,2.5459,3.4384,-4.7731,-1.1774,-3.1155,3.1069,2.6989,-2.0699,0.91375,2.7754,-4.3651,0.70974,-1.6364,2.1378,2.2398,2.3418,0.37822,-1.0499,-4.7221,-1.3814,-0.41233,5.198,0.60773,-1.0244,3.2599,1.2198,-0.48884,-1.9934,-2.274,-1.6109,0.58223,0.1232,1.8318,-2.4525,-2.1719,3.5404,-1.8914,3.6679,2.2398,1.6278,1.1433,0.48022,-0.66735,-1.8149,-0.48884,-0.92237,-0.99887,-0.71835,0.53123,0.73524,0.1487,0.1232,-0.18282,-0.28482,0.32721,0.48022,0.55673,0.88825,0.83725,0.021195,0.68424,0.40372,-0.74385,1.9338,0.83725,-0.20832,-0.64185,-3.0135,1.1433,-0.05531,-0.61635,-0.080812,0.65874,1.3473,0.70974,-0.48884,-0.18282,-0.69285,0.76074,0.53123,0.1232,-0.20832,0.76074,0.93925,0.046696,0.76074,0.48022,-0.41233,-0.79486,-0.59084,-0.61635,-0.36133,0.1232,0.68424,0.50573,0.55673,0.42922,0.65874,0.19971,1.0668,0.27621,0.072198,-0.28482,-0.36133,-0.20832,0.96476,0.37822,-0.05531,-0.38683,-2.1464,1.4493,0.45472,1.2198,-0.10631,0.48022,0.48022,0.93925,-0.20832,-1.0244,-3.8041,2.6479,0.1487,-0.18282,0.1487,0.0977,0.37822,0.48022,0.48022,0.99026,-0.23382,-0.43783,-0.080812,-0.33583,-0.05531,0.83725,1.9593,1.1433,-0.28482,-1.0499,-1.7894,-0.87136,-0.53984,1.8318,-0.92237,0.91375,1.0923,1.1433,0.93925,0.22521,-0.61635,-0.79486,0.1742,-0.53984,-0.43783,0.73524,1.4493,1.1178,0.1487,-0.53984,0.68424,-2.4015,1.6788,-0.97337,-0.92237,-0.18282,-0.05531,1.6533,0.45472,-0.13181,0.32721,0.76074,0.35272,-1.2029,0.70974,0.76074,0.63323,-1.8404,2.8519,-0.13181,-1.3304,-0.51434,-0.51434,-0.25932,0.1232,0.072198,0.0977,0.96476,1.5003,0.60773,-0.23382,-0.31033,-0.20832,-0.15732,0.65874,0.88825,-0.029808,0.072198,0.48022,-0.029808,0.70974,-0.20832,-0.69285,-0.99887,-0.05531,-0.79486,2.4183,1.1178,0.1232,0.81175,0.50573,-0.71835,-1.6874,-1.1264,0.1232,0.48022,0.22521,0.35272,-1.1264,3.6679,1.6023,-0.13181,-0.84586,-0.31033,-0.18282,-0.18282,-0.10631,-0.79486,0.072198,-0.004307,0.32721,-0.080812,0.42922,1.2198,0.96476,0.1232,-0.15732,-0.004307,0.32721,0.30171,0.0977,-1.1264,-1.2794,1.0158,0.19971,-0.66735,1.8573,0.27621,0.93925,1.1178,-0.23382,-0.89686,-0.004307,-0.46334,-0.89686,-0.74385,-0.36133,-0.23382,0.73524,0.35272,0.99026,1.2708,2.0358,0.1742,-0.59084,-0.76936,-0.28482,0.1742,-0.23382,-0.36133,1.0158,0.96476,0.55673,-0.029808,-0.38683,-0.43783,-0.48884,0.42922,0.0977,-1.8914,1.0158,1.3218,0.32721,-0.25932,0.53123,1.3218,0.35272,-0.56534,-0.74385,-0.51434,-0.10631,0.42922,0.96476,0.1232,0.1742,-0.31033,-0.080812,0.60773,0.65874,0.22521,0.50573,-0.59084,0.021195,-0.080812,-0.48884,-0.10631,0.1232,0.37822,0.91375,1.4238,-0.46334,-0.87136,0.35272,-0.004307,-0.82036,0.072198,0.072198,0.1232,-0.53984,0.48022,0.35272,1.0158,1.3473,0.53123,-0.94787,-0.05531,0.1487,0.42922,-0.05531,-0.080812,-0.51434,-0.18282,-0.20832,0.76074,0.35272,0.1742,0.91375,0.48022,0.27621,-0.36133,-0.69285,-0.53984,0.22521,0.45472,0.37822,0.046696,0.072198,0.0977,0.22521,0.30171,0.1487,0.99026,0.65874,0.19971,-0.41233,-0.56534,-1.2029,0.40372,0.63323,0.81175,0.046696,-0.004307,-0.36133,-0.25932,-0.10631,-0.13181,0.27621,0.30171,0.50573,0.50573,1.2708,0.83725,0.30171,-0.56534,-0.43783,-0.10631,0.27621,-0.33583,-0.48884,-0.43783,0.35272,0.35272,0.48022,0.93925,1.1943,-0.23382,-0.53984,-0.080812,0.63323,-0.18282,0.072198,0.99026,-0.15732,-0.61635,-0.004307,-0.48884,-0.05531,0.88825,0.30171,0.046696,0.072198,-0.080812,-0.48884,0.99026,0.91375,0.19971,-0.10631,-0.004307,0.072198,0.70974,-0.53984,0.1487,-0.029808,-0.23382,-0.31033,0.48022,0.35272,1.6278,-0.33583,-0.69285,-0.25932,0.45472,0.37822,-0.31033,0.53123,0.1742,-0.15732,-0.51434,0.1232,1.4493,0.30171,-0.53984,0.25071,0.046696,-0.13181,-0.20832,0.60773,0.58223,0.1487,0.27621,0.1487,-0.05531,0.021195,0.22521,-0.004307,-0.05531,-0.05531,0.1742,0.1232,1.3728,0.88825,-0.74385,-0.69285,0.1742,0.81175,-0.004307,-0.59084,-0.33583,-0.36133,-0.029808,0.96476,1.1433,0.93925,0.1232,1.0923,0.37822,-0.51434,-0.76936,-0.76936,-0.59084,0.65874,0.45472,0.27621,0.22521,0.37822,0.27621,0.072198,-0.080812,0.021195,0.19971,0.30171,0.30171,0.50573,0.42922,0.35272,-0.10631,0.60773,-0.004307,-0.36133,0.072198,-0.28482,-0.080812,0.1232,0.19971,0.40372,0.65874,0.42922,0.22521,-0.05531,-0.004307,0.27621,-0.61635,-0.10631,0.27621,0.91375,0.40372,0.30171,-0.05531,0.19971,-0.004307,0.32721,-0.31033,-0.004307,-0.10631,-0.36133,-0.69285,1.3983,1.2963,-0.15732,0.48022,-0.31033,-0.76936,0.072198,0.37822,0.48022,-0.92237,1.1433,0.48022,0.30171,0.37822,0.91375,-0.41233,-0.94787,-0.69285,-0.080812,0.83725,0.81175,-0.029808,0.0977,0.1232,0.58223,-0.004307,-0.15732,0.1487,0.93925,0.37822,-0.43783,-0.20832,0.30171,0.25071,0.27621,-0.13181,0.27621,0.22521,0.021195,-0.13181,0.45472,0.37822,0.021195,-0.28482,-0.31033,0.86275,0.1232,-0.36133,0.45472,0.73524,0.30171,-0.004307,-0.080812,-0.28482,0.0977,0.1487,0.48022,0.32721,0.32721,-0.31033,-0.18282,-0.15732,0.35272,0.50573,0.65874,0.1742,0.0977,0.1232,0.072198,-0.28482,0.22521,0.50573,1.2708,-0.13181,-0.25932,-0.38683,-0.59084,-0.41233,-0.38683,0.19971,0.68424,0.86275,0.78624,0.021195,0.1232,0.22521,-0.15732,-0.080812,-0.18282,-0.004307,0.30171,0.60773,0.30171,0.30171,-0.10631,-0.20832,-0.05531,-0.13181,-0.15732,-0.004307,0.50573,0.53123,0.65874,0.0977,-0.31033,-0.31033,-0.92237,0.40372,0.76074,0.30171,0.19971,0.55673,0.27621,0.22521,-0.13181,0.32721,0.30171,-0.33583,-0.38683,-0.10631,0.32721,-0.080812,0.30171,0.19971,0.25071,0.48022,0.19971,0.35272,0.32721,0.37822,0.42922,0.072198,-0.25932,-0.38683,-0.25932,-0.080812,0.021195,0.021195,0.27621,0.70974,0.48022,0.48022,0.53123,0.22521,0.48022,-0.69285,0.78624,-0.029808,-0.33583,-0.51434,0.021195,-0.029808,-0.05531,-0.080812,0.35272,0.42922,0.50573,0.25071,0.25071,0.50573,0.78624,0.35272,-0.38683,-0.51434,-0.89686,-0.23382,0.30171,0.48022,0.42922,0.27621,0.53123,0.76074,0.42922,0.19971,-0.46334,-0.43783,-0.41233,0.021195,0.32721,0.32721,0.19971,-0.080812,0.27621,-0.004307,-0.46334,-0.13181,0.99026,0.93925,0.45472,-0.20832,-0.74385,0.50573,0.35272,0.35272,-0.004307,-0.18282,-0.33583,-0.20832,-0.20832,0.22521,0.70974,0.78624,0.55673,0.25071,-0.20832,-0.20832,-0.23382,-0.029808,0.42922,0.58223,0.37822,-0.15732,-0.080812,-0.18282,0.42922,0.021195,-0.28482,0.35272,1.1433,0.37822,-0.18282,-0.28482,-0.13181,-0.38683,0.68424,-0.48884,-0.080812,0.021195,0.37822,0.37822,0.70974,0.35272,0.1232,0.53123,0.021195,0.021195,-0.18282,-0.13181,-0.080812,-0.080812,0.73524,0.1487,0.046696,0.40372,0.65874,0.35272,-0.43783,-0.13181,0.42922,1.4493,-0.13181,-0.38683,-0.10631,-0.18282,-0.080812,-0.05531,-0.029808,0.53123,0.40372,-0.33583,-0.080812,0.68424,0.73524,0.072198,-0.029808,0.22521,-0.46334,-0.28482,0.27621,0.27621,0.046696,0.48022,-0.53984,0.40372,0.1232,0.072198,0.27621,1.2198,0.40372,-0.94787,-0.41233,-0.56534,-0.66735,1.6533,1.3473,-0.15732,-0.46334,0.32721,0.1487,-0.20832,-0.13181,0.35272,0.73524,0.072198,0.35272,0.1742,-0.48884,-0.080812,0.35272,0.96476,0.32721,0.1232,-0.080812,-0.53984,-0.23382,-0.38683,0.19971,0.73524,0.55673,0.1232,0.37822,0.1232,-0.10631,0.021195,-0.33583,-0.28482,0.37822,0.50573,0.45472,-0.28482,0.1232,1.1178,1.3218,0.73524,-0.15732,-0.23382,-0.48884,-0.41233,-0.53984,-0.13181,0.48022,0.32721,-0.15732,0.19971,0.78624,0.37822,-0.05531,0.63323,0.1487,0.1232,-0.13181,1.1178,0.45472,-0.59084,-0.82036,-0.31033,-0.48884,0.22521,0.91375,1.1433,0.63323,-0.43783,-0.51434,0.37822,0.0977,-0.23382,0.27621,0.32721,0.021195,0.021195,0.22521,0.25071,0.86275,-0.10631,0.021195,0.37822,0.53123,-0.33583,-0.69285,-0.15732,0.76074,1.1178,0.78624,0.046696,-0.64185,-0.82036,-1.6874,1.7808,1.2963,-0.13181,-0.10631,0.1232,0.27621,0.60773,0.73524,-0.43783,-0.38683,-0.31033,0.40372,0.53123,0.65874,-0.31033,-0.25932,0.1742,0.42922,0.27621,-0.18282,0.1487,0.45472,0.22521,-0.38683,0.22521,0.83725,0.86275,-0.53984,-0.76936,0.73524,0.072198,-0.13181,-0.13181,-0.13181,0.22521,0.81175,0.58223,-0.28482,0.072198,0.0977,0.30171,0.1232,0.19971,0.50573,0.55673,0.021195,-0.20832,-0.84586,-0.20832,1.0413,0.81175,0.1742,-0.41233,-0.31033,0.0977,1.9338,-0.080812,-0.89686,-0.38683,-0.05531,0.1487,0.35272,0.35272,0.35272,0.072198,0.68424,0.25071,0.37822,0.046696,-0.28482,-0.31033,0.22521,0.73524,-0.004307,-0.61635,-0.46334,0.19971,0.42922,0.53123,0.1232,0.32721,0.021195,0.072198,0.55673,0.22521,0.021195,-0.20832,0.046696,0.021195,-0.029808,0.42922,-0.004307,-0.10631,0.42922,0.19971,-0.080812,-0.029808,0.19971,0.22521,0.1232,0.58223,0.68424,0.40372,0.22521,-0.15732,-0.61635,-0.25932,-0.18282,0.22521,1.2708,0.27621,-0.029808,0.021195,0.0977,-0.31033,-0.05531,0.0977,0.70974,-0.029808,-0.71835,-0.28482,0.22521,0.60773,0.88825,0.86275,0.27621,0.27621,-0.38683,-0.28482,-0.13181,-0.31033,-0.13181,0.86275,1.5513,0.19971,-0.41233,-0.36133,0.046696,0.48022,-0.004307,0.021195,-0.029808,-0.029808,0.32721,0.48022,0.58223,0.1232,-0.23382,0.1487,-0.080812,-0.080812,0.55673,0.83725,0.0977,-0.20832,-0.38683,0.021195,0.22521,0.37822,-0.59084,-0.05531,0.63323,0.32721,0.42922,0.60773,-0.33583,-0.10631,0.1742,0.35272,0.32721,0.25071,0.58223,0.19971,0.30171,0.1487,-0.18282,-0.41233,-0.38683,0.35272,0.1232,0.40372,0.35272,0.1742,0.30171,0.19971,-0.18282,-0.38683,-0.080812,0.30171,1.1943,0.83725,0.25071,-0.004307,0.0977,-0.33583,0.072198,-0.029808,-0.64185,-1.4324,0.63323,1.2708,0.86275,-0.15732,-0.20832,-0.05531,0.88825,0.22521,0.1232,-0.28482,0.58223,0.63323,-0.33583,-0.46334,0.1232,0.27621,0.50573,0.27621,-0.004307,-0.20832,-0.25932,0.0977,0.27621,0.53123,0.0977,0.86275,0.76074,0.072198,-0.33583,-0.66735,-0.25932,0.60773,0.1487,-0.05531,0.27621,-0.18282,-0.59084,0.68424,1.1688,0.76074,-0.18282,-0.20832,0.021195,-0.20832,0.1742,0.25071,-0.13181,-0.20832,0.1232,0.73524,0.73524,-0.10631,-0.28482,-0.029808,0.22521,0.40372,0.19971,0.37822,0.1487,-0.38683,0.68424,-0.004307,-0.36133,0.1232,0.19971,0.55673,-0.004307,0.58223,-0.20832,-0.36133,0.0977,0.42922,0.1487,-0.05531,0.27621,-0.15732,-0.31033,0.19971,1.3728,0.76074,0.37822,-0.080812,-0.23382,-0.004307,-0.15732,-0.48884,-0.28482,-0.004307,0.40372,0.50573,0.60773,0.50573,-0.51434,-0.53984,0.046696,0.91375,0.37822,-0.25932,0.32721,0.19971,-0.18282,-0.18282,0.60773,0.48022,0.63323,-0.28482,-0.28482,-0.33583,-0.20832,0.1742,1.3473,0.32721,0.25071,0.32721,-0.48884,-0.48884,0.63323,0.1487,0.1232,-0.69285,0.53123,0.50573,0.68424,0.27621,-0.10631,-0.20832,0.19971,0.40372,0.25071,0.1232,-0.13181,0.65874,-0.13181,-0.10631,0.73524,0.19971,-0.23382,-0.36133,-0.029808,0.27621,-0.28482,-0.18282,0.45472,0.70974,0.91375,0.22521,-0.33583,-0.20832,0.19971,0.1232,0.19971,0.25071,0.63323,0.86275,-0.13181,-0.13181,-0.28482,-0.33583,0.30171,-0.20832,0.27621,-0.080812,0.76074,0.91375,-0.82036,-0.10631,0.50573,0.19971,0.1232,0.37822,-0.66735,-0.28482,0.27621,0.70974,0.32721,-0.004307,0.0977,0.63323,0.48022,0.19971,0.19971,-0.004307,-0.080812,-0.36133,-0.38683,0.19971,0.60773,-0.080812,-0.10631,0.37822,0.78624,0.40372,-0.05531,-0.13181,0.072198,0.25071,0.1487,0.1742,-0.28482,0.22521,0.42922,0.53123,-0.74385,0.42922,0.22521,0.072198,-0.28482,1.0158,-0.13181,-0.23382,-0.23382,-0.51434,0.60773,0.50573,0.53123,0.53123,0.021195,-0.51434,-0.41233,0.25071,0.53123,0.22521,-0.13181,0.40372,0.22521,0.0977,0.072198,-0.18282,0.30171,0.53123,0.48022,-0.029808,-0.23382,-0.10631,-0.13181,0.27621,0.22521,0.50573,0.072198,0.1232,0.70974,0.50573,-0.080812,-0.53984,-0.41233,-0.31033,0.30171,0.68424,1.5003,0.072198,-0.36133,-0.05531,0.072198,0.1487,-0.15732,0.1232,-0.28482,0.78624,0.42922,-0.13181,-0.10631,1.0413,0.32721,-0.61635,-0.41233,0.021195,0.021195,-0.74385,0.40372,1.1943,1.1943,0.37822,0.021195,-0.13181,0.32721,0.35272,-0.46334,-0.18282,-0.36133,0.37822,-0.15732,0.072198,-0.15732,0.1742,0.30171,0.32721,0.70974,1.1178,0.86275,-0.48884,-0.56534,-0.25932,0.63323,0.58223,-1.2284,0.27621,-0.20832,0.1742,0.50573,0.1487,-0.004307,0.1232,0.37822,0.046696,1.3473,1.3473,-0.82036,-0.89686,-0.33583,-0.18282,0.021195,0.22521,0.50573,0.70974,0.48022,0.22521,-0.10631,-0.31033,-0.029808,-0.004307,-0.31033,-0.28482,0.0977,0.63323,0.88825,0.32721,0.45472,0.046696,-0.28482,-0.41233,-0.13181,0.30171,0.68424,0.37822,-0.15732,-0.38683,0.0977,0.1232,0.1742,0.22521,0.55673,0.50573,-0.41233,0.58223,0.70974,0.53123,-0.15732,-0.89686,-0.41233,0.27621,0.48022,0.45472,-0.15732,0.021195,0.53123,0.1742,0.22521,-0.31033,-0.029808,0.65874,0.76074,-0.59084,0.68424,-0.15732,1.2453,0.021195,-1.1264,-0.59084,-0.20832,0.37822,0.1232,0.1742,0.60773,0.58223,0.35272,-0.05531,0.0977,0.19971,0.1232,0.32721,0.22521,0.19971,-0.029808,0.1232,-0.71835,0.25071,1.3728,1.4238,0.072198,-0.97337,-0.89686,0.021195,-0.38683,0.48022,-0.029808,0.70974,0.60773,0.86275,0.55673,0.19971,-0.36133,-0.38683,0.072198,-0.080812,0.021195,0.072198,0.32721,0.1232,-0.004307,0.78624,1.2453,0.25071,-0.05531,0.021195,-0.41233,-0.080812,-1.3559,1.7298,1.1688,-1.1264,0.22521,0.25071,-0.46334,-0.43783,-0.080812,0.25071,-0.029808,-0.18282,-0.10631,0.27621,0.32721,2.1123,0.40372,-0.61635,0.072198,0.53123,0.35272,0.40372,0.32721,-0.66735,-0.76936,-0.23382,0.22521,-0.05531,-0.080812,0.55673,0.70974,0.88825,0.65874,0.1742,-0.48884,-0.66735,-0.38683,-0.05531,0.072198,0.83725,0.37822,0.42922,0.45472,0.73524,0.25071,-0.10631,-0.69285,-0.31033,-0.31033,-0.31033,0.046696,0.60773,0.60773,0.53123,0.42922,0.046696,0.19971,-0.36133,0.32721,1.1433,-0.23382,-0.33583,0.32721,0.50573,0.40372,-0.18282,-0.33583,0.1232,0.30171,-0.18282,-0.38683,-0.05531,2.3928,0.73524,-0.51434,-0.25932,-0.10631,0.42922,0.35272,-0.36133,-0.71835,-0.41233,0.072198,1.0923,1.2453,-0.20832,0.072198,0.19971,0.046696,-0.05531,-0.10631,0.1742,0.50573,0.37822,-0.33583,-0.13181,0.48022,0.27621,-0.080812,-1.0499,0.83725,0.63323,0.32721,-0.20832,-0.029808,0.0977,0.1232,-0.97337,0.96476,0.45472,-0.004307,0.021195,0.48022,0.48022,0.58223,0.48022,-0.89686,-0.33583,0.65874,0.27621,0.1487,-0.25932,0.1232,0.1232,0.22521,0.1742,0.50573,0.40372,-0.10631,0.046696,0.27621,-0.13181,-0.004307,0.0977,0.35272,0.1742,-0.46334,1.7043,0.25071,-0.31033,-0.23382,0.072198,0.25071,-0.20832,-0.18282,0.021195,0.32721,0.32721,0.1232,0.48022,0.50573,0.19971,-0.66735,0.68424,0.021195,0.1232,0.32721,-0.029808,-0.13181,-0.23382,-0.18282,0.37822,0.50573,-0.004307,-0.004307,0.27621,0.1742,0.1232,0.1232,-0.004307,0.1232,0.27621,0.30171,0.53123,0.45472,0.1742,0.1232,-1.2029,1.6533,0.35272,-1.1264,0.27621,-0.28482,-0.43783,0.021195,0.60773,0.37822,0.1232,0.1487,0.0977,0.072198,0.1232,1.1943,1.9848,0.19971,-0.36133,-0.46334,-0.28482,-0.36133,-0.41233,-0.53984,0.48022,0.53123,0.1742,0.1742,-0.10631,0.0977,0.63323,1.0158,0.73524,0.046696,-0.10631,-0.23382,-0.25932,-0.74385,-0.33583,0.37822,0.91375,0.35272,-0.36133,0.63323,0.63323,0.30171,-0.18282,-0.18282,0.021195,0.25071,-0.13181,0.32721,0.55673,0.42922,-0.20832,-0.13181,0.22521,0.046696,-0.82036,0.50573,0.45472,0.25071,0.48022,0.58223,0.81175,0.0977,-0.46334,-0.41233,-0.25932,0.021195,-0.38683,-0.31033,0.25071,0.96476,1.3218,0.40372,-0.89686,0.32721,0.37822,0.1232,-0.18282,-0.31033,-0.53984,0.1232,0.1232,1.2198,0.40372,-0.13181,-0.15732,0.0977,0.35272,0.53123,0.021195,-0.28482,-0.080812,-0.18282,0.0977,0.0977,0.1232,-0.64185,0.19971,1.5513,0.70974,-0.029808,-0.69285,0.60773,-0.64185,0.50573,0.072198,-0.33583,-0.38683,0.072198,-0.080812,0.35272,0.50573,0.046696,0.22521,-0.004307,0.1232,0.48022,0.35272,0.45472,0.63323,0.73524,-0.28482,-1.3559,0.1487,0.70974,0.0977,0.021195,-0.13181,0.22521,0.35272,0.32721,0.0977,-0.69285,0.53123,-0.029808,0.1232,0.19971,0.40372,0.83725,0.021195,0.50573,0.83725,-0.31033,-1.9424,0.30171,0.55673,-0.029808,-0.25932,0.35272,0.45472,0.45472,0.58223,0.42922,-0.080812,-0.25932,-0.31033,-0.36133,-0.15732,0.73524,1.0413,0.55673,-0.74385,0.40372,-0.080812,-0.029808,-0.20832,0.60773,0.88825,-0.004307,-0.48884,-0.10631,0.53123,0.86275,0.55673,-0.23382,-0.43783,-0.41233,-0.28482,0.046696,0.35272,0.40372,0.83725,0.58223,0.40372,-0.004307,-0.029808,-0.10631,0.27621,0.1742,-0.080812,-0.33583,-0.20832,0.072198,-0.13181,0.1232,0.22521,0.78624,0.76074,0.78624,0.021195,-0.10631,0.37822,0.35272,-0.46334,-0.71835,-0.71835,0.19971,0.35272,0.50573,0.65874,0.58223,-0.33583,0.046696,0.53123,0.021195,-0.13181,0.0977,0.0977,0.91375,0.58223,-0.20832,-0.51434,-0.31033,-0.004307,0.37822,0.32721,0.60773,0.48022,0.25071,-0.25932,-0.46334,0.072198,0.68424,0.27621,-0.36133,-0.029808,0.42922,0.93925,0.25071,-0.004307,-0.10631,-0.31033,-0.080812,0.25071,-0.004307,-0.05531,0.021195,0.1487,0.53123,0.96476,0.58223,-0.20832,-0.59084,0.32721,0.072198,0.072198,0.19971,0.0977,-0.080812,-0.18282,0.25071,0.42922,-1.1009,0.78624,0.86275,0.45472,-0.41233,0.27621,0.93925,0.30171,-0.48884,-2.1464,2.1378,0.55673,-0.71835,-0.51434,-0.46334,-0.05531,0.40372,0.53123,0.83725,0.48022,0.40372,0.27621,0.0977,-0.18282,0.046696,-0.080812,0.1487,0.1232,0.072198,0.021195,0.37822,0.0977,0.072198,0.1742,-0.080812,0.58223,0.50573,-0.28482,0.22521,0.22521,-0.43783,0.22521,0.1742,0.1487,0.35272,0.42922,0.78624,0.27621,-0.74385,0.42922,0.32721,-0.41233,-0.13181,-0.18282,0.1232,0.40372,0.65874,0.32721,-0.33583,-0.13181,0.32721,0.73524,0.53123,-0.13181,-0.36133,-0.20832,-0.004307,0.35272,1.0158,0.072198,-0.18282,-0.13181,-0.25932,-0.23382,0.42922,0.68424,0.70974,-0.05531,-0.13181,-0.080812,-0.15732,-0.15732,0.27621,0.42922,0.1742,0.19971,0.27621,-0.36133,0.96476,-0.080812,0.40372,-0.31033,-0.84586,-0.18282,0.48022,0.50573,0.40372,0.19971,0.19971,0.27621,0.55673,0.072198,-0.23382,-0.18282,-0.004307,0.046696,0.32721,0.1487,1.0413,1.3983,0.27621,-0.36133,-0.28482,-0.69285,0.021195,0.58223,0.50573,0.021195,-0.51434,-0.18282,-0.05531,0.58223,0.53123,0.1742,-0.20832,-0.080812,0.021195,0.27621,0.32721,0.25071,0.1742,0.48022,-0.20832,-0.080812,0.65874,0.42922,-0.25932,0.42922,-0.004307,0.73524,-0.13181,-0.79486,-0.31033,0.30171,0.65874,0.1487,0.65874,-0.43783,-0.25932,1.6023,0.73524,-0.38683,-0.64185,-0.36133,0.53123,0.42922,0.91375,0.53123,-0.38683,-0.71835,-0.43783,-0.05531,0.1487,0.65874,0.37822,0.32721,0.1487,0.32721,0.50573,0.32721,-0.23382,-0.029808,0.22521,0.70974,0.046696,-0.13181,-0.080812,-0.10631,0.0977,0.27621,-0.004307,-0.92237,0.22521,0.48022,0.42922,-0.48884,0.60773,0.93925,0.40372,-0.05531,0.22521,-0.004307,0.37822,0.22521,-0.10631,-0.59084,-0.48884,0.1232,0.35272,0.73524,0.0977,0.40372,-0.05531,0.73524,0.83725,-0.029808,-0.029808,-0.13181,-0.25932,-0.15732,0.0977,0.1232,-0.10631,0.1232,1.5258,0.0977,-0.64185,-0.28482,0.81175,0.55673,-0.004307,0.1487,0.072198,0.072198,0.072198,0.021195,0.1742,0.0977,0.40372,0.1232,-0.15732,0.35272,0.86275,0.30171,-0.31033,-0.38683,0.046696,0.1232,0.55673,1.0413,0.072198,-0.69285,-0.79486,-0.13181,1.3983,0.91375,-0.05531,-0.20832,-0.029808,-0.13181,-0.10631,0.021195,0.73524,0.42922,0.32721,0.046696,0.19971,-0.20832,-0.23382,0.70974,0.88825,-0.20832,-0.43783,-0.20832,-0.10631,0.046696,0.072198,-0.15732,0.48022,1.0923,-0.029808,0.76074,-0.38683,0.25071,0.1232,0.046696,0.42922,-0.05531,0.021195,0.072198,0.1232,-0.28482,0.1232,0.50573,-0.080812,-0.38683,-0.029808,0.32721,0.42922,0.50573,0.37822,0.046696,0.046696,0.32721,0.50573,0.32721,-0.004307,0.0977,0.021195,-0.13181,-0.05531,-0.15732,-0.10631,0.021195,0.42922,0.32721,0.1742,0.30171,0.25071,0.0977,-0.51434,0.81175,0.73524,0.19971,-0.28482,-0.13181,-0.15732,-0.13181,0.1487,0.60773,0.58223,0.37822,-0.48884,-0.31033,0.1742,0.0977,0.0977,0.30171,0.50573,0.25071,-0.10631,0.1232,0.48022,0.81175,-0.20832,-0.28482,-0.004307,-0.18282,-0.080812,0.046696,0.021195,0.42922,0.83725,0.81175,0.22521,-0.13181,0.0977,-0.46334,-0.36133,-0.18282,0.0977,0.58223,0.63323,0.22521,-0.029808,-0.13181,0.30171,0.072198,0.1742,0.072198,0.22521,0.27621,0.22521,-0.029808,0.1742,0.0977,0.19971,0.53123,-0.05531,-0.79486,0.83725,0.68424,0.30171,0.021195,0.021195,-0.029808,0.072198,0.35272,0.19971,-0.080812,-0.28482,-0.33583,0.046696,0.37822,0.58223,0.30171,0.1487,0.1232,0.42922,1.0413,0.35272,-0.33583,-0.48884,0.021195,0.27621,0.27621,0.22521,-0.080812,-0.029808,-0.15732,0.021195,-0.029808,0.1487,0.35272,0.58223,0.25071,0.1232,0.32721,0.32721,0.19971,0.072198,-0.31033,-0.080812,0.1742,0.0977,-0.18282,0.021195,0.37822,0.68424,0.60773,0.58223,-0.51434,0.1487,-0.10631,-0.029808,-0.18282,0.0977,0.30171,0.1487,0.021195,0.27621,0.19971,0.78624,0.0977,-0.10631,0.1232,1.0158,0.19971,-0.33583,-0.23382,0.25071,-0.004307,-0.20832,0.0977,0.22521,0.021195,0.19971,-0.18282,0.27621,0.55673,0.73524,1.2963,-0.31033,-0.41233,-0.53984,-0.080812,0.021195,0.22521,0.1232,0.1232,0.27621,0.072198,-0.004307,0.42922,0.63323,0.37822,0.45472,-0.080812,-0.25932,-0.18282,-0.029808,0.68424,0.072198,-0.23382,-0.004307,0.32721,0.37822,0.30171,0.021195,0.30171,0.50573,0.22521,-0.23382,-0.46334,-0.10631,0.37822,1.1178,0.22521,-0.10631,-0.004307,-0.080812,0.0977,0.1742,0.19971,-0.004307,0.021195,-0.004307,0.25071,0.50573,0.40372,0.021195,0.1487,0.22521,0.35272,-0.029808,-0.46334,0.0977,0.73524,0.32721,-0.64185,0.50573,0.50573,-0.33583,-0.31033,-0.05531,0.68424,0.53123,0.32721,0.27621,0.1232,-0.20832,-0.46334,-0.31033,0.072198,0.70974,0.27621,0.072198,0.42922,0.45472,0.65874,0.072198,-0.48884,-0.48884,-0.004307,0.40372,-0.15732,-0.15732,0.35272,0.63323,0.63323,0.58223,0.046696,-0.25932,-0.28482,-0.004307,-0.029808,0.22521,0.58223,0.60773,0.0977,-0.15732,-0.080812,-0.64185,0.19971,0.42922,0.68424,0.27621,0.37822,0.32721,0.046696,-0.41233,-0.25932,0.22521,0.1487,0.48022,-0.15732,-0.029808,0.53123,0.35272,0.22521,-0.15732,-0.15732,0.1232,0.73524,0.021195,0.42922,-0.31033,-0.05531,0.27621,0.42922,0.1232,0.1232,-0.004307,-0.20832,0.072198,0.25071,0.45472,0.48022,0.046696,0.30171,0.32721,-0.05531,-0.05531,0.1232,0.25071,-0.15732,-0.10631,0.32721,0.60773,0.27621,-0.36133,-0.20832,-0.029808,0.63323,0.42922,0.072198,-0.20832,-0.38683,0.1232,1.0668,0.27621,-0.029808,0.1232,0.1232,0.1232,-0.05531,0.1742,0.021195,0.22521,0.30171,0.58223,-0.05531,0.32721,0.30171,0.021195,-0.33583,-0.004307,0.30171,0.76074,0.072198,0.1742,-0.48884,-0.28482,0.27621,0.81175,0.19971,-0.13181,-0.15732,-0.004307,0.021195,0.37822,0.65874,1.1178,0.76074,-0.029808,-0.99887,-0.97337,-0.28482,0.32721,0.68424,0.072198,0.32721,0.65874,0.58223,0.30171,-0.004307,-0.18282,-0.10631,-0.10631,-0.23382,-0.080812,0.76074,0.96476,0.22521,-0.10631,0.1232,0.42922,-0.48884,-0.15732,1.3218,0.53123,-0.13181,-0.31033,-0.080812,0.072198,0.0977,-0.18282,-0.15732,0.0977,0.48022,1.0668,0.63323,0.32721,-0.10631,-0.004307,-0.029808,0.046696,-0.05531,-0.080812,0.1232,0.40372,0.53123,-0.029808,-0.15732,0.42922,0.021195,-0.13181,0.1232,0.48022,0.19971,-0.41233,-0.69285,0.53123,1.1943,0.86275,0.021195,-0.31033,-0.36133,-0.31033,-0.080812,-0.004307,-0.080812,0.40372,0.81175,1.1178,0.1232,0.1232,-0.13181,-0.28482,-0.029808,0.45472,0.0977,-0.23382,0.37822,0.046696,-0.029808,0.45472,1.1433,0.32721,-0.76936,-0.74385,-0.18282,0.68424,0.35272,-0.004307,-0.05531,0.81175,0.78624,0.37822,-0.76936,0.22521,0.021195,-0.029808,-0.28482,0.30171,0.42922,0.1742,-0.080812,0.30171,-0.18282,-0.28482,-0.029808,-0.029808,0.0977,0.22521,0.046696,0.27621,0.55673,0.37822,0.1487,0.60773,0.42922,0.046696,0.0977,-0.23382,-0.53984,-0.43783,0.0977,0.60773,-0.64185,0.55673,1.2198,0.40372,-0.15732,0.1487,0.072198,0.37822,-0.28482,-0.53984,-0.080812,0.50573,0.42922,0.0977,-0.25932,-0.080812,0.1232,0.30171,0.30171,0.19971,0.1487,0.35272,0.50573,-0.10631,-0.41233,-0.029808,0.32721,0.53123,0.30171,0.22521,0.93925,-0.28482,-0.53984,-0.28482,0.27621,0.40372,0.30171,0.0977,-0.13181,-0.25932,0.021195,-0.080812,-0.10631,0.1742,0.53123,0.70974,0.88825,0.32721,0.22521,-0.25932,-0.029808,-0.18282,-0.10631,-0.23382,-0.18282,-0.15732,0.25071,0.42922,0.42922,0.046696,0.1742,0.73524,0.37822,0.19971,0.046696,-0.05531,0.60773,0.22521,-0.31033,-0.004307,-0.25932,-0.31033,-0.25932,0.072198,0.58223,0.83725,0.27621,0.22521,0.1232
7.0851,-2.5035,-4.2376,-4.4161,4.382,0.072198,-0.71835,-5.2321,4.2035,5.5806,1.2453,-1.9934,-1.7894,-2.682,3.7444,-0.029808,4.3055,-2.325,-5.9462,4.7135,2.7754,-2.9115,1.9848,0.60773,0.96476,0.35272,0.55673,-0.48884,-4.7731,3.9484,1.0158,-0.48884,0.86275,2.0868,0.96476,-4.4161,-0.74385,2.0868,3.4639,2.0613,1.6533,-0.38683,-0.97337,-1.6619,-1.2794,-2.682,2.8519,-0.05531,0.0977,0.0977,-0.20832,-2.0699,2.6224,0.53123,-0.33583,0.53123,0.42922,1.2963,1.3728,0.0977,-1.3304,-1.8404,-0.99887,0.021195,0.73524,0.58223,0.53123,0.32721,1.1943,2.3673,1.2198,-0.69285,-1.3559,-1.3304,-2.325,1.7808,1.9593,-1.8404,-0.51434,0.45472,0.37822,0.86275,0.63323,0.046696,0.37822,0.19971,0.40372,0.37822,0.1232,-0.080812,-0.92237,-0.79486,-1.3304,1.8063,0.83725,-0.10631,-0.36133,-0.31033,1.2198,1.0923,0.37822,-0.99887,-0.004307,-0.004307,-0.61635,1.0413,0.25071,0.0977,0.22521,0.45472,0.22521,-0.20832,0.60773,0.1487,-0.61635,-0.69285,-0.66735,0.35272,-0.92237,3.8464,0.48022,-2.4015,0.40372,1.6533,1.3473,-0.38683,-0.38683,0.60773,0.22521,-0.41233,-1.8659,0.37822,-0.10631,0.65874,0.53123,0.91375,0.48022,-0.28482,0.27621,-0.004307,0.40372,0.96476,0.40372,1.2198,0.32721,-0.43783,-1.0244,-0.71835,-0.53984,-0.41233,0.37822,0.60773,0.86275,0.96476,0.072198,0.60773,0.48022,0.0977,-1.7129,1.2453,0.42922,-0.31033,-0.82036,-0.23382,-0.43783,0.81175,2.6224,1.3728,-0.94787,-0.89686,-0.51434,0.93925,0.60773,0.30171,-0.99887,1.8573,0.78624,-0.51434,-0.66735,0.021195,1.0923,0.32721,-0.23382,0.25071,0.35272,0.40372,-0.004307,-0.05531,-0.76936,0.58223,0.58223,0.021195,0.30171,0.30171,-0.20832,0.1232,0.70974,0.53123,0.63323,0.1232,-0.56534,-0.43783,-0.38683,-0.48884,-1.0754,0.37822,0.32721,1.2198,1.3473,0.35272,-0.004307,0.19971,-0.28482,0.32721,-0.15732,-0.31033,-0.64185,0.68424,0.30171,-0.66735,-2.2485,3.6424,2.7244,-0.18282,0.19971,0.53123,0.1742,-1.0244,-1.2794,-0.87136,-0.029808,-0.13181,0.27621,0.48022,1.2708,1.3983,0.93925,-0.10631,-0.48884,-0.28482,-0.13181,0.1232,0.50573,0.63323,0.88825,-0.69285,-0.89686,0.35272,-0.004307,-0.46334,-0.25932,-0.18282,1.9593,1.0158,-0.74385,-0.13181,-0.15732,0.19971,1.0923,1.0158,-0.080812,-0.38683,-0.64185,-0.89686,0.32721,0.63323,1.0158,0.60773,0.046696,-0.15732,-0.33583,-0.10631,0.30171,0.37822,0.58223,0.22521,-0.33583,-0.97337,0.32721,0.45472,-0.31033,0.48022,0.91375,1.3983,-0.43783,-0.33583,-0.25932,0.53123,-0.25932,-0.004307,-0.13181,0.1232,0.78624,0.50573,-0.080812,-0.64185,0.1742,0.88825,0.60773,0.1742,0.25071,-0.080812,-0.74385,-0.004307,-0.84586,0.73524,0.27621,0.27621,0.96476,0.1487,0.046696,-0.18282,-0.13181,-0.13181,0.81175,0.55673,-0.38683,0.1232,0.37822,0.88825,-0.029808,-0.59084,-0.61635,-0.029808,0.19971,1.4493,0.22521,-1.2029,0.1742,0.88825,0.53123,-0.13181,-0.69285,-0.13181,-0.33583,1.0668,1.0668,0.55673,0.58223,-0.28482,-0.080812,-0.18282,0.046696,-0.48884,-0.05531,0.53123,-0.004307,0.93925,0.30171,0.021195,-0.84586,-0.71835,0.42922,0.35272,0.40372,0.60773,0.60773,0.63323,0.22521,-0.029808,-0.38683,-0.66735,-0.029808,0.58223,0.48022,0.70974,-0.13181,0.40372,0.86275,-0.15732,-0.61635,-0.79486,-0.69285,-0.31033,0.48022,0.76074,0.40372,0.35272,0.25071,0.32721,0.78624,0.1742,0.48022,0.83725,0.27621,0.1232,-0.05531,0.30171,-0.41233,-0.41233,-0.92237,-0.53984,-0.25932,0.68424,0.73524,0.021195,0.86275,1.3983,0.58223,0.22521,-0.004307,-0.82036,-0.38683,-0.48884,0.93925,0.25071,-0.36133,0.22521,0.73524,0.55673,0.73524,0.0977,-0.28482,-0.31033,-0.20832,-0.28482,-0.15732,-0.23382,0.32721,1.0923,1.0158,-0.28482,0.1232,0.55673,-0.20832,0.32721,-0.029808,0.1232,0.046696,-0.41233,-0.05531,0.32721,1.0923,1.0668,-0.20832,-0.41233,-0.31033,0.072198,-0.43783,-0.53984,-0.029808,0.50573,0.53123,0.37822,-0.61635,1.0158,1.1433,0.55673,-0.31033,-0.25932,0.19971,0.37822,-0.87136,-0.46334,0.81175,0.63323,0.25071,0.021195,0.021195,-0.23382,-0.004307,-0.61635,0.27621,0.42922,1.0923,0.93925,-0.080812,-0.36133,-0.53984,-0.13181,0.63323,0.76074,0.48022,0.50573,0.25071,0.021195,0.1232,-0.59084,-0.53984,0.32721,0.072198,-0.15732,-0.69285,0.42922,0.73524,0.73524,0.70974,0.65874,0.45472,0.19971,-0.28482,-0.48884,-0.13181,-0.029808,0.30171,-0.18282,0.32721,-0.25932,0.0977,0.37822,0.60773,-0.029808,0.1232,0.40372,0.046696,0.1487,-0.82036,0.78624,-0.029808,-0.18282,0.53123,0.48022,0.19971,0.021195,-0.080812,-0.10631,-0.080812,-0.10631,0.60773,0.68424,0.53123,0.1487,-0.23382,-0.23382,-0.18282,0.19971,-0.029808,-0.20832,0.40372,0.91375,0.93925,0.072198,-0.31033,0.021195,0.1487,0.1232,0.22521,0.63323,0.35272,-0.25932,-0.66735,0.0977,-0.080812,0.40372,1.8318,0.37822,-0.66735,-0.97337,-0.59084,-0.004307,0.50573,0.22521,-0.18282,-0.38683,1.1688,0.53123,1.3218,0.93925,-0.51434,-0.31033,-0.20832,-0.080812,-0.38683,-0.46334,-0.13181,0.046696,0.48022,0.73524,0.42922,0.046696,-0.10631,0.53123,0.1742,0.021195,0.35272,0.1742,0.0977,0.072198,0.0977,0.1487,-0.029808,-0.18282,0.35272,0.32721,0.60773,0.22521,0.021195,-0.05531,-0.48884,-0.18282,0.32721,0.68424,1.1433,0.48022,-0.029808,-0.41233,-0.87136,-0.97337,0.48022,1.7298,0.63323,-0.18282,-0.43783,-0.004307,0.19971,0.1742,0.0977,0.32721,0.25071,0.021195,-0.05531,-0.05531,0.48022,0.78624,0.81175,0.19971,0.046696,0.60773,-0.38683,-0.92237,-0.51434,-0.10631,-0.59084,1.0413,0.42922,0.0977,0.021195,-0.13181,0.1487,-0.18282,0.73524,0.60773,0.83725,0.91375,0.1232,-0.10631,-0.004307,-0.51434,-0.004307,-0.23382,-0.28482,0.27621,0.25071,0.021195,0.30171,0.30171,0.19971,0.50573,0.42922,0.35272,-0.13181,0.22521,0.25071,0.046696,-0.23382,-0.74385,-0.41233,0.1232,0.91375,1.1688,0.73524,-0.18282,-0.15732,0.021195,-0.20832,-0.31033,0.60773,0.19971,-0.080812,0.60773,0.42922,0.30171,-0.13181,0.0977,-0.080812,0.27621,-0.10631,0.021195,0.63323,0.63323,0.48022,-0.05531,-0.13181,-0.51434,-0.13181,0.45472,0.86275,-0.080812,-0.004307,-0.10631,-0.10631,0.046696,0.22521,0.65874,0.42922,-0.05531,0.35272,0.83725,-0.38683,0.40372,0.021195,-0.05531,-0.004307,-0.59084,-0.33583,0.25071,0.1742,0.53123,0.55673,0.30171,0.22521,-0.029808,-0.05531,-0.23382,-0.13181,0.072198,0.53123,0.50573,-0.029808,1.1433,0.072198,-0.080812,-0.43783,-0.13181,0.1742,0.42922,0.1232,-0.23382,-0.69285,-0.080812,0.072198,0.86275,0.0977,0.32721,1.0413,1.5513,-0.05531,-0.89686,-1.0499,-0.41233,0.30171,0.55673,0.072198,0.19971,1.3983,0.50573,0.1742,-0.46334,-0.28482,-0.05531,-0.029808,-0.13181,-0.080812,-0.10631,1.3218,0.91375,-0.28482,-0.13181,0.0977,1.2453,-0.31033,-0.66735,-0.41233,-0.48884,-0.10631,0.32721,0.40372,0.30171,0.32721,0.91375,0.60773,0.45472,0.021195,-0.10631,0.046696,0.32721,-0.10631,-0.46334,-0.69285,0.53123,0.58223,-0.18282,-0.84586,1.0923,0.70974,0.58223,0.046696,-0.004307,0.19971,0.1232,-0.23382,-0.48884,-0.004307,-0.05531,0.021195,0.91375,0.86275,0.1232,0.1232,0.1742,-0.20832,-0.23382,-0.004307,-0.080812,0.072198,0.35272,0.58223,0.40372,0.19971,0.19971,0.0977,-0.05531,0.19971,-0.05531,0.30171,0.40372,0.30171,0.021195,0.072198,0.021195,-0.51434,0.046696,-0.029808,0.021195,0.42922,0.1742,0.58223,0.072198,-0.20832,-0.82036,0.70974,0.63323,0.65874,0.93925,0.22521,-0.18282,-0.41233,-0.36133,-0.05531,-0.31033,-0.10631,0.072198,0.42922,0.42922,0.37822,0.45472,0.81175,0.1742,-0.46334,0.53123,-0.18282,-0.64185,-0.71835,0.046696,0.93925,0.88825,0.40372,-0.53984,-0.41233,-0.51434,-0.28482,0.021195,0.30171,0.53123,0.63323,-0.33583,1.1943,0.19971,-0.13181,-0.31033,-0.48884,-0.18282,0.58223,1.0923,0.1487,-0.029808,-0.15732,-0.15732,-0.029808,0.0977,0.32721,0.86275,0.30171,-0.20832,-0.004307,0.32721,0.32721,0.63323,0.45472,0.0977,-0.66735,-0.89686,-0.66735,-0.23382,0.30171,0.63323,0.91375,0.78624,0.19971,-0.41233,-0.20832,0.40372,0.22521,-0.004307,0.046696,0.021195,-0.28482,-0.10631,-0.36133,1.5003,0.40372,-0.10631,0.40372,0.25071,0.0977,-0.92237,-0.56534,-0.080812,0.0977,0.27621,0.046696,0.1487,0.25071,0.55673,1.0413,-0.33583,-0.61635,0.40372,0.70974,0.27621,-0.31033,-0.33583,0.22521,0.78624,0.76074,-0.23382,0.91375,0.40372,-0.46334,-0.46334,-0.25932,0.046696,0.046696,-0.05531,-0.080812,0.1487,0.68424,0.58223,0.32721,0.1487,0.25071,-0.004307,-0.33583,-0.59084,0.50573,0.30171,-0.13181,0.32721,0.86275,0.072198,-0.20832,-0.33583,0.021195,0.37822,0.1232,-0.05531,0.30171,0.83725,0.40372,0.32721,-0.05531,-0.33583,-0.31033,0.45472,0.73524,-0.080812,-0.029808,-0.15732,0.30171,0.046696,0.22521,0.046696,0.0977,0.1487,0.0977,0.1487,-0.18282,0.072198,0.42922,0.91375,0.19971,-0.28482,-0.48884,-0.029808,-0.004307,0.19971,0.40372,0.021195,0.072198,0.27621,0.0977,0.046696,0.072198,0.19971,0.27621,0.37822,0.30171,-0.13181,-0.13181,-0.46334,0.88825,0.68424,0.48022,-0.20832,-0.82036,-0.48884,0.35272,0.30171,0.046696,-0.25932,0.35272,0.27621,0.86275,0.50573,0.0977,0.1487,0.32721,0.45472,-0.004307,-0.10631,-0.10631,-0.05531,-0.36133,0.021195,0.0977,0.40372,0.27621,0.32721,0.22521,0.1232,-0.05531,-0.36133,0.072198,0.55673,0.63323,0.60773,-0.28482,-0.31033,0.42922,-0.05531,0.30171,0.19971,0.072198,0.072198,0.22521,0.58223,0.58223,0.27621,-0.48884,-0.25932,-0.23382,-0.15732,0.35272,0.40372,0.25071,0.072198,0.65874,0.42922,0.30171,0.1487,0.1487,-0.05531,-1.1519,0.35272,0.65874,0.88825,0.30171,-0.05531,-0.36133,-0.25932,-0.23382,0.30171,0.30171,0.19971,-0.080812,0.22521,0.45472,0.32721,0.42922,0.1232,0.48022,-0.05531,0.1232,0.22521,-0.74385,-0.61635,-0.029808,0.88825,0.60773,0.40372,0.021195,-0.15732,-0.15732,0.0977,0.48022,-0.004307,0.1487,0.48022,0.53123,0.86275,0.63323,-0.15732,-0.23382,-0.38683,-0.46334,-0.18282,-0.51434,0.65874,0.27621,-0.080812,0.22521,0.27621,0.25071,0.81175,0.81175,0.60773,-0.15732,-0.13181,-0.080812,-0.25932,-0.10631,0.19971,-0.080812,-0.080812,0.19971,1.0413,0.55673,-0.43783,-0.28482,-0.05531,0.22521,-0.080812,0.53123,0.81175,0.37822,-0.10631,-0.18282,-0.10631,0.072198,0.37822,0.22521,0.1232,0.50573,0.35272,-0.28482,-0.20832,0.19971,0.27621,0.0977,0.42922,0.40372,0.19971,-0.28482,-0.46334,-0.51434,0.68424,0.50573,0.22521,-0.080812,-0.28482,0.50573,0.1487,0.0977,0.35272,0.40372,0.45472,0.27621,-0.64185,0.072198,0.072198,0.22521,0.78624,-0.05531,-0.31033,-0.10631,0.021195,-0.10631,0.1232,0.22521,0.53123,0.60773,0.1232,0.021195,-0.20832,-0.31033,0.021195,0.50573,1.0158,0.45472,-0.05531,-0.18282,-0.28482,-0.48884,-0.18282,0.42922,0.25071,0.53123,0.65874,0.1487,-0.05531,0.1232,0.37822,0.1232,0.27621,0.072198,-0.33583,-0.43783,-0.080812,0.27621,0.73524,0.37822,0.19971,-0.080812,-0.004307,0.19971,0.27621,0.76074,0.25071,-0.53984,-0.36133,-0.41233,0.0977,0.70974,0.88825,0.93925,0.30171,-0.56534,-0.36133,-0.71835,0.22521,0.58223,0.60773,-0.029808,-0.25932,0.27621,0.76074,0.50573,-0.10631,0.046696,0.072198,0.40372,0.1742,-0.10631,-0.38683,-0.20832,-0.029808,0.86275,0.35272,0.88825,0.0977,-0.080812,-0.15732,-0.31033,-0.36133,0.1487,-0.05531,0.072198,0.45472,0.83725,0.072198,0.021195,0.25071,0.60773,0.70974,-0.004307,-0.31033,-0.36133,-0.59084,0.27621,0.0977,-0.029808,0.1487,0.32721,0.046696,1.2708,1.0923,-0.029808,-0.61635,-0.74385,-0.25932,0.021195,0.40372,0.27621,0.48022,0.19971,0.58223,0.42922,0.1742,-0.080812,-0.18282,-0.18282,-0.080812,-0.56534,0.81175,0.42922,0.1742,0.22521,0.1232,0.53123,0.30171,-0.15732,-0.23382,-0.05531,0.25071,-0.080812,0.25071,0.55673,0.68424,0.1232,-0.28482,-0.79486,0.072198,0.83725,0.83725,0.50573,0.1232,-0.23382,-0.25932,-0.080812,-0.38683,0.25071,-0.029808,-0.080812,0.50573,0.83725,0.81175,0.42922,-0.029808,-0.20832,-0.28482,-0.004307,-0.004307,-0.56534,0.45472,0.40372,0.32721,0.25071,-0.080812,0.021195,-0.029808,0.25071,0.072198,0.25071,0.81175,1.2198,-0.15732,-0.59084,-0.48884,0.35272,0.046696,-0.13181,-0.25932,0.046696,0.50573,1.0413,0.55673,0.32721,0.30171,-0.51434,-0.66735,-0.56534,0.1487,0.19971,0.53123,0.91375,0.88825,-0.15732,-0.05531,-0.10631,0.1232,0.25071,0.30171,-0.10631,0.22521,0.32721,0.1232,-0.004307,0.45472,-0.61635,1.4493,0.48022,-0.36133,-0.25932,-0.13181,-0.13181,-0.18282,0.42922,0.22521,1.1433,0.1232,-0.46334,-0.33583,0.30171,0.27621,-0.004307,-0.15732,0.32721,0.48022,0.50573,0.53123,0.1487,0.0977,-0.28482,-0.029808,-0.10631,-0.25932,-0.13181,0.53123,0.50573,0.73524,0.19971,-0.23382,-0.28482,0.021195,0.1742,0.1742,0.19971,0.30171,0.42922,-0.029808,0.0977,-0.10631,-0.029808,0.27621,0.81175,0.35272,0.73524,-0.080812,-0.31033,-0.71835,-0.28482,-0.33583,-0.080812,0.60773,0.83725,0.99026,0.1742,-0.51434,0.48022,0.63323,0.45472,-0.31033,-0.48884,-0.33583,0.021195,0.22521,0.19971,0.53123,0.22521,0.30171,0.48022,0.45472,-0.18282,0.046696,0.021195,0.27621,0.25071,0.19971,0.22521,-0.13181,-0.28482,-0.46334,-0.080812,0.37822,0.93925,0.55673,0.37822,-0.004307,-0.080812,-0.13181,0.1487,0.1232,0.30171,0.27621,0.45472,-0.080812,0.072198,0.0977,-0.23382,-0.25932,0.1232,0.37822,0.1232,0.0977,0.32721,0.40372,0.1232,0.1232,0.046696,0.32721,0.25071,-0.20832,-0.43783,0.046696,0.1232,1.0413,0.25071,0.27621,0.37822,0.1487,-0.23382,0.046696,-0.080812,-0.029808,0.0977,0.1232,0.072198,-0.004307,0.1232,0.63323,0.25071,-0.029808,-0.23382,0.021195,0.19971,-0.10631,0.48022,0.30171,-0.23382,-0.13181,0.046696,-0.36133,0.42922,0.60773,0.1742,-0.13181,0.48022,0.60773,0.021195,-0.23382,-0.10631,-0.080812,0.046696,0.021195,0.42922,0.60773,0.40372,-0.080812,-0.13181,0.27621,0.50573,0.37822,0.48022,0.072198,-0.99887,0.45472,0.27621,0.32721,0.19971,-0.004307,-0.05531,-0.029808,0.046696,0.1232,0.42922,0.22521,0.1232,0.021195,0.046696,0.1487,0.072198,0.0977,0.32721,0.37822,0.35272,0.19971,0.0977,-0.004307,-0.029808,-0.15732,0.25071,-0.10631,-0.43783,-0.23382,0.35272,0.40372,0.65874,0.30171,0.1742,0.35272,0.072198,0.1487,0.32721,0.0977,0.046696,0.072198,0.37822,0.19971,-0.13181,-0.10631,-0.13181,-0.61635,0.37822,0.65874,0.32721,-0.23382,0.70974,-0.029808,0.48022,-0.10631,-0.51434,-0.20832,0.021195,0.1232,-0.51434,0.37822,0.50573,0.88825,0.96476,0.55673,-0.28482,-0.38683,-0.23382,0.0977,-0.004307,-0.10631,0.25071,0.35272,0.42922,0.021195,-0.31033,-0.38683,0.1742,0.73524,1.2198,0.0977,-0.15732,-0.28482,0.072198,0.35272,0.37822,-0.080812,-0.13181,-0.05531,0.35272,0.25071,0.53123,-0.05531,0.19971,0.37822,0.42922,-0.20832,-0.64185,-0.28482,0.27621,0.70974,0.42922,0.1487,0.19971,0.0977,0.19971,-0.20832,0.0977,0.48022,0.83725,-0.080812,-0.18282,-1.2284,0.58223,0.88825,0.19971,-0.15732,0.1487,0.53123,0.45472,0.19971,0.021195,-0.029808,0.1232,0.78624,0.0977,-0.25932,-0.10631,0.32721,0.046696,0.42922,0.32721,0.25071,0.27621,0.072198,0.22521,-0.28482,0.046696,-0.23382,0.021195,0.45472,0.91375,0.27621,-0.31033,-0.36133,-0.36133,-0.05531,0.27621,0.35272,0.19971,0.1742,0.32721,0.046696,-0.05531,-0.20832,0.40372,0.48022,0.70974,-0.15732,0.30171,-0.28482,-0.48884,-0.28482,-0.23382,0.32721,1.5513,0.78624,-0.004307,-0.36133,-0.23382,-0.080812,0.1487,0.53123,0.19971,0.1742,0.1232,-0.18282,0.37822,0.19971,0.0977,-0.10631,0.19971,0.53123,0.68424,0.53123,-0.46334,-0.31033,0.22521,0.70974,-0.004307,-0.31033,-0.18282,0.22521,0.55673,0.40372,0.22521,0.22521,0.30171,0.27621,0.96476,0.50573,0.1232,-0.15732,-0.76936,0.48022,0.1487,-0.25932,-0.69285,0.40372,0.046696,0.25071,0.0977,0.1232,0.1742,0.19971,0.27621,0.63323,0.1487,-0.080812,-0.20832,-0.10631,0.1742,0.40372,0.30171,0.73524,0.48022,0.1742,-0.71835,-0.10631,0.19971,-0.10631,-0.05531,0.50573,0.58223,0.30171,-0.15732,-0.59084,-0.15732,0.40372,0.37822,0.25071,0.50573,0.42922,0.046696,-0.080812,0.0977,0.32721,0.1487,-0.43783,0.96476,0.19971,-0.31033,-0.13181,-0.13181,-0.13181,0.27621,0.32721,0.86275,0.48022,0.072198,-0.23382,0.53123,-0.25932,0.63323,-0.15732,-0.33583,-0.20832,0.30171,0.53123,0.37822,0.35272,-0.43783,-0.18282,0.37822,0.53123,0.40372,0.22521,0.1742,0.0977,0.0977,-0.18282,-0.51434,-0.23382,-0.080812,0.42922,0.83725,0.86275,0.53123,0.32721,0.25071,0.021195,-0.23382,-0.080812,-0.080812,0.1232,0.1487,0.27621,0.072198,0.046696,0.35272,0.1742,0.25071,0.63323,0.96476,-0.029808,-0.74385,-0.71835,-0.94787,0.78624,0.81175,-0.10631,0.046696,0.58223,0.63323,0.1232,-0.28482,-0.28482,0.25071,0.40372,0.48022,-0.029808,-0.05531,0.1232,0.1232,0.42922,0.19971,-0.25932,0.1487,0.1487,0.53123,0.22521,0.25071,-0.029808,-0.004307,0.072198,-0.05531,-0.20832,0.22521,0.53123,0.45472,-0.38683,-0.05531,0.1487,0.046696,-0.31033,0.70974,0.27621,0.50573,0.50573,-0.25932,-0.05531,0.25071,0.45472,-0.25932,-0.31033,-0.28482,-0.28482,-0.18282,0.1742,0.76074,0.40372,0.35272,0.32721,0.021195,0.19971,0.19971,-0.46334,0.65874,0.1742,-0.46334,-0.004307,0.37822,0.19971,0.1487,0.0977,0.19971,0.53123,0.25071,-0.28482,-0.13181,-0.080812,0.021195,0.42922,0.1487,0.30171,0.1232,0.27621,0.37822,-0.05531,-0.15732,0.27621,0.45472,0.81175,0.072198,0.0977,-0.15732,-0.48884,-0.48884,-0.13181,0.1487,0.53123,0.60773,1.0923,0.55673,-0.28482,-0.18282,-0.28482,0.1487,0.0977,0.1487,0.1232,0.32721,0.48022,0.1232,-0.23382,0.58223,0.55673,0.65874,0.25071,0.30171,0.25071,-0.69285,-1.0754,0.78624,-0.13181,-0.23382,0.1232,0.50573,0.072198,0.021195,0.072198,0.55673,0.58223,0.27621,0.19971,0.50573,-0.25932,-0.41233,-0.10631,0.30171,0.60773,0.22521,0.046696,-0.13181,0.19971,0.072198,0.37822,-0.18282,0.27621,0.60773,0.81175,-0.33583,-0.23382,-0.05531,0.58223,0.32721,0.40372,-0.28482,-0.15732,0.021195,0.1232,0.0977,0.0977,0.37822,0.27621,0.30171,0.27621,0.0977,0.48022,0.0977,-0.20832,0.1742,-0.004307,-0.25932,-0.97337,1.0923,1.0158,0.35272,-0.41233,-0.080812,0.1742,0.40372,0.021195,-0.20832,-0.20832,-0.18282,0.021195,0.046696,0.42922,0.91375,0.76074,0.22521,0.22521,-0.080812,0.072198,-0.13181,-0.05531,0.072198,0.021195,0.32721,0.22521,-0.10631,0.021195,0.27621,0.30171,0.1742,-0.004307,-0.029808,0.1487,0.42922,0.1487,-0.05531,-0.080812,0.021195,0.1742,0.65874,0.63323,0.78624,0.0977,-0.36133,-0.66735,-1.1264,1.0923,0.99026,-0.23382,-0.20832,-0.029808,0.37822,0.30171,-0.080812,-0.05531,0.27621,0.45472,0.37822,-0.029808,-0.13181,-0.15732,-0.18282,0.1487,0.68424,0.32721,0.50573,0.42922,0.1742,-0.004307,-0.18282,-0.25932,-0.18282,0.40372,0.072198,-0.029808,0.1742,0.42922,0.37822,0.072198,0.1232,0.30171,0.48022,-0.080812,0.1232,-0.029808,0.19971,0.30171,0.27621,0.072198,-0.28482,-0.13181,0.40372,0.58223,0.22521,-0.080812,-0.10631,-0.05531,0.021195,-0.36133,0.91375,0.32721,0.53123,0.0977,-0.080812,-0.080812,0.072198,-0.33583,0.93925,0.81175,0.046696,-0.28482,-0.31033,-0.004307,0.32721,0.19971,0.42922,0.40372,0.1232,-0.10631,0.072198,0.021195,0.1487,0.25071,0.35272,0.58223,0.42922,0.1232,0.27621,0.32721,-0.31033,0.1487,0.021195,0.021195,0.35272,0.53123,-0.004307,-0.25932,-0.080812,-0.20832,-0.029808,0.1487,0.37822,0.70974,0.45472,0.37822,0.072198,0.0977,0.25071,0.22521,0.1232,-0.36133,-0.51434,-0.10631,0.42922,0.81175,0.37822,-0.029808,0.99026,1.1433,-0.38683,-0.82036,-0.69285,-0.23382,0.0977,0.63323,0.42922,0.48022,0.1742,0.0977,-0.029808,-0.05531,0.30171,0.37822,0.072198,0.48022,0.1742,0.70974,0.19971,-0.53984,-0.18282,-0.080812,-0.28482,0.021195,0.53123,1.5258,0.42922,-0.25932,-0.31033,-0.28482,-0.10631,-0.15732,0.60773,0.60773,0.63323,0.021195,-0.18282,-0.20832,0.072198,0.30171,0.32721,0.27621,0.0977,0.046696,0.021195,0.50573,0.35272,0.58223,-0.004307,-0.15732,0.021195,0.072198,-0.10631,0.22521,0.27621,0.1232,0.021195,-0.25932,0.19971,0.32721,1.0158,-0.080812,-0.080812,-0.38683,0.046696,0.50573,0.19971,0.40372,0.1742,0.50573,-0.18282,0.1232,0.1232,0.42922,-0.080812,0.0977,0.27621,0.021195,-0.029808,0.1487,0.25071,0.19971,0.046696,-0.25932,0.19971,0.30171,0.53123,0.65874,0.32721,0.021195,0.046696,0.32721,0.0977,-0.59084,-0.48884,-0.004307,0.68424,0.78624,0.021195,-0.20832,-0.004307,0.50573,0.63323,-0.029808,-0.029808,0.22521,0.53123,-0.15732,0.1742,0.021195,-0.23382,-0.59084,0.35272,0.73524,0.55673,0.48022,-0.13181,0.1232,0.25071,0.1232,-0.13181,-0.23382,0.1742,0.021195,0.45472,0.30171,0.22521,0.072198,0.021195,-0.33583,0.37822,0.32721,0.0977,0.40372,0.42922,0.25071,0.27621,-0.080812,-0.38683,-0.25932,-0.23382,0.19971,0.48022,0.63323,0.32721,-0.10631,-0.13181,-0.10631,0.1742,0.99026,0.58223,0.021195,-0.15732,-0.004307,-0.23382,-0.004307,0.53123,0.50573,0.1487,-0.51434,-0.28482,0.0977,0.81175,0.22521,-0.05531,-0.38683,0.27621,0.78624,0.99026,-0.36133,-0.41233,0.021195,0.76074,0.32721,-0.080812,-0.15732,0.1232,0.35272,-0.004307,-0.46334,0.22521,0.37822,0.53123,0.22521,0.1232,-0.029808,0.25071,0.86275,0.021195,-0.48884,-0.31033,0.021195,0.1487,-0.05531,0.37822,-0.029808,0.99026,0.58223,0.072198,-0.13181,-0.13181,-0.41233,-0.15732,0.27621,0.32721,-0.004307,0.1742,0.35272,0.55673,0.78624,0.53123,0.25071,-0.59084,-1.1774,0.1487,0.45472,-0.31033,0.60773,0.68424,0.86275,0.70974,-0.23382,-0.92237,-0.28482,0.021195,0.19971,0.37822,-0.004307,0.53123,0.50573,0.021195,-0.13181,-0.13181,0.1742,0.40372,0.78624,0.53123,0.0977,-0.080812,-0.56534,-0.53984,-0.48884,-0.10631,0.60773,1.3218,1.2198,0.55673,-0.46334,-0.79486,-0.84586,-0.33583,0.0977,0.88825,0.96476,0.70974,-0.23382,-0.48884,-0.13181,0.072198,0.30171,0.1742,-0.41233,0.68424,1.1433,-0.31033,-0.13181,0.1232,0.63323,-0.004307,-0.05531,-0.38683,-0.59084,0.046696,1.0158,1.0923,0.0977,-0.41233,-0.31033,-0.23382,-0.38683,0.22521,0.60773,1.6023,1.4493,-0.31033,-0.64185,-0.61635,-0.59084,-0.18282,0.27621,0.58223,0.32721,0.35272,-0.20832,-0.33583,0.1742,0.60773,1.2198,0.32721,-0.23382,-0.46334,-0.25932,0.25071,0.021195,-0.080812,-0.41233,0.65874,0.32721,0.32721,0.68424,0.27621,-0.20832,-0.28482,0.072198,0.70974,-0.004307,-0.25932,0.0977,0.42922,-0.029808,0.25071,0.60773,0.046696,-0.28482,-0.25932,-0.13181,0.0977,0.50573,0.83725,0.55673,0.046696,0.78624,0.072198,-0.28482,-0.23382,-0.15732,0.021195,0.32721,0.1742,0.0977,-0.10631,0.072198,0.27621,0.68424,0.021195,0.19971,0.53123,0.1742,-0.20832,-0.48884,-0.23382,0.22521,0.91375,1.0413,-0.05531,-0.080812,-0.10631,-0.18282,-0.51434,-0.33583,0.046696,0.1487,0.99026,1.4238,1.0923,-0.18282,-0.53984,-0.61635,-0.76936,0.046696,0.53123,1.3218,0.42922,-0.89686,0.0977,0.1487,-0.33583,0.78624,0.42922,0.1742,-0.10631,-0.13181,0.021195,0.25071,-0.18282,-0.20832,0.1232,0.78624,0.81175,0.63323,-0.41233,-0.41233,-0.20832,-0.15732,0.0977,-0.080812,0.1742,0.45472,0.30171,-0.05531,0.35272,1.2453,0.27621,-0.41233,-0.31033,-0.20832,-0.13181,-0.20832,0.55673,-0.029808,-0.13181,-0.029808,0.40372,0.53123,0.32721,0.1232,0.35272,0.58223,-0.38683,-0.46334,-0.10631,-0.029808,0.40372,0.30171,0.42922,-0.18282,0.40372,0.0977,-0.004307,0.32721,0.35272,-0.15732,0.25071,0.22521,0.68424,0.63323,-0.28482,0.1487,-0.28482,-0.23382,-0.46334,1.0923,0.63323,-0.31033,-0.28482,-0.20832,-0.28482,0.1742,0.86275,1.0668,0.45472,-0.46334,-0.43783,-0.25932,-0.004307,0.1487,0.58223,0.70974,0.48022,-0.20832,-0.029808,0.021195,-0.029808,0.1232,0.32721,0.1487,0.40372,-0.05531,0.1232,0.0977,0.83725,-0.20832,-0.28482,-0.33583,0.021195,0.60773,0.68424,0.0977,-0.28482,-0.51434,0.1232,0.37822,0.1742,0.78624,0.072198,-0.20832,0.35272,0.42922,0.42922,-0.23382,-0.43783,-0.56534,-0.31033,0.27621,0.37822,0.19971,0.27621,0.58223,0.81175,0.35272,-0.13181,-0.20832,-0.61635,0.1232,0.76074,0.19971,0.40372,0.42922,0.1232,0.046696,0.046696,-0.36133,-0.71835,-0.69285,-0.74385,2.0103,2.2398,0.96476,-0.18282,-0.36133,-0.76936,-1.2284,-0.82036,0.1232,0.83725,0.40372,0.45472,0.78624,0.55673,0.19971,-0.28482,-0.18282,-0.15732,0.072198,0.35272,0.96476,0.48022,-0.23382,-0.13181,-0.18282,0.48022,0.37822,0.19971,-0.05531,-0.41233,0.046696,0.27621,-0.029808,-0.05531,0.32721,0.73524,0.63323,-0.080812,-0.53984,-0.36133,-0.41233,0.1487,0.91375,1.1688,0.88825,0.021195,-0.64185,-0.41233,0.021195,0.48022,0.37822,0.32721,-0.28482,-1.1009,0.53123,0.27621,0.45472,0.70974,0.27621,0.32721,-0.28482,-0.46334,-0.080812,0.60773,0.30171,0.40372,0.48022,0.50573,0.072198,-0.004307,0.42922,0.046696,-0.18282,-0.28482,-0.20832,0.35272,0.1232,0.25071,0.1487,0.53123,0.53123,0.0977,-0.05531,0.19971,0.48022,0.1742,0.021195,-0.15732,-0.41233,0.021195,0.1742,0.1742,0.22521,0.19971,0.40372,0.35272,0.27621,-0.080812,-0.080812,0.25071,0.55673,0.42922,0.42922,-0.004307,-0.13181,-0.79486,-0.23382,0.30171,0.63323,-0.18282,0.78624,0.50573,0.70974,-0.48884,0.30171,0.50573,0.45472,-0.38683,-0.48884,0.53123,-0.23382,-0.53984,-0.31033,-0.13181,0.072198,0.046696,0.1232,0.78624,1.1178,1.0158,0.1232,0.1232,-0.10631,-0.38683,-0.33583,-0.20832,-0.33583,-0.13181,0.046696,0.25071,0.78624,0.93925,0.91375,0.1232,0.021195,-0.41233,-0.69285,-0.31033,0.76074,0.65874,-0.080812,-0.10631,-0.004307,-0.69285,0.35272,0.37822,0.42922,0.78624,0.81175,-0.28482,-0.56534,-0.46334,0.78624,0.70974,-0.33583,-0.41233,-0.004307,0.1232,0.1742,0.19971,0.32721,0.68424,0.88825,0.22521,-0.13181,-0.18282,-0.20832,-0.18282,-0.05531,0.021195,0.22521,0.19971,0.30171,0.35272,0.27621,0.0977,0.27621,0.55673,-0.004307,-0.13181,-0.36133,-0.20832,-0.15732,0.25071,0.58223,0.70974,0.1742,-0.029808,-0.38683,0.1742,0.1742,0.91375,0.25071,-0.31033,-0.84586,0.45472,0.53123,0.22521,0.73524,0.046696,0.30171,0.63323,-0.004307,-0.59084,-0.28482,-0.05531,0.27621,-0.66735,0.1487,0.32721,0.42922,0.81175,0.42922,-0.36133,-0.004307,0.37822,0.35272,-0.38683,-0.41233,0.45472,0.40372,-0.38683,-0.41233,-0.41233,0.046696,0.35272,1.0413,0.1232,0.96476,0.42922,-0.13181,-0.18282,0.046696,0.22521,0.27621,0.30171,-0.23382,-0.28482,-0.18282,-0.38683,-0.05531,1.1943,0.1487,0.072198,0.021195,0.48022,0.81175,0.30171,-0.87136,-0.53984,-0.43783,0.22521,0.48022,1.4238,0.19971,-0.99887,0.42922,0.58223,0.63323,-0.05531,-0.080812,0.27621,0.1232,0.42922,-0.25932,-0.15732,-0.004307,0.32721,0.27621,0.19971,0.35272,0.78624,0.27621,-0.13181,-0.28482,-0.43783,-0.38683,-0.080812,0.58223,0.73524,-0.13181,-0.36133,0.1232,0.1742,0.1742
0.1742,0.0977,0.021195,0.072198,0.1742,0.1742,0.1742,0.1232,0.1742,0.19971,0.1232,0.021195,0.072198,0.1232,0.1232,0.1487,0.19971,0.27621,0.27621,0.1232,0.021195,0.021195,0.021195,0.021195,0.19971,0.22521,0.22521,0.1742,0.1742,0.1487,0.1487,0.1487,0.1232,0.046696,0.1232,0.1232,0.27621,0.27621,0.22521,0.0977,0.046696,0.072198,0.1232,0.1232,0.1487,0.1742,0.1232,0.1742,0.32721,0.1232,0.1232,0.0977,-0.004307,0.021195,0.22521,0.1742,0.1232,0.1232,0.1742,0.22521,0.1487,0.0977,0.0977,0.072198,0.22521,0.27621,0.22521,0.1742,0.0977,0.072198,0.0977,0.1487,0.1487,0.0977,0.072198,0.1742,0.1487,0.22521,0.22521,0.22521,0.1487,0.0977,0.021195,-0.029808,0.046696,0.1742,0.1742,0.25071,0.27621,0.22521,0.1742,0.0977,-0.004307,-0.004307,0.046696,0.1487,0.22521,0.27621,0.27621,0.1742,0.1232,0.021195,-0.029808,0.046696,0.072198,0.25071,0.22521,0.22521,0.22521,0.1232,0.072198,0.072198,0.0977,0.1232,0.072198,0.1487,0.1232,0.22521,0.19971,0.19971,0.1232,0.0977,0.021195,0.072198,0.19971,0.19971,0.19971,0.1487,0.1232,0.1487,0.1487,0.1487,0.1487,0.021195,0.1487,0.0977,0.19971,0.1742,0.22521,0.1232,0.19971,0.1232,0.0977,-0.004307,0.021195,0.1742,0.1742,0.27621,0.1232,0.1487,0.072198,0.1742,0.1232,0.072198,0.046696,0.19971,0.25071,0.1742,0.1487,0.1487,0.1487,0.1232,-0.029808,0.046696,0.072198,0.27621,0.25071,0.1742,0.19971,0.1742,0.1487,0.072198,0.046696,0.072198,0.1232,0.021195,0.35272,0.35272,0.021195,-0.004307,-0.004307,0.1232,0.58223,0.37822,-0.080812,-0.20832,-0.004307,0.0977,0.48022,0.19971,-0.05531,-0.20832,0.046696,0.45472,0.27621,-0.48884,-0.05531,0.60773,0.63323,0.58223,0.35272,0.30171,-0.28482,-0.66735,-0.18282,-0.029808,0.1487,0.73524,-0.18282,-0.33583,0.1742,0.60773,0.81175,0.0977,-0.029808,-0.31033,-0.080812,0.48022,0.1232,0.76074,0.96476,0.91375,-0.33583,-0.56534,-2.886,1.3218,1.2453,0.99026,0.76074,-1.8659,-0.25932,0.22521,-0.31033,-3.141,2.3673,7.0341,0.1232,-6.2012,-2.1974,5.0705,-0.28482,-1.9424,1.1433,2.3163,-1.2794,-1.8404,-4.6201,-6.2522,3.9994,10.12,-5.6402,6.3456,3.7444,-0.25932,-1.6619,-3.039,-3.8806,-2.325,-4.1101,4.28,3.5149,-0.69285,0.83725,-0.23382,-12.424,5.8356,9.0743,1.0413,-4.3141,3.6679,-0.004307,3.4384,4.331,-4.0846,-6.7367,-5.3341,-1.0244,7.3147,0.021195,-1.9169,4.688,1.3983,-2.631,-3.141,-0.43783,1.0413,-0.43783,3.2344,-1.6109,-1.5854,0.93925,0.76074,0.42922,3.1834,-4.2886,7.5442,4.4075,-3.0645,0.48022,-3.0645,-5.6912,-0.79486,0.1232,1.4493,3.6679,-2.733,-1.2539,0.25071,-1.2284,2.9794,1.8573,0.68424,-0.25932,1.5513,-0.48884,2.0613,0.86275,0.25071,-1.1009,-0.76936,-0.53984,-0.69285,-0.89686,-1.1519,-0.69285,0.1232,0.48022,0.68424,0.046696,1.9848,2.0613,0.58223,-0.25932,-0.33583,-0.38683,-0.15732,-0.080812,0.021195,0.50573,0.27621,-0.05531,-0.10631,-0.36133,-0.080812,0.63323,1.0413,-0.79486,-0.18282,0.42922,-0.080812,-0.05531,0.42922,0.19971,-0.28482,-0.080812,0.072198,0.42922,0.83725,0.88825,0.1487,-0.13181,0.60773,0.73524,-0.61635,-0.89686,-0.25932,-0.23382,0.60773,0.0977,0.1742,0.60773,-0.18282,0.30171,0.27621,0.42922,0.73524,-0.28482,-0.53984,-0.10631,0.60773,1.5003,0.22521,-1.0244,-0.97337,0.68424,0.45472,0.86275,-0.94787,2.2908,-0.28482,-0.74385,-0.66735,-0.41233,0.19971,-0.029808,0.1487,0.60773,0.22521,-0.080812,0.35272,0.76074,0.68424,0.83725,0.78624,-0.38683,0.1232,-0.46334,0.1232,-0.61635,-0.13181,-0.13181,-0.080812,0.25071,-0.38683,0.021195,0.86275,-0.53984,1.0158,2.2653,0.0977,-0.61635,-0.82036,-0.10631,0.32721,1.0413,-0.79486,-0.004307,0.046696,-0.23382,0.046696,0.27621,0.63323,0.53123,0.42922,-0.69285,-1.5089,3.0304,-0.18282,0.0977,0.42922,-0.38683,0.1742,-0.79486,-1.1264,-0.10631,1.1433,0.55673,0.19971,-0.05531,-0.31033,0.1487,1.3473,0.86275,0.046696,-0.13181,-0.15732,-0.46334,-0.05531,0.0977,0.53123,-0.05531,-0.38683,1.9083,-0.59084,-0.25932,0.021195,0.1232,0.68424,-0.004307,0.22521,-0.18282,-0.029808,-2.4015,1.3218,0.70974,0.93925,0.88825,0.70974,-0.41233,-1.1264,-1.0499,-0.28482,0.99026,0.86275,0.53123,-0.080812,-0.23382,0.021195,2.3163,2.2653,-0.56534,-0.94787,-0.69285,-0.92237,-0.15732,-0.48884,0.072198,-0.18282,0.53123,0.072198,0.32721,0.70974,-0.05531,-0.48884,1.1433,0.93925,1.2963,-0.25932,0.072198,-0.38683,0.1742,-0.23382,0.32721,-0.48884,-3.039,2.4183,0.55673,0.1487,-0.66735,-0.004307,0.91375,1.9338,0.88825,-0.61635,-0.61635,0.25071,-0.15732,-3.0135,2.4438,0.78624,-0.10631,-0.46334,0.1487,0.30171,-0.05531,-0.71835,0.58223,0.83725,-0.31033,1.6533,1.0668,1.3473,-0.080812,-1.4579,-1.6364,-1.0754,-0.48884,0.021195,0.1487,0.99026,1.5513,1.5513,0.60773,0.072198,-0.28482,-0.18282,-0.10631,-0.28482,0.32721,0.22521,0.76074,0.78624,-0.82036,0.1487,-0.029808,-0.10631,-0.004307,-0.89686,0.25071,0.83725,0.32721,-0.23382,-0.20832,0.63323,0.88825,0.55673,0.1232,0.072198,0.021195,-0.43783,0.27621,0.1742,-0.23382,-0.080812,0.58223,0.65874,0.45472,0.0977,0.32721,0.83725,-0.029808,-0.56534,-0.080812,0.35272,-0.20832,-0.61635,-0.61635,-1.5854,2.2398,1.7553,-0.080812,-0.51434,0.1487,0.22521,0.53123,-0.41233,-0.31033,0.58223,0.25071,0.021195,0.072198,-0.46334,-0.38683,1.0158,2.5714,0.58223,-1.2029,0.0977,-0.004307,-0.48884,-0.38683,-0.53984,0.0977,-0.080812,1.0413,0.70974,0.19971,0.1232,0.63323,-0.43783,-1.4579,1.0158,0.73524,0.35272,-0.15732,-0.28482,0.1742,0.45472,-0.15732,-0.66735,-0.36133,0.22521,1.2963,0.78624,0.73524,-0.23382,0.40372,0.58223,0.32721,-0.38683,-0.82036,-0.59084,0.73524,-0.20832,-0.87136,0.1232,0.86275,0.73524,0.91375,0.1232,-0.20832,0.021195,0.73524,0.78624,-0.74385,-0.029808,0.83725,0.83725,-0.79486,-0.61635,-0.53984,0.021195,0.86275,1.1433,0.072198,-0.31033,-0.33583,0.25071,0.40372,0.35272,0.81175,0.53123,-0.36133,-0.84586,0.072198,0.53123,0.60773,0.53123,-0.080812,-0.33583,-0.36133,-0.080812,0.42922,0.60773,0.93925,0.45472,0.42922,-0.66735,-0.89686,0.27621,0.63323,-0.05531,0.37822,0.96476,0.1487,-0.18282,-0.48884,0.93925,0.93925,-0.15732,-0.61635,-0.31033,0.27621,0.046696,-0.71835,-0.28482,0.93925,0.19971,0.81175,0.73524,0.96476,-0.20832,0.1232,0.021195,0.19971,0.19971,-0.080812,-0.13181,-0.20832,0.53123,0.65874,-0.20832,-0.41233,-0.41233,0.53123,0.0977,-0.31033,0.53123,1.3728,0.83725,-0.13181,-0.28482,-0.53984,-0.25932,-0.15732,0.1487,0.65874,0.63323,-1.0244,1.3728,1.2453,0.32721,-0.25932,-0.080812,-0.080812,-0.05531,-0.31033,-0.61635,-0.99887,0.60773,-0.31033,0.86275,1.2198,0.78624,-0.20832,-0.20832,0.60773,0.021195,-0.64185,-0.43783,-0.43783,0.046696,1.0158,0.37822,-0.53984,1.2198,1.0158,0.30171,-0.080812,-0.33583,-0.05531,0.81175,0.1232,-1.2029,-0.31033,0.25071,0.96476,0.32721,0.19971,0.072198,0.046696,0.70974,0.91375,1.2453,-1.8149,0.93925,1.7298,-1.6364,-2.0954,0.046696,0.63323,1.0158,0.88825,0.78624,-0.28482,-1.1009,-0.59084,1.3473,1.1943,0.96476,0.19971,-0.53984,-0.080812,-0.61635,-0.004307,-0.18282,0.63323,1.1943,-0.15732,0.35272,0.35272,-0.53984,0.53123,-0.46334,-0.28482,-0.05531,0.1742,0.76074,0.58223,-0.05531,-0.41233,1.2453,1.8063,-0.029808,-0.74385,-0.38683,-0.23382,0.1487,0.32721,0.046696,-0.13181,-0.15732,2.2143,-1.1519,-1.5599,1.1688,1.7298,1.0923,0.27621,-0.33583,-0.13181,-0.79486,-0.48884,0.1742,-0.18282,1.0413,0.19971,0.19971,0.70974,1.0413,-1.0754,-0.79486,0.1232,0.1232,0.91375,1.0158,0.86275,0.046696,-0.41233,-1.1774,0.32721,-0.080812,0.1232,-0.43783,1.0413,-0.46334,-0.38683,0.58223,0.93925,1.0158,-0.080812,-0.53984,-0.61635,-0.51434,0.19971,0.37822,0.50573,1.0158,1.4748,0.19971,-1.3559,-0.10631,-0.10631,-0.20832,-0.080812,0.1487,0.88825,-0.20832,2.2653,-1.1009,-0.25932,-1.1774,-1.2284,1.0158,1.1433,-0.20832,0.37822,0.63323,0.81175,-0.18282,-0.18282,-0.15732,-0.004307,0.1742,0.40372,0.072198,0.27621,1.2453,0.65874,-0.080812,-1.9169,-0.71835,-0.029808,0.65874,0.25071,-0.48884,1.1688,1.2708,0.88825,-0.15732,-0.59084,-0.59084,0.55673,0.53123,-0.38683,-0.080812,0.37822,0.19971,-0.38683,-0.080812,0.63323,0.35272,-0.080812,0.32721,-0.05531,-0.28482,-0.74385,0.30171,0.32721,1.1433,0.1232,-0.029808,-0.080812,-0.05531,-0.080812,0.25071,0.60773,0.53123,-0.38683,0.37822,0.68424,0.60773,-1.2029,-0.64185,0.42922,0.53123,1.0923,0.55673,0.1232,-0.38683,-0.76936,-0.004307,0.68424,-0.004307,-0.69285,0.45472,0.42922,0.48022,0.30171,-0.004307,0.25071,0.55673,0.78624,-0.004307,0.1232,-0.71835,-0.79486,0.32721,0.48022,1.2198,0.60773,-0.36133,-0.33583,-0.080812,0.53123,0.0977,0.35272,-0.69285,-0.20832,0.1232,0.81175,1.0923,1.2198,-0.25932,-0.43783,0.021195,0.50573,0.32721,-0.38683,-0.31033,-0.10631,-0.69285,0.78624,0.45472,1.0923,-0.25932,-0.69285,0.1742,0.50573,-0.20832,0.96476,0.68424,0.37822,-0.74385,-0.53984,0.072198,0.93925,0.45472,0.27621,0.50573,-0.69285,-0.46334,-0.10631,0.53123,-0.029808,-0.080812,0.88825,-0.029808,-0.53984,0.37822,0.73524,0.37822,0.22521,0.53123,0.27621,0.19971,-0.51434,-0.20832,-0.31033,-0.36133,0.50573,0.73524,0.50573,0.35272,-0.89686,0.88825,-0.10631,-0.41233,-0.10631,0.45472,0.91375,-0.33583,-0.71835,0.25071,0.86275,1.0158,0.91375,1.0413,-0.13181,-0.74385,-1.1264,-1.0754,-0.41233,0.1742,0.93925,1.1433,0.42922,0.70974,0.35272,-0.48884,-0.71835,0.22521,0.25071,0.021195,0.19971,0.1742,-0.15732,1.0668,0.83725,-0.28482,-0.13181,0.19971,-0.48884,-0.18282,0.37822,0.37822,0.1742,0.22521,-0.004307,0.63323,-0.25932,-0.23382,0.1232,0.86275,0.19971,-0.25932,-0.15732,0.63323,0.88825,0.27621,0.0977,-0.10631,-0.94787,-0.23382,0.0977,0.1487,0.63323,0.93925,-0.46334,0.76074,0.42922,-0.38683,-0.18282,0.22521,0.81175,0.42922,0.021195,0.046696,-0.56534,-0.18282,-0.36133,0.25071,0.68424,0.60773,0.30171,-0.25932,-0.15732,-0.36133,0.32721,0.78624,0.40372,0.046696,-1.0754,-0.74385,0.76074,1.6788,1.1688,-0.53984,-0.51434,-0.13181,0.1232,0.48022,-0.31033,0.60773,0.58223,-0.05531,-0.15732,-0.61635,0.1487,0.53123,-0.029808,-0.56534,0.76074,0.30171,0.19971,-0.36133,0.70974,1.0158,0.19971,-0.28482,0.0977,0.45472,-0.13181,-0.18282,-0.61635,-0.64185,-0.53984,1.2198,1.1433,1.2963,0.65874,-0.13181,-0.43783,-0.46334,-0.28482,0.1232,0.65874,-0.029808,-0.080812,0.53123,0.60773,-0.13181,-0.33583,-0.18282,-0.20832,0.22521,0.40372,0.76074,0.91375,0.86275,-0.28482,-0.15732,-0.15732,-0.48884,-1.0244,-0.36133,0.65874,0.1742,1.3728,1.3983,0.27621,0.021195,-0.25932,-0.004307,-0.48884,0.19971,-0.43783,0.0977,0.22521,0.53123,0.53123,-0.004307,-0.23382,-0.38683,-0.13181,1.2453,1.0923,0.40372,-0.36133,-0.36133,-0.56534,-0.20832,0.072198,0.73524,0.45472,-0.05531,0.42922,0.072198,-0.41233,0.021195,0.30171,0.35272,0.45472,-0.25932,0.22521,0.30171,0.072198,-0.05531,-0.080812,0.30171,0.45472,-0.13181,-0.20832,-0.029808,-0.05531,0.40372,0.35272,-0.05531,0.32721,0.48022,0.63323,0.83725,-0.004307,-0.51434,-0.51434,-0.41233,0.046696,-0.004307,0.55673,0.60773,0.40372,0.19971,0.1487,0.48022,-0.13181,-0.25932,0.58223,-0.28482,-0.84586,-0.28482,1.1178,0.70974,0.072198,-0.23382,-0.53984,-0.61635,1.1688,0.78624,0.046696,-0.61635,0.1487,0.55673,0.93925,0.37822,-0.43783,-0.36133,-0.41233,-0.05531,0.93925,0.072198,-0.36133,0.27621,0.25071,0.072198,0.30171,0.25071,0.81175,-0.05531,-0.28482,-0.10631,-0.029808,0.046696,-0.28482,-0.53984,0.78624,1.3473,0.58223,-0.76936,1.3983,-0.080812,-0.92237,-1.0244,-0.74385,0.58223,0.76074,0.25071,0.046696,0.60773,0.86275,0.32721,-0.28482,-0.18282,0.27621,0.0977,-0.10631,-0.05531,-0.38683,0.40372,0.60773,0.40372,-0.05531,0.072198,0.25071,0.1742,0.072198,0.40372,-0.23382,0.35272,-0.99887,-0.20832,0.60773,1.4238,0.93925,1.0668,-0.53984,-0.99887,-0.79486,-0.53984,-0.74385,0.25071,1.0668,0.32721,0.072198,0.40372,0.32721,0.99026,1.6023,0.32721,-0.69285,-0.64185,0.046696,-0.36133,-0.004307,0.1742,-0.33583,0.32721,0.63323,1.1433,0.046696,-0.25932,-0.10631,0.021195,-0.004307,-0.080812,0.32721,-0.029808,-0.10631,-0.15732,0.1487,0.32721,0.93925,1.1943,0.1742,-0.46334,-0.61635,0.1487,0.25071,0.96476,0.65874,-0.20832,-0.23382,-0.43783,-0.76936,-0.31033,0.021195,0.78624,1.3218,0.53123,0.19971,-0.05531,-0.23382,-0.41233,-0.48884,0.30171,0.50573,0.27621,-0.13181,0.30171,0.25071,0.30171,0.0977,0.55673,0.83725,-0.10631,-0.20832,-0.25932,-0.25932,0.072198,0.021195,0.021195,0.63323,0.68424,-0.13181,0.35272,-0.53984,0.19971,0.046696,-0.004307,0.42922,0.53123,0.48022,-0.15732,0.32721,0.021195,-0.48884,-0.38683,0.93925,0.60773,0.1487,-0.13181,-0.18282,-0.33583,0.19971,0.19971,0.1742,0.63323,-0.20832,-0.10631,0.70974,0.63323,0.65874,0.19971,0.50573,-0.41233,-0.84586,-0.43783,-0.28482,0.50573,0.22521,0.27621,-0.13181,0.60773,0.30171,0.48022,0.1487,0.32721,0.072198,-0.080812,-0.59084,-0.029808,0.35272,0.072198,0.32721,0.19971,1.3218,0.021195,0.0977,-0.18282,-0.38683,-0.36133,-0.029808,0.37822,0.70974,0.55673,0.48022,0.22521,-0.94787,0.1742,-0.46334,0.55673,0.32721,-0.15732,0.78624,0.35272,-0.13181,-0.10631,0.046696,-0.94787,0.021195,0.27621,0.45472,0.37822,0.55673,0.55673,0.0977,-0.080812,-0.080812,0.32721,-0.13181,0.0977,0.25071,0.27621,0.19971,0.1232,-0.41233,-0.69285,-0.20832,1.7808,0.76074,0.046696,-0.004307,-0.10631,-0.080812,-0.004307,0.046696,0.50573,0.22521,0.55673,0.1487,-0.25932,-0.59084,0.37822,0.0977,0.021195,0.25071,0.19971,0.48022,0.32721,-0.004307,0.70974,0.65874,0.19971,-0.53984,-0.84586,-0.97337,0.70974,0.42922,0.58223,0.73524,0.76074,0.1742,-0.18282,-0.10631,-0.05531,0.1487,0.50573,-0.31033,-0.51434,-0.31033,0.50573,0.63323,0.0977,0.27621,0.37822,0.68424,0.32721,-0.61635,0.42922,0.45472,0.30171,0.22521,-0.33583,-0.41233,0.30171,0.70974,0.1232,-0.23382,-0.20832,-0.25932,0.021195,0.40372,0.65874,0.73524,-0.10631,-0.05531,0.42922,-0.23382,0.55673,0.1487,0.1487,-0.05531,-0.20832,-0.05531,-0.41233,-0.48884,-0.18282,0.40372,0.78624,0.68424,0.58223,0.27621,-0.029808,0.22521,0.53123,-0.080812,-0.48884,0.30171,0.0977,0.25071,-0.28482,0.35272,0.91375,0.55673,0.021195,-0.51434,-0.38683,-0.28482,0.32721,0.32721,0.50573,0.30171,0.68424,0.73524,0.1487,-0.64185,-0.15732,0.40372,-0.080812,-0.05531,0.37822,0.55673,0.58223,-0.38683,-0.79486,0.50573,0.42922,0.27621,-0.080812,-0.05531,0.27621,0.046696,0.53123,0.48022,-0.15732,-0.23382,-0.004307,0.1487,0.22521,0.25071,0.37822,0.50573,0.1232,0.021195,0.27621,0.021195,0.19971,-0.15732,-0.38683,0.86275,0.1742,-0.31033,0.1742,0.19971,0.63323,0.50573,-0.48884,-0.23382,0.1487,0.0977,0.27621,0.19971,0.32721,0.1487,0.30171,0.072198,0.83725,-0.48884,-0.25932,-0.05531,0.32721,-0.004307,0.78624,0.32721,-0.15732,-0.05531,-0.36133,-0.18282,0.37822,0.40372,0.35272,-0.004307,-0.10631,0.19971,0.046696,0.25071,0.1232,-0.20832,0.046696,0.30171,0.32721,0.19971,1.0158,0.32721,-0.46334,0.22521,-0.38683,-0.20832,0.22521,0.68424,0.27621,0.1232,0.37822,-0.53984,0.19971,-0.43783,-0.080812,0.48022,0.65874,0.27621,0.021195,0.35272,0.0977,0.55673,0.37822,0.22521,0.22521,-0.080812,-0.004307,-0.10631,-0.05531,-0.13181,-0.15732,0.021195,0.37822,0.86275,0.70974,0.27621,-0.59084,-0.69285,0.021195,0.96476,1.0923,0.81175,0.1742,-0.13181,-0.33583,-0.82036,-0.38683,0.021195,0.021195,0.58223,0.78624,0.40372,-0.23382,-0.080812,0.1742,0.63323,-0.004307,-0.080812,0.046696,0.42922,-0.029808,0.48022,0.88825,-0.31033,-0.76936,-0.31033,0.1487,0.86275,0.1487,0.1487,0.35272,0.48022,-0.18282,-0.59084,-0.66735,-0.59084,1.2963,1.1943,0.63323,-0.25932,-0.33583,0.072198,0.40372,0.1487,-0.23382,0.1232,0.27621,0.91375,-0.36133,0.021195,0.27621,0.83725,0.021195,0.046696,-0.31033,-0.10631,0.42922,0.68424,-0.13181,-0.51434,-0.004307,0.0977,0.32721,0.1742,0.32721,0.22521,0.1232,0.072198,0.30171,0.30171,0.30171,0.93925,0.021195,-0.28482,0.22521,0.021195,-0.48884,-0.51434,-0.15732,0.60773,0.072198,0.072198,0.37822,0.37822,0.072198,0.19971,0.32721,1.1688,0.1487,-0.61635,0.072198,0.30171,0.1487,-0.20832,-0.28482,-0.23382,0.046696,0.1232,0.58223,0.48022,-0.20832,0.42922,0.63323,1.6788,-0.23382,-0.51434,-0.10631,-0.36133,0.0977,-0.15732,-0.13181,0.37822,0.1487,0.1232,0.40372,1.4748,0.27621,-0.36133,-0.38683,0.021195,0.42922,-0.13181,0.1232,-0.20832,-0.28482,-0.13181,0.68424,0.53123,0.22521,0.37822,0.63323,0.48022,0.22521,-0.36133,-0.79486,-0.36133,0.22521,0.27621,0.0977,0.19971,0.30171,-0.15732,0.83725,0.78624,0.81175,-0.080812,-0.53984,-0.10631,-0.080812,0.96476,0.32721,-0.18282,-0.25932,-0.41233,-0.69285,0.53123,0.32721,0.25071,0.35272,0.45472,0.1742,-0.029808,-0.13181,0.60773,0.58223,0.73524,0.60773,-0.28482,-0.56534,-0.87136,0.1487,-0.20832,0.48022,0.30171,0.0977,0.63323,1.0668,0.35272,-0.38683,-0.38683,-0.25932,0.22521,0.35272,0.19971,0.072198,-0.004307,-0.48884,0.32721,0.60773,0.45472,0.0977,0.19971,-0.004307,0.1487,-0.05531,0.53123,0.40372,-0.10631,-0.20832,0.021195,-0.18282,1.1433,0.50573,0.1232,-0.28482,-0.48884,-0.18282,0.45472,0.0977,0.1232,0.046696,0.30171,0.37822,0.37822,0.30171,0.76074,0.42922,-0.38683,-0.48884,-0.31033,-0.43783,-0.20832,0.1742,0.55673,0.91375,0.53123,0.53123,0.021195,-0.18282,0.1232,-0.029808,0.072198,0.021195,0.86275,0.55673,0.30171,-0.28482,0.0977,0.30171,0.072198,-0.97337,-0.004307,-0.05531,-0.28482,0.68424,0.88825,0.73524,0.76074,0.50573,-0.31033,-0.97337,-0.48884,0.37822,0.1487,-0.20832,0.19971,0.68424,0.73524,0.73524,-0.20832,-0.20832,-0.18282,-0.05531,0.1232,0.53123,0.53123,0.22521,-0.18282,-0.13181,-0.46334,-0.004307,0.65874,-0.38683,0.32721,0.48022,0.53123,-0.15732,-0.25932,-0.20832,0.50573,0.40372,0.0977,-0.080812,0.25071,0.27621,1.2453,0.046696,-0.10631,0.65874,-0.029808,-0.61635,-0.69285,-0.87136,-0.64185,1.4748,1.5513,0.1742,-0.28482,-0.004307,0.1487,0.021195,0.78624,1.1178,-0.23382,-1.3814,-0.89686,-0.18282,0.55673,0.70974,0.32721,0.96476,0.30171,0.37822,0.072198,-0.64185,-0.25932,-0.20832,1.7808,0.48022,0.32721,-0.25932,-0.53984,-0.82036,-0.51434,-0.10631,0.78624,0.48022,-3.4215,3.6934,1.4748,-0.89686,-0.61635,0.45472,0.42922,-0.15732,-0.28482,-0.33583,0.40372,0.93925,1.2453,0.50573,-1.5089,0.32721,-0.43783,0.0977,1.5003,0.68424,-0.004307,-0.05531,-0.66735,-0.28482,0.1742,0.37822,-0.38683,-0.89686,-0.43783,0.55673,1.2963,1.2963,1.1943,0.55673,0.53123,-0.25932,-1.2029,-2.58,1.3218,1.4238,0.35272,-0.004307,-0.43783,0.99026,0.50573,-0.25932,-0.36133,-0.05531,0.42922,1.2198,0.76074,0.1487,-0.76936,-0.51434,0.30171,1.3218,-0.10631,-0.029808,-0.38683,-0.38683,0.046696,1.9848,0.81175,-0.43783,-0.51434,0.1232,-0.20832,-0.48884,-1.0754,0.55673,0.53123,0.53123,0.32721,0.68424,1.1433,-0.080812,0.42922,1.2708,0.072198,-0.18282,-1.0754,-0.99887,-0.15732,0.73524,0.42922,0.32721,0.35272,0.40372,-0.080812,-0.28482,0.021195,0.40372,0.27621,0.37822,1.0668,0.88825,-1.0754,0.55673,-0.61635,-1.4069,-0.15732,0.63323,1.3983,0.81175,-0.080812,-0.080812,-0.25932,-0.43783,-0.33583,0.40372,0.48022,0.65874,0.35272,0.50573,0.42922,-0.15732,-0.20832,0.37822,0.40372,0.53123,-0.18282,-0.05531,0.021195,0.32721,-0.25932,-0.029808,-0.18282,0.046696,-0.18282,-0.05531,-0.33583,1.1433,2.1123,0.70974,-0.029808,0.1487,0.0977,-0.89686,-1.9679,0.60773,0.25071,1.4493,0.93925,0.93925,-0.38683,-0.79486,-0.56534,-0.15732,-0.25932,-0.080812,0.42922,1.3728,0.48022,0.046696,0.1742,1.0158,-0.43783,-1.0244,-0.92237,-0.10631,0.63323,0.86275,0.32721,0.25071,0.1487,0.27621,0.50573,0.50573,-0.87136,0.68424,0.30171,-0.080812,0.40372,0.30171,0.48022,-0.18282,-0.69285,-0.92237,-0.84586,0.55673,1.5258,0.78624,0.046696,-0.029808,0.30171,0.32721,0.22521,-0.48884,0.0977,0.40372,0.60773,0.19971,0.42922,0.19971,0.25071,-0.10631,-0.13181,-0.89686,-0.23382,-0.13181,0.0977,0.42922,1.1688,0.83725,0.40372,0.0977,0.60773,0.25071,-0.38683,-1.4579,0.30171,0.35272,0.68424,0.1742,0.30171,0.021195,-0.004307,0.73524,0.32721,-0.25932,0.072198,0.35272,0.22521,0.42922,-0.20832,-0.69285,-0.48884,0.42922,0.65874,0.42922,0.40372,0.45472,0.70974,0.32721,-0.48884,-0.13181,0.30171,0.25071,0.1742,0.22521,0.25071,-0.10631,-0.46334,-0.41233,-0.31033,0.1232,0.22521,0.1742,0.40372,0.50573,0.70974,0.83725,1.1943,-0.10631,-0.05531,-0.18282,0.60773,-0.51434,-0.69285,-0.74385,-0.66735,0.48022,1.2198,-0.20832,1.3728,0.65874,0.072198,-0.28482,-0.23382,-0.15732,0.40372,-0.13181,-0.59084,-0.18282,0.27621,0.73524,0.40372,0.0977,0.53123,0.50573,0.42922,0.27621,-0.59084,-0.05531,0.70974,-0.31033,-0.97337,-0.69285,0.19971,1.2453,0.58223,0.22521,0.0977,0.021195,-0.23382,-0.05531,0.73524,0.42922,0.40372,0.60773,0.73524,0.37822,-0.23382,-1.4324,-0.69285,-0.56534,0.55673,0.42922,-0.18282,0.25071,0.93925,0.93925,0.83725,0.1742,-0.94787,-0.23382,-0.38683,1.5258,0.68424,-0.31033,-0.76936,-0.51434,-0.05531,0.0977,0.63323,0.99026,0.93925,0.1232,-0.38683,-0.61635,-0.43783,-0.029808,0.63323,-0.080812,0.99026,0.93925,0.50573,0.0977,-0.31033,-0.69285,-1.7894,-0.25932,2.6989,0.30171,-0.56534,-0.64185,-0.13181,0.68424,0.81175,1.0413,-0.05531,-0.28482,-0.31033,0.25071,-0.080812,-0.89686,-0.05531,1.0413,1.3473,0.58223,0.78624,-0.53984,-3.141,1.9848,1.0158,-0.48884,0.32721,0.19971,0.70974,-0.36133,-0.080812,-0.92237,-1.5599,0.78624,1.3218,0.48022,-0.36133,0.88825,0.45472,0.1742,0.072198,0.63323,-0.029808,-0.029808,0.046696,0.58223,0.83725,-0.23382,-0.56534,-0.28482,0.32721,0.70974,0.22521,0.58223,0.1232,-0.56534,-0.56534,-0.59084,-0.25932,-0.10631,0.40372,0.81175,0.76074,0.60773,0.86275,0.99026,0.50573,-1.1264,0.1742,0.40372,-0.38683,-0.53984,-0.029808,0.1742,1.0923,0.22521,-0.004307,0.0977,-0.71835,0.1232,0.60773,0.73524,-0.36133,-0.87136,0.53123,0.73524,0.22521,0.27621,0.32721,-0.59084,0.70974,0.37822,0.046696,0.42922,-0.28482,-0.13181,-0.53984,-0.38683,0.37822,1.2963,0.40372,-0.18282,0.072198,-0.10631,-0.36133,-0.05531,0.22521,0.78624,0.42922,0.63323,0.25071,-0.004307,-0.10631,-0.33583,-0.31033,0.19971,0.76074,0.021195,-0.46334,-0.20832,0.50573,0.53123,0.35272,0.1232,-0.080812,0.1742,0.072198,0.1742,0.25071,-0.33583,-0.20832,-0.48884,2.6224,0.83725,-0.66735,-0.92237,-0.66735,-0.18282,-0.13181,0.19971,0.45472,0.68424,1.0158,0.25071,0.65874,-0.43783,-0.66735,-0.10631,0.70974,0.046696,-0.18282,0.40372,-0.33583,0.76074,0.53123,0.1742,-0.20832,-0.25932,-0.10631,0.32721,0.1742,-0.18282,0.45472,0.42922,0.30171,0.046696,-0.25932,0.1742,0.70974,0.50573,-0.79486,-0.28482,-0.43783,-0.05531,0.60773,0.93925,0.70974,0.19971,0.1742,-0.38683,-1.0754,0.32721,0.021195,0.70974,0.37822,0.021195,0.25071,0.42922,0.1232,0.42922,-0.76936,0.78624,0.70974,-0.33583,-0.13181,0.27621,0.021195,-0.87136,0.48022,0.32721,0.021195,0.37822,0.55673,0.78624,-0.05531,-0.28482,-0.38683,-0.28482,1.0158,0.072198,0.1487,0.48022,0.27621,-0.13181,0.021195,-0.029808,-0.41233,-0.18282,0.32721,0.58223,1.0668,0.25071,-0.080812,0.072198,0.48022,0.53123,-0.94787,-0.28482,-0.61635,0.53123,0.35272,0.1232,0.88825,0.53123,0.27621,-0.004307,-0.10631,-0.33583,-0.13181,0.1232,0.27621,0.1742,0.37822,0.40372,0.81175,-0.080812,0.27621,-0.23382,-0.51434,-0.53984,0.53123,0.50573,0.48022,1.0923,0.48022,-0.23382,-0.46334,-0.79486,-0.43783,-0.080812,0.45472,0.86275,0.88825,0.50573,-0.13181,-0.15732,1.1688,0.35272,-0.41233,-0.36133,-0.31033,0.27621,0.25071,0.0977,0.35272,0.30171,0.1487,0.30171,0.19971,0.37822,0.0977,-0.20832,-0.029808,0.25071,0.27621,0.072198,-0.51434,0.91375,0.1487,-0.38683,-0.48884,0.1487,1.1433,0.76074,0.35272,-0.05531,0.25071,0.021195,0.046696,-0.64185,-0.87136,0.0977,0.0977,0.73524,0.48022,0.53123,0.37822,0.27621,0.30171,0.1487,-0.10631,-0.20832,0.22521,0.30171,0.37822,-0.25932,-0.15732,-0.38683,0.50573,0.70974,0.55673,0.60773,0.1232,-0.080812,-0.10631,-0.41233,-0.41233,-0.28482,-0.23382,0.60773,0.78624,1.1688,0.19971,-0.64185,0.27621,0.046696,-0.25932,-0.029808,-0.029808,0.76074,-0.10631,0.40372,0.35272,-0.36133,-0.33583,-0.13181,0.42922,-0.05531,-0.029808,0.37822,0.50573,0.45472,0.32721,0.25071,-0.28482,-0.10631,0.1487,0.60773,0.22521,-0.10631,0.60773,-0.20832,-0.43783,-0.33583,-0.029808,0.25071,0.50573,0.48022,0.072198,0.27621,0.35272,0.83725,-0.004307,0.63323,-0.38683,-0.43783,-0.56534,-0.080812,0.19971,0.35272,0.42922,0.53123,0.63323,0.22521,-0.28482,-0.41233,-0.33583,0.27621,0.53123,0.88825,0.1232,-0.36133,0.0977,0.021195,-0.28482,-0.15732,0.86275,1.4748,0.30171,-0.18282,-0.48884,-0.43783,0.046696,0.30171,0.19971,0.30171,0.25071,0.27621,0.32721,0.1742,0.072198,0.60773,0.37822,-0.18282,-0.05531,0.25071,-0.18282,-0.004307,-0.69285,-0.10631,1.2453,0.83725,0.40372,0.0977,0.30171,-0.23382,-0.94787,-0.25932,0.32721,0.30171,-0.10631,0.32721,0.76074,0.91375,0.046696,-0.53984,0.42922,0.65874,0.0977,-0.004307,-0.23382,-0.10631,0.27621,-0.18282,0.35272,0.40372,0.32721,0.55673,0.1232,-0.080812,-0.36133,-0.23382,0.19971,0.88825,0.50573,0.37822,-0.28482,-0.61635,-0.56534,0.27621,0.68424,1.0923,0.35272,-0.15732,-0.79486,0.1742,0.1487,-0.20832,0.32721,0.96476,0.93925,0.42922,-0.64185,-0.33583,-0.69285,-0.28482,0.25071,0.27621,1.0923,0.53123,-0.28482,1.1688,0.99026,-0.13181,-0.61635,-0.64185,-0.36133,-0.61635,0.19971,0.42922,0.30171,1.2708,0.021195,-0.41233,0.0977,0.27621,0.42922,0.27621,-0.004307,0.19971,-0.029808,0.021195,-0.080812,-0.080812,0.0977,0.27621,0.1232,0.1742,0.35272,0.42922,0.25071,0.19971,0.072198,0.19971,0.1742,-0.23382,-0.25932,-0.20832,-0.004307,0.63323,0.81175,0.22521,0.046696,0.40372,0.19971,-0.31033,-0.31033,0.072198,0.30171,0.072198,0.072198,-0.004307,0.73524,0.22521,0.37822,0.25071,-0.13181,0.046696,0.1742,0.0977,0.27621,0.35272,-0.28482,-0.41233,-0.20832,0.19971,0.37822,0.25071,0.021195,0.27621,0.0977,-0.080812,0.0977,0.65874,0.45472,-0.10631,0.072198,-0.029808,0.072198,0.55673,0.63323,0.37822,0.30171,-0.080812,-0.38683,-0.31033,-0.18282,-0.029808,-0.05531,0.021195,0.35272,0.65874,0.48022,0.42922,0.37822,0.046696,0.88825,-0.18282,-0.25932,-0.13181,-0.20832,0.072198
0.1742,0.1487,0.0977,0.021195,0.072198,0.072198,0.1232,0.19971,0.1742,0.1742,0.1742,0.19971,0.1487,0.1487,0.19971,0.1742,0.25071,0.27621,0.22521,0.25071,0.22521,0.1487,0.1742,0.1742,0.0977,0.0977,0.25071,0.32721,0.1487,0.19971,0.1232,0.1232,0.046696,0.021195,-0.004307,0.021195,0.1232,0.22521,0.22521,0.19971,0.25071,0.1742,0.1487,0.1487,0.072198,0.021195,0.1742,0.19971,0.25071,0.27621,0.19971,0.046696,0.021195,0.1232,0.0977,0.0977,0.1232,0.1742,0.30171,0.19971,0.22521,0.021195,0.1232,0.1487,0.072198,0.0977,0.1232,0.22521,0.22521,0.1742,0.1487,0.1742,0.1487,0.1232,0.0977,0.1487,0.19971,0.27621,0.19971,0.19971,0.1232,0.1487,0.0977,0.1487,0.0977,0.1742,0.0977,0.1742,0.22521,0.1232,0.1742,0.0977,0.1487,0.1487,0.1232,0.1232,0.1232,0.1232,0.19971,0.25071,0.1742,0.1232,0.046696,-0.004307,0.021195,0.0977,0.19971,0.22521,0.19971,0.22521,0.1742,0.0977,0.1487,0.0977,0.021195,0.072198,0.0977,0.22521,0.22521,0.19971,0.19971,0.1232,0.1487,0.1232,0.0977,0.1232,0.0977,0.1487,0.19971,0.25071,0.22521,0.0977,0.072198,0.021195,0.072198,0.0977,0.22521,0.30171,0.25071,0.25071,0.1742,-0.004307,0.046696,0.1232,0.19971,0.1487,0.22521,0.046696,0.0977,0.0977,0.046696,0.1232,0.0977,0.1487,0.1487,0.1232,0.22521,0.1742,0.072198,0.0977,-0.004307,0.1232,-0.029808,0.021195,0.0977,0.19971,0.22521,0.1232,0.25071,0.25071,0.30171,0.072198,0.021195,-0.029808,-0.004307,0.30171,0.1742,0.27621,0.1487,0.25071,-0.18282,-0.05531,0.021195,0.021195,0.1487,0.53123,0.45472,0.37822,-0.080812,-0.004307,0.25071,0.1487,0.1232,0.32721,-0.20832,0.22521,-0.13181,0.55673,0.32721,-0.13181,0.37822,0.072198,-0.029808,0.70974,0.1232,0.1487,-0.13181,0.42922,1.1178,-2.733,0.88825,0.70974,0.021195,-0.080812,-0.84586,0.60773,0.32721,0.93925,-1.6109,1.0413,-2.0954,3.4384,4.2545,0.70974,-2.7075,-3.039,2.2398,1.9338,-2.2229,-1.3559,-0.76936,-4.4161,9.9158,8.9723,-1.6874,-5.1556,-3.549,2.5459,1.3473,-2.733,0.65874,0.021195,-0.080812,0.021195,1.5003,1.2708,-2.784,1.1178,2.9794,1.2453,0.046696,-2.937,3.6424,3.6424,-2.58,-2.4525,-2.733,-1.6619,-0.89686,-0.41233,1.4493,2.0613,0.37822,1.7553,0.1232,0.1487,3.2599,0.1487,-0.31033,-0.56534,1.7808,-0.66735,-1.2284,-1.3814,0.1232,0.35272,-0.28482,-0.61635,0.27621,1.6533,0.83725,-0.66735,-0.74385,-0.080812,-2.478,3.5914,1.8573,0.1232,0.1742,0.58223,-0.029808,-0.64185,-1.1009,-0.48884,-0.31033,-0.10631,0.1742,0.37822,0.78624,0.63323,0.70974,0.40372,0.1742,-0.23382,-0.28482,-0.05531,0.072198,0.68424,-0.23382,-0.38683,0.35272,0.35272,-0.13181,-0.41233,-0.28482,0.30171,1.1688,0.88825,0.1742,0.046696,-0.23382,-0.33583,0.021195,-0.23382,-0.23382,-0.004307,0.40372,0.70974,0.45472,0.99026,0.70974,-0.28482,-0.33583,-0.23382,-0.28482,-0.18282,-0.23382,0.1742,0.50573,0.48022,0.63323,0.27621,0.42922,-0.10631,-0.61635,-0.41233,0.37822,0.55673,0.1232,0.021195,0.1742,0.35272,-0.080812,-0.05531,0.19971,0.072198,-0.23382,0.072198,0.45472,0.68424,0.35272,0.55673,-0.080812,0.1232,-0.004307,-0.28482,-0.15732,0.42922,0.22521,0.50573,0.25071,0.30171,-0.080812,-0.004307,-0.23382,-0.23382,0.0977,0.25071,0.42922,0.48022,0.27621,-0.05531,0.1742,0.22521,0.1487,-0.080812,-0.13181,0.021195,0.021195,0.32721,0.27621,0.25071,-0.004307,0.48022,0.55673,0.27621,-0.25932,-0.029808,0.046696,-0.18282,0.35272,0.1487,0.072198,0.021195,-0.004307,0.22521,0.25071,0.0977,0.55673,0.73524,0.73524,-0.05531,-0.28482,0.072198,0.046696,-0.080812,-0.004307,0.35272,0.021195,-0.18282,0.19971,0.1232,0.30171,0.42922,-0.13181,-0.20832,-0.18282,-0.029808,0.021195,0.37822,0.53123,0.73524,0.35272,-0.18282,-0.18282,0.021195,0.1742,0.45472,0.19971,0.046696,-0.10631,0.1487,0.53123,0.1742,0.19971,-0.23382,0.32721,0.1742,0.1487,0.48022,0.1487,0.072198,0.021195,0.021195,0.1232,-0.080812,0.072198,0.021195,0.1232,0.70974,0.35272,0.25071,0.072198,0.30171,0.072198,-0.20832,0.1487,0.35272,0.046696,-0.20832,0.27621,0.25071,0.30171,0.1487,-0.10631,-0.20832,0.072198,0.0977,0.32721,0.63323,0.30171,-0.33583,0.021195,0.42922,0.35272,0.021195,-0.15732,0.072198,0.22521,0.40372,0.1487,-0.18282,-0.080812,0.1232,0.27621,0.22521,0.0977,0.27621,0.1487,0.22521,0.32721,0.19971,-0.33583,0.072198,-0.13181,0.021195,0.27621,0.48022,0.22521,-0.18282,-0.38683,-0.18282,-0.05531,-0.20832,0.48022,0.73524,0.88825,0.021195,0.021195,0.1742,-0.004307,0.072198,-0.13181,0.32721,0.021195,0.25071,0.83725,0.68424,-0.23382,-0.43783,-0.20832,0.22521,-0.004307,-0.029808,-0.029808,0.53123,0.55673,0.42922,0.072198,-0.13181,-0.029808,0.30171,-0.25932,-0.029808,-0.004307,0.48022,0.63323,0.40372,0.1487,0.22521,-0.15732,0.22521,-0.05531,-0.029808,-0.05531,-0.13181,0.30171,0.27621,0.046696,0.021195,0.22521,0.19971,0.072198,0.1487,0.1232,-0.10631,0.1232,0.1232,0.58223,0.32721,0.0977,0.1232,0.046696,0.32721,0.046696,-0.36133,-0.31033,0.22521,0.63323,0.072198,0.072198,0.25071,0.40372,0.22521,0.1487,-0.46334,-0.23382,0.50573,0.45472,-0.029808,0.1742,0.1232,0.0977,0.22521,0.78624,0.1742,-0.23382,-0.20832,-0.10631,0.19971,0.32721,0.021195,0.1742,0.48022,0.58223,0.1232,0.021195,0.0977,-0.080812,-0.004307,-0.23382,0.25071,0.0977,0.22521,0.021195,-0.05531,0.1232,0.25071,0.35272,0.1742,0.37822,0.55673,0.68424,0.021195,-0.13181,-0.13181,-0.004307,0.072198,-0.029808,-0.029808,-0.05531,0.32721,0.35272,0.65874,0.072198,-0.10631,-0.31033,-0.13181,0.1232,0.32721,0.48022,0.1232,0.30171,0.32721,0.30171,0.021195,0.072198,-0.10631,0.40372,0.19971,-0.029808,-0.10631,-0.004307,0.1742,0.072198,-0.080812,-0.004307,0.32721,0.35272,0.60773,0.55673,0.021195,0.046696,0.19971,-0.029808,0.021195,0.1232,0.1232,0.021195,0.19971,0.1742,-0.20832,0.42922,0.046696,0.45472,-0.004307,0.1232,0.50573,0.072198,0.45472,-0.31033,0.1232,0.27621,0.072198,-0.004307,0.021195,0.1742,0.1742,0.50573,0.48022,0.22521,-0.080812,-0.20832,0.19971,0.0977,-0.004307,-0.080812,0.30171,0.072198,0.046696,0.27621,0.37822,0.30171,0.1232,0.046696,0.37822,0.19971,-0.13181,-0.15732,0.021195,0.27621,-0.029808,0.60773,0.42922,0.60773,0.021195,-0.13181,-0.13181,0.19971,0.1232,0.072198,0.046696,-0.080812,0.1742,0.27621,0.37822,0.27621,0.63323,-0.18282,-0.080812,-0.029808,0.19971,0.42922,0.22521,-0.20832,-0.20832,0.046696,0.68424,0.65874,0.40372,0.1487,-0.15732,-0.33583,-0.28482,-0.080812,-0.05531,0.25071,0.50573,0.45472,0.35272,0.1742,0.046696,-0.05531,0.0977,0.30171,0.42922,0.27621,0.046696,0.021195,-0.15732,0.021195,0.32721,0.22521,0.1232,0.32721,0.48022,0.22521,0.072198,-0.46334,0.27621,0.50573,0.35272,-0.05531,0.48022,0.021195,-0.13181,-0.004307,0.32721,0.22521,0.32721,0.1232,0.22521,0.1232,0.25071,-0.080812,0.1232,0.35272,0.45472,-0.23382,-0.20832,0.072198,0.1232,-0.18282,0.22521,0.37822,0.1232,0.22521,0.37822,0.25071,0.0977,0.32721,-0.029808,0.22521,0.22521,-0.080812,0.046696,0.25071,0.1742,0.1487,0.19971,0.48022,0.22521,-0.23382,-0.18282,-0.31033,-0.004307,0.81175,0.60773,0.021195,0.046696,-0.05531,0.22521,0.046696,0.25071,0.072198,0.1487,0.072198,0.1232,0.27621,0.1742,-0.05531,-0.05531,0.40372,0.046696,0.32721,0.1487,0.27621,0.1232,0.072198,0.22521,0.25071,-0.15732,-0.18282,0.27621,0.35272,0.1742,-0.10631,0.1487,0.22521,0.1232,0.40372,0.73524,0.19971,-0.18282,0.021195,-0.080812,0.50573,0.30171,0.0977,-0.029808,-0.20832,-0.05531,0.072198,0.32721,0.25071,0.27621,0.1232,0.27621,0.30171,0.35272,0.1742,0.021195,-0.05531,0.046696,-0.080812,-0.004307,0.1232,0.1742,0.25071,0.42922,0.1487,0.32721,0.021195,0.1487,0.1742,-0.28482,-0.10631,0.32721,0.32721,0.45472,0.19971,0.021195,-0.080812,0.021195,0.48022,-0.25932,-0.13181,0.22521,0.1232,0.22521,0.45472,0.37822,-0.004307,-0.18282,0.021195,0.1232,0.50573,0.1232,-0.59084,0.55673,0.83725,0.48022,-0.41233,-0.51434,-0.13181,-0.10631,0.19971,0.37822,0.53123,0.32721,0.1232,0.1232,0.046696,0.19971,-0.05531,0.046696,0.1232,0.27621,0.0977,0.55673,0.25071,0.1742,0.19971,-0.13181,-0.080812,-0.080812,0.32721,0.35272,0.53123,0.19971,-0.18282,-0.10631,0.22521,0.42922,0.1232,-0.029808,0.30171,0.072198,0.0977,-0.10631,0.22521,0.48022,0.27621,0.1742,-0.004307,0.30171,0.1232,0.22521,-0.18282,0.046696,0.50573,0.046696,0.021195,-0.080812,-0.13181,-0.004307,0.30171,0.55673,0.30171,0.27621,0.73524,-0.05531,-0.080812,-0.080812,-0.53984,-0.13181,0.0977,0.68424,0.91375,-0.10631,-0.36133,0.046696,0.072198,0.072198,0.40372,0.73524,0.70974,0.046696,-0.23382,-0.15732,0.072198,0.27621,0.1232,0.0977,0.021195,0.1487,0.25071,0.1742,0.19971,0.1742,0.27621,0.25071,0.35272,0.072198,-0.05531,-0.05531,0.27621,-0.080812,0.0977,0.25071,0.1232,0.27621,0.25071,-0.029808,-0.38683,0.22521,0.53123,0.40372,0.021195,-0.004307,0.021195,0.072198,0.25071,-0.10631,-0.004307,0.0977,0.30171,0.27621,0.072198,-0.004307,0.63323,0.30171,-0.004307,0.072198,-0.23382,-0.25932,-0.080812,0.22521,0.40372,0.42922,0.22521,0.30171,0.1487,-0.13181,-0.029808,-0.080812,0.0977,0.37822,0.48022,-0.13181,-0.029808,0.50573,0.65874,0.30171,-0.15732,-0.004307,0.30171,0.19971,-0.15732,-0.004307,0.1232,0.30171,-0.029808,-0.05531,0.046696,0.48022,0.22521,0.55673,0.32721,-0.004307,-0.18282,-0.080812,-0.080812,0.072198,-0.080812,0.25071,0.50573,0.25071,0.0977,0.19971,0.37822,0.1232,0.32721,0.046696,0.021195,-0.13181,0.25071,0.072198,0.22521,-0.05531,0.37822,-0.23382,0.37822,0.19971,0.42922,0.046696,0.35272,0.1232,-0.18282,0.072198,-0.20832,-0.23382,0.046696,0.55673,0.60773,0.37822,-0.05531,0.1487,0.25071,0.32721,0.22521,0.072198,0.1232,-0.080812,0.046696,0.021195,-0.004307,0.1487,0.27621,0.30171,0.30171,0.48022,0.1487,-0.13181,0.45472,-0.10631,-0.080812,-0.15732,0.1487,0.58223,0.19971,0.0977,-0.004307,0.25071,-0.029808,0.27621,0.32721,0.1232,-0.004307,0.27621,0.25071,0.22521,0.25071,0.19971,-0.15732,-0.029808,0.072198,0.30171,0.22521,0.32721,0.19971,-0.18282,-0.13181,0.072198,0.0977,-0.13181,0.021195,0.48022,0.78624,0.50573,0.021195,-0.23382,-0.10631,0.0977,-0.05531,-0.004307,0.072198,0.27621,0.22521,0.30171,0.27621,0.37822,0.25071,-0.15732,0.0977,-0.18282,-0.10631,0.1232,0.65874,0.91375,-0.10631,-0.25932,-0.10631,-0.15732,-0.05531,0.0977,0.25071,0.42922,0.25071,0.046696,0.19971,0.1232,0.32721,0.1487,0.0977,-0.10631,0.1487,-0.080812,0.021195,0.27621,0.0977,0.42922,0.45472,0.22521,-0.15732,-0.28482,-0.05531,0.22521,0.27621,0.072198,0.30171,0.76074,0.70974,-0.13181,-0.48884,0.021195,0.27621,0.30171,0.19971,0.40372,-0.18282,-0.31033,-0.05531,0.0977,0.1232,0.50573,0.1232,0.22521,0.25071,0.48022,-0.05531,0.1487,0.45472,0.1232,-0.36133,-0.05531,0.046696,0.30171,0.22521,-0.05531,0.1742,0.1232,0.1232,0.25071,-0.10631,-0.18282,0.021195,0.68424,0.50573,0.35272,0.27621,-0.029808,-0.029808,-0.23382,-0.33583,-0.10631,0.25071,0.48022,0.32721,0.73524,0.32721,-0.33583,-0.25932,0.22521,0.19971,0.021195,0.021195,0.1232,0.27621,0.1232,0.1487,0.45472,0.32721,0.1232,-0.13181,-0.33583,-0.36133,0.45472,0.50573,0.91375,0.48022,0.1742,-0.080812,-0.20832,-0.28482,-0.13181,0.60773,0.1742,-0.10631,-0.05531,0.19971,0.1742,0.19971,0.22521,0.27621,0.32721,0.35272,0.32721,0.45472,-0.23382,-0.080812,-0.13181,0.021195,-0.28482,-0.18282,0.1487,0.30171,0.65874,0.60773,0.1232,-0.004307,0.27621,0.35272,-0.05531,-0.18282,-0.15732,-0.18282,0.35272,0.42922,0.32721,-0.10631,0.021195,0.30171,0.30171,-0.029808,-0.029808,0.021195,0.22521,0.25071,0.22521,0.35272,0.1232,-0.13181,0.1487,0.072198,0.1742,0.072198,0.072198,0.25071,0.32721,0.021195,0.021195,0.30171,-0.029808,-0.28482,-0.029808,0.32721,0.70974,0.19971,-0.004307,0.1232,0.0977,0.072198,0.19971,0.68424,0.58223,-0.38683,0.1232,-0.080812,0.046696,0.072198,-0.13181,-0.05531,0.30171,0.1232,0.1232,0.19971,0.35272,0.48022,0.1742,0.072198,-0.080812,0.42922,0.45472,-0.25932,-0.18282,-0.15732,0.22521,0.27621,0.27621,0.22521,0.1232,0.22521,-0.004307,-0.13181,0.021195,0.1487,0.42922,0.1232,0.30171,0.45472,0.22521,-0.029808,-0.05531,-0.05531,0.1232,0.1742,0.30171,0.1232,0.1742,0.32721,0.35272,0.1232,0.0977,-0.080812,0.021195,-0.080812,0.1742,0.50573,0.50573,0.1232,-0.05531,-0.05531,-0.029808,-0.20832,-0.080812,0.40372,0.53123,0.1487,-0.05531,-0.18282,0.072198,0.63323,1.1688,-0.31033,-0.56534,-0.18282,0.1232,0.1487,0.30171,0.35272,0.35272,0.072198,0.32721,0.046696,0.27621,0.072198,0.046696,0.30171,0.25071,0.32721,-0.05531,-0.43783,-0.28482,-0.004307,0.42922,0.1742,0.48022,0.42922,0.32721,-0.20832,-0.20832,0.40372,0.072198,-0.004307,0.1232,0.50573,-0.05531,-0.10631,0.072198,-0.05531,0.42922,0.53123,0.30171,-0.004307,0.27621,0.1232,-0.080812,-0.080812,0.0977,-0.18282,0.0977,0.37822,0.83725,-0.029808,-0.20832,-0.080812,0.021195,0.072198,0.35272,0.60773,0.42922,0.1487,0.0977,-0.15732,-0.05531,0.25071,0.1232,-0.004307,0.1487,0.22521,0.32721,0.42922,0.32721,-0.15732,-0.080812,-0.20832,-0.004307,0.40372,0.55673,0.1742,0.35272,0.55673,0.63323,-0.28482,-0.92237,-0.18282,0.48022,0.99026,0.22521,0.1742,-0.05531,-0.080812,0.1487,0.1487,0.0977,0.0977,0.53123,0.19971,0.1742,0.072198,0.1742,0.1232,0.046696,-0.029808,-0.029808,0.0977,0.30171,0.22521,0.22521,0.55673,1.1178,-0.23382,-0.31033,-0.13181,-0.31033,-0.23382,-0.13181,0.25071,0.0977,0.1742,0.45472,0.0977,0.021195,0.37822,0.1742,-0.004307,0.40372,0.48022,0.25071,-0.18282,-0.05531,0.35272,0.19971,0.021195,-0.15732,-0.029808,0.35272,0.0977,-0.13181,0.35272,0.42922,0.48022,0.0977,0.30171,0.072198,0.046696,-0.05531,0.1742,0.30171,0.25071,0.35272,0.27621,-0.004307,-0.28482,-0.080812,-0.20832,0.19971,0.70974,0.40372,0.1232,0.42922,0.1487,-0.080812,-0.23382,-0.20832,0.25071,0.45472,0.22521,0.046696,0.19971,0.50573,0.30171,0.35272,-0.10631,0.072198,-0.029808,0.021195,0.046696,-0.05531,0.22521,0.63323,0.53123,0.021195,-0.18282,-0.15732,0.58223,0.30171,0.021195,-0.13181,0.0977,0.0977,0.25071,0.22521,0.22521,0.021195,0.22521,-0.004307,0.32721,-0.029808,0.072198,0.1487,0.37822,0.27621,-0.029808,-0.28482,0.072198,0.32721,0.22521,0.1232,-0.004307,0.30171,0.55673,0.22521,-0.18282,-0.38683,0.046696,0.40372,0.50573,0.25071,0.1232,0.19971,0.32721,-0.10631,-0.10631,-0.33583,-0.20832,0.30171,0.40372,0.22521,0.40372,0.27621,0.58223,0.0977,-0.53984,-0.28482,0.48022,0.53123,0.1742,-0.029808,0.22521,0.27621,0.021195,0.1487,-0.029808,-0.004307,0.1487,0.19971,-0.10631,0.22521,0.63323,0.30171,0.25071,0.32721,-0.23382,-0.38683,0.1487,0.32721,-0.31033,-0.029808,0.27621,0.25071,0.32721,-0.029808,0.32721,0.60773,0.27621,-0.15732,0.1742,0.072198,0.1232,0.0977,0.046696,0.0977,0.19971,0.25071,-0.080812,0.1487,0.55673,0.30171,0.22521,-0.20832,-0.13181,0.046696,0.1487,-0.10631,0.22521,0.25071,0.40372,0.48022,0.42922,-0.05531,-0.15732,-0.029808,0.35272,0.68424,0.072198,-0.15732,-0.10631,-0.05531,0.19971,0.22521,0.072198,0.0977,-0.15732,0.021195,0.25071,0.19971,-0.029808,0.30171,0.1742,0.32721,0.70974,0.0977,-0.33583,-0.33583,0.37822,0.1742,0.021195,0.1232,-0.080812,-0.18282,0.30171,0.91375,0.37822,-0.25932,-0.15732,0.22521,0.072198,0.30171,0.58223,0.1742,-0.080812,0.046696,0.1487,0.25071,0.48022,-0.10631,0.1487,0.30171,0.1232,-0.05531,0.072198,-0.05531,-0.20832,-0.05531,0.37822,0.73524,0.68424,-0.029808,-0.10631,-0.080812,-0.05531,-0.004307,0.1487,0.021195,0.1232,-0.15732,0.021195,0.0977,0.27621,0.35272,0.42922,-0.05531,-0.080812,-0.029808,0.021195,0.021195,0.0977,0.40372,0.27621,0.046696,0.072198,-0.080812,-0.20832,0.22521,0.30171,0.22521,0.73524,0.37822,0.25071,-0.15732,-0.31033,-0.029808,0.021195,0.37822,-0.080812,-0.13181,0.22521,0.40372,0.27621,0.35272,0.35272,-0.10631,0.0977,-0.080812,0.021195,-0.029808,0.1742,0.27621,0.42922,0.072198,-0.20832,0.021195,0.1232,0.19971,0.32721,0.42922,0.50573,0.32721,-0.15732,-0.31033,-0.25932,-0.28482,0.1232,0.45472,0.63323,0.40372,-0.004307,-0.13181,0.072198,0.22521,0.60773,0.35272,0.0977,-0.43783,-0.18282,-0.080812,0.0977,0.32721,0.45472,0.37822,-0.05531,0.046696,0.42922,-0.20832,-0.080812,0.1487,0.19971,0.0977,0.0977,0.1742,0.1742,0.73524,-0.004307,-0.004307,0.072198,0.1232,0.1742,0.0977,0.046696,0.021195,-0.029808,0.37822,0.32721,0.19971,-0.18282,-0.029808,0.1232,0.37822,0.32721,0.22521,0.021195,0.1232,0.19971,-0.080812,0.1232,0.40372,0.19971,0.046696,0.1232,0.30171,-0.080812,-0.080812,-0.004307,0.1742,0.25071,0.1487,0.19971,0.70974,0.072198,0.046696,-0.004307,-0.05531,0.1487,0.1487,0.30171,0.45472,0.1232,0.1487,0.0977,0.48022,0.25071,0.046696,0.072198,-0.05531,-0.15732,-0.05531,-0.004307,0.25071,0.32721,0.42922,-0.15732,-0.080812,0.046696,0.32721,0.046696,0.072198,0.021195,0.58223,0.40372,0.19971,-0.20832,-0.25932,0.45472,0.072198,-0.080812,-0.004307,0.0977,0.072198,0.1487,0.27621,0.32721,0.32721,-0.080812,0.046696,0.1232,-0.004307,0.35272,0.1232,-0.004307,0.27621,0.42922,0.40372,-0.10631,-0.31033,-0.080812,0.35272,0.45472,0.48022,0.1487,0.1232,0.1232,0.1232,-0.080812,0.046696,-0.28482,-0.029808,0.30171,0.32721,0.55673,0.1742,0.1742,-0.13181,-0.05531,0.22521,0.32721,0.32721,0.40372,0.0977,-0.20832,-0.20832,0.19971,-0.080812,-0.43783,-0.080812,0.22521,0.83725,0.22521,0.0977,0.1742,0.1487,-0.004307,-0.13181,0.072198,-0.029808,0.072198,-0.18282,0.0977,0.35272,0.53123,-0.029808,-0.080812,0.37822,0.35272,-0.28482,-0.18282,0.1487,0.1232,-0.23382,0.1232,0.55673,0.53123,0.35272,-0.18282,-0.28482,0.021195,0.37822,0.63323,0.1487,-0.10631,0.021195,0.32721,-0.029808,0.1742,0.1232,0.1742,0.021195,0.1232,0.1487,0.22521,0.37822,0.42922,0.22521,0.1232,-0.31033,-0.080812,-0.28482,0.19971,0.40372,0.50573,0.1487,0.32721,-0.13181,0.25071,0.0977,-0.20832,0.072198,0.1232,0.30171,0.072198,0.1487,0.1742,0.45472,0.32721,0.021195,0.22521,0.0977,-0.10631,0.0977,0.25071,0.48022,0.1742,0.0977,0.072198,-0.20832,-0.31033,0.0977,0.19971,0.42922,0.22521,0.1232,0.1487,0.53123,0.046696,-0.080812,-0.10631,-0.004307,-0.10631,-0.029808,0.40372,0.91375,0.30171,-0.004307,-0.080812,-0.029808,0.45472,-0.05531,0.1487,0.19971,0.072198,0.0977,0.1487,0.1487,0.48022,-0.15732,-0.33583,0.22521,0.60773,0.30171,0.25071,0.0977,0.072198,0.021195,-0.25932,0.27621,0.32721,0.99026,0.1232,-0.31033,0.0977,0.0977,-0.25932,-0.13181,0.072198,0.42922,0.22521,0.30171,0.37822,0.48022,0.25071,-0.18282,0.0977,-0.05531,-0.23382,-0.080812,0.37822,0.50573,0.53123,0.27621,0.37822,-0.25932,-0.10631,-0.10631,0.072198,0.1487,0.22521,0.63323,0.1487,0.19971,0.25071,0.021195,0.072198,0.021195,-0.004307,-0.029808,0.30171,0.0977,0.1487,0.45472,0.072198,0.19971,0.22521,-0.080812,-0.20832,-0.13181,0.072198,0.53123,0.1232,0.37822,0.42922,-0.05531,0.1487,0.0977,-0.080812,-0.080812,-0.029808,-0.080812,0.32721,0.35272,0.27621,-0.13181,0.021195,0.1487,0.25071,-0.18282,-0.99887,0.22521,0.91375,0.30171,0.1742,0.35272,0.27621,-0.029808,-0.05531,0.37822,0.25071,-0.080812,-0.25932,0.1742,-0.13181,-0.25932,0.40372,0.58223,0.046696,-0.28482,0.1487,0.30171,2.2398,0.99026,-0.69285,-0.38683,-0.38683,-0.61635,-0.10631,0.046696,-0.080812,-0.20832,0.42922,0.37822,0.55673,0.40372,0.45472,0.45472,0.072198,-0.25932,-0.31033,0.072198,0.55673,0.046696,0.021195,0.1742,-0.029808,0.072198,0.072198,0.1742,0.1487,0.19971,0.021195,0.1232,0.48022,0.27621,-0.10631,0.60773,0.021195,-0.10631,-0.10631,0.1742,0.1487,0.32721,0.1232,0.22521,0.072198,0.22521,-0.28482,0.96476,0.58223,0.1232,-0.33583,0.021195,0.30171,-0.004307,0.046696,0.072198,-0.080812,0.021195,-0.10631,0.1487,0.40372,0.55673,0.32721,0.30171,0.35272,-0.029808,0.0977,0.22521,0.1232,-0.31033,-0.029808,0.021195,0.19971,0.19971,0.1232,0.42922,0.1232,0.37822,0.1742,0.22521,-0.13181,-0.20832,0.22521,0.48022,0.072198,-0.46334,-0.05531,0.73524,0.58223,0.046696,0.0977,0.1487,0.1742,-0.20832,-0.28482,0.021195,0.73524,0.68424,0.072198,-0.23382,-0.13181,0.1232,0.22521,0.27621,0.37822,0.45472,-0.080812,-0.38683,-0.029808,0.072198,0.53123,0.53123,0.37822,0.27621,0.19971,-0.05531,-0.25932,-0.46334,-0.13181,0.27621,0.53123,0.1742,0.1232,0.021195,0.27621,0.0977,-0.10631,0.0977,0.1232,0.58223,0.35272,0.55673,0.19971,0.072198,-0.23382,0.046696,0.072198,-0.23382,-0.28482,-0.029808,0.30171,0.37822,0.42922,0.1232,-0.029808,0.0977,0.1232,0.22521,0.1232,0.32721,0.48022,0.19971,0.0977,0.021195,-0.029808,-0.23382,-0.13181,0.021195,0.65874,0.40372,0.1232,0.1487,0.021195,0.1232,-0.15732,-0.004307,0.046696,0.25071,0.25071,-0.10631,0.40372,0.1232,0.32721,0.25071,0.1742,0.1232,0.19971,-0.004307,-0.029808,0.1487,0.072198,0.42922,0.1742,-0.05531,-0.05531,-0.004307,0.1232,0.0977,0.40372,0.45472,0.0977,-0.029808,0.072198,0.021195,0.0977,-0.029808,0.32721,0.19971,0.32721,0.072198,0.1742,-0.080812,0.072198,0.1742,-0.15732,-0.004307,0.27621,0.32721,0.27621,-0.004307,-0.004307,0.30171,0.32721,0.046696,0.046696,-0.004307,0.25071,0.42922,0.25071,0.046696,-0.004307,0.19971,0.22521,0.22521,0.1742,0.1487,0.22521,-0.10631,-0.13181,0.27621,0.25071,0.021195,0.35272,0.22521,-0.18282,-0.15732,0.55673,0.22521,0.021195,0.021195,0.0977,0.30171,0.1232,-0.029808,0.27621,0.55673,0.1742,-0.004307,0.1742,0.30171,0.32721,-0.029808,-0.004307,0.32721,0.35272,0.27621,-0.004307,-0.20832,-0.13181,0.0977,0.1742,0.40372,0.48022,0.30171,0.0977,-0.15732,0.1487,0.35272,0.35272,0.53123,0.22521,-0.20832,-0.004307,-0.004307,0.021195,0.19971,0.50573,-0.029808,-0.029808,-0.080812,0.1232,0.32721,0.19971,0.48022,0.58223,0.65874,-0.029808,-0.080812,-0.23382,-0.004307,0.021195,0.072198,0.27621,-0.004307,0.1742,0.021195,0.1487,0.0977,0.40372,0.35272,0.37822,0.25071,0.35272,0.40372,0.046696,-0.59084,-0.20832,-0.029808,0.021195,0.0977,0.1742,0.25071,0.68424,0.96476,-0.18282,-0.20832,0.1232,0.32721,-0.20832,-0.13181,-0.080812,-0.029808,0.22521,0.48022,0.25071,0.25071,0.35272,0.0977,0.072198,0.22521,0.072198,-0.13181,0.19971,0.072198,0.48022,0.1742,-0.05531,-0.05531,0.046696,-0.05531,0.072198,0.1742,0.42922,0.50573,0.19971,-0.15732,0.0977,-0.05531,-0.13181,0.25071,0.1232,0.046696,0.42922,0.25071,-0.004307,0.021195,-0.13181,-0.15732,0.32721,1.0413,0.63323,0.072198,-0.20832,-0.13181,-0.004307,0.021195,-0.029808,-0.080812,0.19971,0.30171,0.25071,0.25071,0.1742,0.35272,0.22521,0.22521,-0.080812,-0.10631,0.021195,0.42922,0.1232,0.021195,0.1487,0.27621,-0.004307,-0.10631,-0.10631,0.48022,0.53123,0.021195,-0.029808,-0.10631,0.19971,0.27621,0.37822,0.42922,0.25071,0.072198,-0.20832,-0.05531,0.37822,0.30171,0.0977,-0.029808,0.0977,0.1742,0.1232,0.021195,-0.029808,0.072198,0.40372,0.27621,0.1487,0.27621,0.072198,-0.05531,0.1232,0.021195,-0.15732,0.1232,0.32721,0.19971,0.0977,-0.004307,0.072198,0.45472,0.42922,-0.029808,0.021195,0.1487,0.072198,0.1232,0.27621,0.48022,0.046696,-0.004307,0.22521,-0.029808,0.19971,0.021195,0.37822,0.42922,0.0977,-0.23382,-0.13181,-0.05531,-0.080812,0.021195,0.65874,0.70974,0.53123,-0.004307,0.046696,0.1742,0.1232,0.072198,0.021195,-0.13181,0.0977,0.1742,0.32721,0.1232,0.19971,0.30171,0.1232,-0.05531,0.1232,-0.10631,0.1487,0.48022,0.1232,0.072198,0.1232,0.48022,-0.05531,0.046696,0.1232,0.48022,-0.18282,0.021195,0.25071,0.37822,0.0977,0.1487,0.1487,0.1232,0.072198,-0.18282,-0.13181,0.22521,0.81175,0.42922,-0.004307,-0.05531,0.1487,0.22521,0.1742,-0.10631,-0.10631,-0.18282,0.42922,0.50573,0.25071,0.021195,0.072198,0.27621,-0.05531,-0.18282,0.0977,0.046696,0.42922,0.63323,1.0158,0.046696,-0.13181,-0.10631,0.0977,-0.25932,-0.18282,-0.18282,0.32721,0.37822,0.0977,0.48022,0.1742,0.30171,0.40372,0.42922,0.1487,-0.080812,-0.15732,-0.080812,0.30171,0.0977,-0.029808,0.1487,0.046696,0.27621,0.0977,0.48022,0.45472,0.19971,0.021195,-0.029808,-0.15732,0.0977,0.072198,0.55673,0.1232,0.22521,0.22521,-0.13181,-0.080812,-0.05531,0.22521,0.58223,0.27621,0.22521,0.072198,0.22521,-0.18282,0.1232,0.45472,0.22521,0.1742,0.072198,0.046696,-0.10631,0.046696,0.40372,0.021195,0.1487,0.30171,0.68424,0.072198,-0.080812,-0.23382,-0.05531,0.072198,0.32721,0.32721,0.021195,0.45472,0.76074,-0.029808,-0.33583,-0.25932,-0.080812,0.32721,0.1742,0.37822,0.32721,-0.10631,0.021195,0.021195,0.19971,0.37822,0.0977,0.046696,-0.18282,0.25071,0.48022,0.48022,0.37822,0.0977,0.021195,-0.18282,-0.28482,-0.13181,0.42922,0.58223,0.42922,0.072198,0.072198,-0.05531,-0.029808,0.1742,0.42922,0.42922,-0.13181,0.1232,0.021195,0.0977,0.19971,0.45472,0.42922,-0.15732,-0.05531,0.046696,0.021195,0.25071,0.40372,0.63323,0.55673,-0.25932,-0.48884,-0.05531,-0.080812,0.42922,0.40372,-0.004307,-0.05531,0.32721,0.37822,0.046696,-0.080812,0.1487,0.22521,0.22521,0.35272,0.55673,-0.05531,-0.31033,-0.080812,0.27621,0.37822,0.19971,0.1232,0.1742,-0.004307,0.046696,0.0977,0.27621,0.35272,0.40372,0.072198,0.072198,0.27621,-0.029808,-0.080812,-0.18282,-0.15732,0.50573,0.27621,0.55673,0.046696,-0.080812,0.072198,0.27621,0.27621,0.27621,0.22521,0.60773,0.40372,-0.15732,-0.20832,-0.15732,-0.25932,-0.004307,0.021195,0.32721,0.25071,0.45472,0.0977,0.42922,0.046696,-0.10631,-0.029808,0.1742,0.27621,0.40372,0.1487,-0.10631,0.1742,0.48022,0.22521,-0.004307,-0.029808,0.32721,-0.18282,0.30171,-0.13181,0.42922,0.37822,-0.05531,0.1232,-0.004307,0.1232,0.22521,0.22521,0.1487,0.1232,0.40372,0.27621,0.072198,0.1742,0.1487,-0.004307,-0.10631,-0.080812,0.1742,0.0977,0.021195,0.30171,0.53123,0.32721,-0.004307,-0.36133,-0.004307,0.1487,0.37822,0.19971,0.1487,0.32721,0.1487,0.072198,-0.05531,0.19971,-0.05531,-0.029808,0.55673,0.32721,0.1487,0.072198,0.1742,0.1232,-0.029808,-0.18282,-0.31033,0.42922,0.60773,0.53123,-0.05531,0.046696,0.046696,0.1232,0.046696,0.1487,0.32721,0.25071,0.072198,0.021195,0.25071,0.1232,0.1742,0.27621,0.45472,-0.23382,-0.10631,0.1487,0.58223,0.021195,0.30171,0.1742,0.1487,0.072198,0.1742,0.22521,0.072198,0.1232,0.1232,0.22521,0.25071,0.1487,0.25071,0.1487,0.32721,0.072198,0.072198,-0.18282,0.0977,0.0977
